1.000000 -0.500000 -0.500000 0 0
1.000000 -0.499000 -0.499000 1 0
1.000000 -0.498000 -0.498000 2 0
1.000000 -0.497000 -0.497000 3 0
1.000000 -0.496000 -0.496000 4 0
1.000000 -0.495000 -0.495000 5 0
1.000000 -0.494000 -0.494000 6 0
1.000000 -0.493000 -0.493000 7 0
1.000000 -0.492000 -0.492000 8 0
1.000000 -0.491000 -0.491000 9 0
1.000000 -0.490000 -0.490000 10 0
1.000000 -0.489000 -0.489000 11 0
1.000000 -0.488000 -0.488000 12 0
1.000000 -0.487000 -0.487000 13 0
1.000000 -0.486000 -0.486000 14 0
1.000000 -0.485000 -0.485000 15 0
1.000000 -0.484000 -0.484000 16 0
1.000000 -0.483000 -0.483000 17 0
1.000000 -0.482000 -0.482000 18 0
1.000000 -0.481000 -0.481000 19 0
1.000000 -0.480000 -0.480000 20 0
1.000000 -0.479000 -0.479000 21 0
1.000000 -0.478000 -0.478000 22 0
1.000000 -0.477000 -0.477000 23 0
1.000000 -0.476000 -0.476000 24 0
1.000000 -0.475000 -0.475000 25 0
1.000000 -0.474000 -0.474000 26 0
1.000000 -0.473000 -0.473000 27 0
1.000000 -0.472000 -0.472000 28 0
1.000000 -0.471000 -0.471000 29 0
1.000000 -0.470000 -0.470000 30 0
1.000000 -0.469000 -0.469000 31 0
1.000000 -0.468000 -0.468000 32 0
1.000000 -0.467000 -0.467000 33 0
1.000000 -0.466000 -0.466000 34 0
1.000000 -0.465000 -0.465000 35 0
1.000000 -0.464000 -0.464000 36 0
1.000000 -0.463000 -0.463000 37 0
1.000000 -0.462000 -0.462000 38 0
1.000000 -0.461000 -0.461000 39 0
1.000000 -0.460000 -0.460000 40 0
1.000000 -0.459000 -0.459000 41 0
1.000000 -0.458000 -0.458000 42 0
1.000000 -0.457000 -0.457000 43 0
1.000000 -0.456000 -0.456000 44 0
1.000000 -0.455000 -0.455000 45 0
1.000000 -0.454000 -0.454000 46 0
1.000000 -0.453000 -0.453000 47 0
1.000000 -0.452000 -0.452000 48 0
1.000000 -0.451000 -0.451000 49 0
1.000000 -0.450000 -0.450000 50 0
1.000000 -0.449000 -0.449000 51 0
1.000000 -0.448000 -0.448000 52 0
1.000000 -0.447000 -0.447000 53 0
1.000000 -0.446000 -0.446000 54 0
1.000000 -0.445000 -0.445000 55 0
1.000000 -0.444000 -0.444000 56 0
1.000000 -0.443000 -0.443000 57 0
1.000000 -0.442000 -0.442000 58 0
1.000000 -0.441000 -0.441000 59 0
1.000000 -0.440000 -0.440000 60 0
1.000000 -0.439000 -0.439000 61 0
1.000000 -0.438000 -0.438000 62 0
1.000000 -0.437000 -0.437000 63 0
1.000000 -0.436000 -0.436000 64 0
1.000000 -0.435000 -0.435000 65 0
1.000000 -0.434000 -0.434000 66 0
1.000000 -0.433000 -0.433000 67 0
1.000000 -0.432000 -0.432000 68 0
1.000000 -0.431000 -0.431000 69 0
1.000000 -0.430000 -0.430000 70 0
1.000000 -0.429000 -0.429000 71 0
1.000000 -0.428000 -0.428000 72 0
1.000000 -0.427000 -0.427000 73 0
1.000000 -0.426000 -0.426000 74 0
1.000000 -0.425000 -0.425000 75 0
1.000000 -0.424000 -0.424000 76 0
1.000000 -0.423000 -0.423000 77 0
1.000000 -0.422000 -0.422000 78 0
1.000000 -0.421000 -0.421000 79 0
1.000000 -0.420000 -0.420000 80 0
1.000000 -0.419000 -0.419000 81 0
1.000000 -0.418000 -0.418000 82 0
1.000000 -0.417000 -0.417000 83 0
1.000000 -0.416000 -0.416000 84 0
1.000000 -0.415000 -0.415000 85 0
1.000000 -0.414000 -0.414000 86 0
1.000000 -0.413000 -0.413000 87 0
1.000000 -0.412000 -0.412000 88 0
1.000000 -0.411000 -0.411000 89 0
1.000000 -0.410000 -0.410000 90 0
1.000000 -0.409000 -0.409000 91 0
1.000000 -0.408000 -0.408000 92 0
1.000000 -0.407000 -0.407000 93 0
1.000000 -0.406000 -0.406000 94 0
1.000000 -0.405000 -0.405000 95 0
1.000000 -0.404000 -0.404000 96 0
1.000000 -0.403000 -0.403000 97 0
1.000000 -0.402000 -0.402000 98 0
1.000000 -0.401000 -0.401000 99 0
1.000000 -0.400000 -0.400000 100 0
1.000000 -0.399000 -0.399000 101 0
1.000000 -0.398000 -0.398000 102 0
1.000000 -0.397000 -0.397000 103 0
1.000000 -0.396000 -0.396000 104 0
1.000000 -0.395000 -0.395000 105 0
1.000000 -0.394000 -0.394000 106 0
1.000000 -0.393000 -0.393000 107 0
1.000000 -0.392000 -0.392000 108 0
1.000000 -0.391000 -0.391000 109 0
1.000000 -0.390000 -0.390000 110 0
1.000000 -0.389000 -0.389000 111 0
1.000000 -0.388000 -0.388000 112 0
1.000000 -0.387000 -0.387000 113 0
1.000000 -0.386000 -0.386000 114 0
1.000000 -0.385000 -0.385000 115 0
1.000000 -0.384000 -0.384000 116 0
1.000000 -0.383000 -0.383000 117 0
1.000000 -0.382000 -0.382000 118 0
1.000000 -0.381000 -0.381000 119 0
1.000000 -0.380000 -0.380000 120 0
1.000000 -0.379000 -0.379000 121 0
1.000000 -0.378000 -0.378000 122 0
1.000000 -0.377000 -0.377000 123 0
1.000000 -0.376000 -0.376000 124 0
1.000000 -0.375000 -0.375000 125 0
1.000000 -0.374000 -0.374000 126 0
1.000000 -0.373000 -0.373000 127 0
1.000000 -0.372000 -0.372000 128 0
1.000000 -0.371000 -0.371000 129 0
1.000000 -0.370000 -0.370000 130 0
1.000000 -0.369000 -0.369000 131 0
1.000000 -0.368000 -0.368000 132 0
1.000000 -0.367000 -0.367000 133 0
1.000000 -0.366000 -0.366000 134 0
1.000000 -0.365000 -0.365000 135 0
1.000000 -0.364000 -0.364000 136 0
1.000000 -0.363000 -0.363000 137 0
1.000000 -0.362000 -0.362000 138 0
1.000000 -0.361000 -0.361000 139 0
1.000000 -0.360000 -0.360000 140 0
1.000000 -0.359000 -0.359000 141 0
1.000000 -0.358000 -0.358000 142 0
1.000000 -0.357000 -0.357000 143 0
1.000000 -0.356000 -0.356000 144 0
1.000000 -0.355000 -0.355000 145 0
1.000000 -0.354000 -0.354000 146 0
1.000000 -0.353000 -0.353000 147 0
1.000000 -0.352000 -0.352000 148 0
1.000000 -0.351000 -0.351000 149 0
1.000000 -0.350000 -0.350000 150 0
1.000000 -0.349000 -0.349000 151 0
1.000000 -0.348000 -0.348000 152 0
1.000000 -0.347000 -0.347000 153 0
1.000000 -0.346000 -0.346000 154 0
1.000000 -0.345000 -0.345000 155 0
1.000000 -0.344000 -0.344000 156 0
1.000000 -0.343000 -0.343000 157 0
1.000000 -0.342000 -0.342000 158 0
1.000000 -0.341000 -0.341000 159 0
1.000000 -0.340000 -0.340000 160 0
1.000000 -0.339000 -0.339000 161 0
1.000000 -0.338000 -0.338000 162 0
1.000000 -0.337000 -0.337000 163 0
1.000000 -0.336000 -0.336000 164 0
1.000000 -0.335000 -0.335000 165 0
1.000000 -0.334000 -0.334000 166 0
1.000000 -0.333000 -0.333000 167 0
1.000000 -0.332000 -0.332000 168 0
1.000000 -0.331000 -0.331000 169 0
1.000000 -0.330000 -0.330000 170 0
1.000000 -0.329000 -0.329000 171 0
1.000000 -0.328000 -0.328000 172 0
1.000000 -0.327000 -0.327000 173 0
1.000000 -0.326000 -0.326000 174 0
1.000000 -0.325000 -0.325000 175 0
1.000000 -0.324000 -0.324000 176 0
1.000000 -0.323000 -0.323000 177 0
1.000000 -0.322000 -0.322000 178 0
1.000000 -0.321000 -0.321000 179 0
1.000000 -0.320000 -0.320000 180 0
1.000000 -0.319000 -0.319000 181 0
1.000000 -0.318000 -0.318000 182 0
1.000000 -0.317000 -0.317000 183 0
1.000000 -0.316000 -0.316000 184 0
1.000000 -0.315000 -0.315000 185 0
1.000000 -0.314000 -0.314000 186 0
1.000000 -0.313000 -0.313000 187 0
1.000000 -0.312000 -0.312000 188 0
1.000000 -0.311000 -0.311000 189 0
1.000000 -0.310000 -0.310000 190 0
1.000000 -0.309000 -0.309000 191 0
1.000000 -0.308000 -0.308000 192 0
1.000000 -0.307000 -0.307000 193 0
1.000000 -0.306000 -0.306000 194 0
1.000000 -0.305000 -0.305000 195 0
1.000000 -0.304000 -0.304000 196 0
1.000000 -0.303000 -0.303000 197 0
1.000000 -0.302000 -0.302000 198 0
1.000000 -0.301000 -0.301000 199 0
1.000000 -0.300000 -0.300000 200 0
1.000000 -0.299000 -0.299000 201 0
1.000000 -0.298000 -0.298000 202 0
1.000000 -0.297000 -0.297000 203 0
1.000000 -0.296000 -0.296000 204 0
1.000000 -0.295000 -0.295000 205 0
1.000000 -0.294000 -0.294000 206 0
1.000000 -0.293000 -0.293000 207 0
1.000000 -0.292000 -0.292000 208 0
1.000000 -0.291000 -0.291000 209 0
1.000000 -0.290000 -0.290000 210 0
1.000000 -0.289000 -0.289000 211 0
1.000000 -0.288000 -0.288000 212 0
1.000000 -0.287000 -0.287000 213 0
1.000000 -0.286000 -0.286000 214 0
1.000000 -0.285000 -0.285000 215 0
1.000000 -0.284000 -0.284000 216 0
1.000000 -0.283000 -0.283000 217 0
1.000000 -0.282000 -0.282000 218 0
1.000000 -0.281000 -0.281000 219 0
1.000000 -0.280000 -0.280000 220 0
1.000000 -0.279000 -0.279000 221 0
1.000000 -0.278000 -0.278000 222 0
1.000000 -0.277000 -0.277000 223 0
1.000000 -0.276000 -0.276000 224 0
1.000000 -0.275000 -0.275000 225 0
1.000000 -0.274000 -0.274000 226 0
1.000000 -0.273000 -0.273000 227 0
1.000000 -0.272000 -0.272000 228 0
1.000000 -0.271000 -0.271000 229 0
1.000000 -0.270000 -0.270000 230 0
1.000000 -0.269000 -0.269000 231 0
1.000000 -0.268000 -0.268000 232 0
1.000000 -0.267000 -0.267000 233 0
1.000000 -0.266000 -0.266000 234 0
1.000000 -0.265000 -0.265000 235 0
1.000000 -0.264000 -0.264000 236 0
1.000000 -0.263000 -0.263000 237 0
1.000000 -0.262000 -0.262000 238 0
1.000000 -0.261000 -0.261000 239 0
1.000000 -0.260000 -0.260000 240 0
1.000000 -0.259000 -0.259000 241 0
1.000000 -0.258000 -0.258000 242 0
1.000000 -0.257000 -0.257000 243 0
1.000000 -0.256000 -0.256000 244 0
1.000000 -0.255000 -0.255000 245 0
1.000000 -0.254000 -0.254000 246 0
1.000000 -0.253000 -0.253000 247 0
1.000000 -0.252000 -0.252000 248 0
1.000000 -0.251000 -0.251000 249 0
1.000000 -0.250000 -0.250000 250 0
1.000000 -0.249000 -0.249000 251 0
1.000000 -0.248000 -0.248000 252 0
1.000000 -0.247000 -0.247000 253 0
1.000000 -0.246000 -0.246000 254 0
1.000000 -0.245000 -0.245000 255 0
1.000000 -0.244000 -0.244000 256 0
1.000000 -0.243000 -0.243000 257 0
1.000000 -0.242000 -0.242000 258 0
1.000000 -0.241000 -0.241000 259 0
1.000000 -0.240000 -0.240000 260 0
1.000000 -0.239000 -0.239000 261 0
1.000000 -0.238000 -0.238000 262 0
1.000000 -0.237000 -0.237000 263 0
1.000000 -0.236000 -0.236000 264 0
1.000000 -0.235000 -0.235000 265 0
1.000000 -0.234000 -0.234000 266 0
1.000000 -0.233000 -0.233000 267 0
1.000000 -0.232000 -0.232000 268 0
1.000000 -0.231000 -0.231000 269 0
1.000000 -0.230000 -0.230000 270 0
1.000000 -0.229000 -0.229000 271 0
1.000000 -0.228000 -0.228000 272 0
1.000000 -0.227000 -0.227000 273 0
1.000000 -0.226000 -0.226000 274 0
1.000000 -0.225000 -0.225000 275 0
1.000000 -0.224000 -0.224000 276 0
1.000000 -0.223000 -0.223000 277 0
1.000000 -0.222000 -0.222000 278 0
1.000000 -0.221000 -0.221000 279 0
1.000000 -0.220000 -0.220000 280 0
1.000000 -0.219000 -0.219000 281 0
1.000000 -0.218000 -0.218000 282 0
1.000000 -0.217000 -0.217000 283 0
1.000000 -0.216000 -0.216000 284 0
1.000000 -0.215000 -0.215000 285 0
1.000000 -0.214000 -0.214000 286 0
1.000000 -0.213000 -0.213000 287 0
1.000000 -0.212000 -0.212000 288 0
1.000000 -0.211000 -0.211000 289 0
1.000000 -0.210000 -0.210000 290 0
1.000000 -0.209000 -0.209000 291 0
1.000000 -0.208000 -0.208000 292 0
1.000000 -0.207000 -0.207000 293 0
1.000000 -0.206000 -0.206000 294 0
1.000000 -0.205000 -0.205000 295 0
1.000000 -0.204000 -0.204000 296 0
1.000000 -0.203000 -0.203000 297 0
1.000000 -0.202000 -0.202000 298 0
1.000000 -0.201000 -0.201000 299 0
1.000000 -0.200000 -0.200000 300 0
1.000000 -0.199000 -0.199000 301 0
1.000000 -0.198000 -0.198000 302 0
1.000000 -0.197000 -0.197000 303 0
1.000000 -0.196000 -0.196000 304 0
1.000000 -0.195000 -0.195000 305 0
1.000000 -0.194000 -0.194000 306 0
1.000000 -0.193000 -0.193000 307 0
1.000000 -0.192000 -0.192000 308 0
1.000000 -0.191000 -0.191000 309 0
1.000000 -0.190000 -0.190000 310 0
1.000000 -0.189000 -0.189000 311 0
1.000000 -0.188000 -0.188000 312 0
1.000000 -0.187000 -0.187000 313 0
1.000000 -0.186000 -0.186000 314 0
1.000000 -0.185000 -0.185000 315 0
1.000000 -0.184000 -0.184000 316 0
1.000000 -0.183000 -0.183000 317 0
1.000000 -0.182000 -0.182000 318 0
1.000000 -0.181000 -0.181000 319 0
1.000000 -0.180000 -0.180000 320 0
1.000000 -0.179000 -0.179000 321 0
1.000000 -0.178000 -0.178000 322 0
1.000000 -0.177000 -0.177000 323 0
1.000000 -0.176000 -0.176000 324 0
1.000000 -0.175000 -0.175000 325 0
1.000000 -0.174000 -0.174000 326 0
1.000000 -0.173000 -0.173000 327 0
1.000000 -0.172000 -0.172000 328 0
1.000000 -0.171000 -0.171000 329 0
1.000000 -0.170000 -0.170000 330 0
1.000000 -0.169000 -0.169000 331 0
1.000000 -0.168000 -0.168000 332 0
1.000000 -0.167000 -0.167000 333 0
1.000000 -0.166000 -0.166000 334 0
1.000000 -0.165000 -0.165000 335 0
1.000000 -0.164000 -0.164000 336 0
1.000000 -0.163000 -0.163000 337 0
1.000000 -0.162000 -0.162000 338 0
1.000000 -0.161000 -0.161000 339 0
1.000000 -0.160000 -0.160000 340 0
1.000000 -0.159000 -0.159000 341 0
1.000000 -0.158000 -0.158000 342 0
1.000000 -0.157000 -0.157000 343 0
1.000000 -0.156000 -0.156000 344 0
1.000000 -0.155000 -0.155000 345 0
1.000000 -0.154000 -0.154000 346 0
1.000000 -0.153000 -0.153000 347 0
1.000000 -0.152000 -0.152000 348 0
1.000000 -0.151000 -0.151000 349 0
1.000000 -0.150000 -0.150000 350 0
1.000000 -0.149000 -0.149000 351 0
1.000000 -0.148000 -0.148000 352 0
1.000000 -0.147000 -0.147000 353 0
1.000000 -0.146000 -0.146000 354 0
1.000000 -0.145000 -0.145000 355 0
1.000000 -0.144000 -0.144000 356 0
1.000000 -0.143000 -0.143000 357 0
1.000000 -0.142000 -0.142000 358 0
1.000000 -0.141000 -0.141000 359 0
1.000000 -0.140000 -0.140000 360 0
1.000000 -0.139000 -0.139000 361 0
1.000000 -0.138000 -0.138000 362 0
1.000000 -0.137000 -0.137000 363 0
1.000000 -0.136000 -0.136000 364 0
1.000000 -0.135000 -0.135000 365 0
1.000000 -0.134000 -0.134000 366 0
1.000000 -0.133000 -0.133000 367 0
1.000000 -0.132000 -0.132000 368 0
1.000000 -0.131000 -0.131000 369 0
1.000000 -0.130000 -0.130000 370 0
1.000000 -0.129000 -0.129000 371 0
1.000000 -0.128000 -0.128000 372 0
1.000000 -0.127000 -0.127000 373 0
1.000000 -0.126000 -0.126000 374 0
1.000000 -0.125000 -0.125000 375 0
1.000000 -0.124000 -0.124000 376 0
1.000000 -0.123000 -0.123000 377 0
1.000000 -0.122000 -0.122000 378 0
1.000000 -0.121000 -0.121000 379 0
1.000000 -0.120000 -0.120000 380 0
1.000000 -0.119000 -0.119000 381 0
1.000000 -0.118000 -0.118000 382 0
1.000000 -0.117000 -0.117000 383 0
1.000000 -0.116000 -0.116000 384 0
1.000000 -0.115000 -0.115000 385 0
1.000000 -0.114000 -0.114000 386 0
1.000000 -0.113000 -0.113000 387 0
1.000000 -0.112000 -0.112000 388 0
1.000000 -0.111000 -0.111000 389 0
1.000000 -0.110000 -0.110000 390 0
1.000000 -0.109000 -0.109000 391 0
1.000000 -0.108000 -0.108000 392 0
1.000000 -0.107000 -0.107000 393 0
1.000000 -0.106000 -0.106000 394 0
1.000000 -0.105000 -0.105000 395 0
1.000000 -0.104000 -0.104000 396 0
1.000000 -0.103000 -0.103000 397 0
1.000000 -0.102000 -0.102000 398 0
1.000000 -0.101000 -0.101000 399 0
1.000000 -0.100000 -0.100000 400 0
1.000000 -0.099000 -0.099000 401 0
1.000000 -0.098000 -0.098000 402 0
1.000000 -0.097000 -0.097000 403 0
1.000000 -0.096000 -0.096000 404 0
1.000000 -0.095000 -0.095000 405 0
1.000000 -0.094000 -0.094000 406 0
1.000000 -0.093000 -0.093000 407 0
1.000000 -0.092000 -0.092000 408 0
1.000000 -0.091000 -0.091000 409 0
1.000000 -0.090000 -0.090000 410 0
1.000000 -0.089000 -0.089000 411 0
1.000000 -0.088000 -0.088000 412 0
1.000000 -0.087000 -0.087000 413 0
1.000000 -0.086000 -0.086000 414 0
1.000000 -0.085000 -0.085000 415 0
1.000000 -0.084000 -0.084000 416 0
1.000000 -0.083000 -0.083000 417 0
1.000000 -0.082000 -0.082000 418 0
1.000000 -0.081000 -0.081000 419 0
1.000000 -0.080000 -0.080000 420 0
1.000000 -0.079000 -0.079000 421 0
1.000000 -0.078000 -0.078000 422 0
1.000000 -0.077000 -0.077000 423 0
1.000000 -0.076000 -0.076000 424 0
1.000000 -0.075000 -0.075000 425 0
1.000000 -0.074000 -0.074000 426 0
1.000000 -0.073000 -0.073000 427 0
1.000000 -0.072000 -0.072000 428 0
1.000000 -0.071000 -0.071000 429 0
1.000000 -0.070000 -0.070000 430 0
1.000000 -0.069000 -0.069000 431 0
1.000000 -0.068000 -0.068000 432 0
1.000000 -0.067000 -0.067000 433 0
1.000000 -0.066000 -0.066000 434 0
1.000000 -0.065000 -0.065000 435 0
1.000000 -0.064000 -0.064000 436 0
1.000000 -0.063000 -0.063000 437 0
1.000000 -0.062000 -0.062000 438 0
1.000000 -0.061000 -0.061000 439 0
1.000000 -0.060000 -0.060000 440 0
1.000000 -0.059000 -0.059000 441 0
1.000000 -0.058000 -0.058000 442 0
1.000000 -0.057000 -0.057000 443 0
1.000000 -0.056000 -0.056000 444 0
1.000000 -0.055000 -0.055000 445 0
1.000000 -0.054000 -0.054000 446 0
1.000000 -0.053000 -0.053000 447 0
1.000000 -0.052000 -0.052000 448 0
1.000000 -0.051000 -0.051000 449 0
1.000000 -0.050000 -0.050000 450 0
1.000000 -0.049000 -0.049000 451 0
1.000000 -0.048000 -0.048000 452 0
1.000000 -0.047000 -0.047000 453 0
1.000000 -0.046000 -0.046000 454 0
1.000000 -0.045000 -0.045000 455 0
1.000000 -0.044000 -0.044000 456 0
1.000000 -0.043000 -0.043000 457 0
1.000000 -0.042000 -0.042000 458 0
1.000000 -0.041000 -0.041000 459 0
1.000000 -0.040000 -0.040000 460 0
1.000000 -0.039000 -0.039000 461 0
1.000000 -0.038000 -0.038000 462 0
1.000000 -0.037000 -0.037000 463 0
1.000000 -0.036000 -0.036000 464 0
1.000000 -0.035000 -0.035000 465 0
1.000000 -0.034000 -0.034000 466 0
1.000000 -0.033000 -0.033000 467 0
1.000000 -0.032000 -0.032000 468 0
1.000000 -0.031000 -0.031000 469 0
1.000000 -0.030000 -0.030000 470 0
1.000000 -0.029000 -0.029000 471 0
1.000000 -0.028000 -0.028000 472 0
1.000000 -0.027000 -0.027000 473 0
1.000000 -0.026000 -0.026000 474 0
1.000000 -0.025000 -0.025000 475 0
1.000000 -0.024000 -0.024000 476 0
1.000000 -0.023000 -0.023000 477 0
1.000000 -0.022000 -0.022000 478 0
1.000000 -0.021000 -0.021000 479 0
1.000000 -0.020000 -0.020000 480 0
1.000000 -0.019000 -0.019000 481 0
1.000000 -0.018000 -0.018000 482 0
1.000000 -0.017000 -0.017000 483 0
1.000000 -0.016000 -0.016000 484 0
1.000000 -0.015000 -0.015000 485 0
1.000000 -0.014000 -0.014000 486 0
1.000000 -0.013000 -0.013000 487 0
1.000000 -0.012000 -0.012000 488 0
1.000000 -0.011000 -0.011000 489 0
1.000000 -0.010000 -0.010000 490 0
1.000000 -0.009000 -0.009000 491 0
1.000000 -0.008000 -0.008000 492 0
1.000000 -0.007000 -0.007000 493 0
1.000000 -0.006000 -0.006000 494 0
1.000000 -0.005000 -0.005000 495 0
1.000000 -0.004000 -0.004000 496 0
1.000000 -0.003000 -0.003000 497 0
1.000000 -0.002000 -0.002000 498 0
1.000000 -0.001000 -0.001000 499 0
1.000000 0.000000 0.000000 500 0
1.000000 0.001000 0.001000 501 0
1.000000 0.002000 0.002000 502 0
1.000000 0.003000 0.003000 503 0
1.000000 0.004000 0.004000 504 0
1.000000 0.005000 0.005000 505 0
1.000000 0.006000 0.006000 506 0
1.000000 0.007000 0.007000 507 0
1.000000 0.008000 0.008000 508 0
1.000000 0.009000 0.009000 509 0
1.000000 0.010000 0.010000 510 0
1.000000 0.011000 0.011000 511 0
1.000000 0.012000 0.012000 512 0
1.000000 0.013000 0.013000 513 0
1.000000 0.014000 0.014000 514 0
1.000000 0.015000 0.015000 515 0
1.000000 0.016000 0.016000 516 0
1.000000 0.017000 0.017000 517 0
1.000000 0.018000 0.018000 518 0
1.000000 0.019000 0.019000 519 0
1.000000 0.020000 0.020000 520 0
1.000000 0.021000 0.021000 521 0
1.000000 0.022000 0.022000 522 0
1.000000 0.023000 0.023000 523 0
1.000000 0.024000 0.024000 524 0
1.000000 0.025000 0.025000 525 0
1.000000 0.026000 0.026000 526 0
1.000000 0.027000 0.027000 527 0
1.000000 0.028000 0.028000 528 0
1.000000 0.029000 0.029000 529 0
1.000000 0.030000 0.030000 530 0
1.000000 0.031000 0.031000 531 0
1.000000 0.032000 0.032000 532 0
1.000000 0.033000 0.033000 533 0
1.000000 0.034000 0.034000 534 0
1.000000 0.035000 0.035000 535 0
1.000000 0.036000 0.036000 536 0
1.000000 0.037000 0.037000 537 0
1.000000 0.038000 0.038000 538 0
1.000000 0.039000 0.039000 539 0
1.000000 0.040000 0.040000 540 0
1.000000 0.041000 0.041000 541 0
1.000000 0.042000 0.042000 542 0
1.000000 0.043000 0.043000 543 0
1.000000 0.044000 0.044000 544 0
1.000000 0.045000 0.045000 545 0
1.000000 0.046000 0.046000 546 0
1.000000 0.047000 0.047000 547 0
1.000000 0.048000 0.048000 548 0
1.000000 0.049000 0.049000 549 0
1.000000 0.050000 0.050000 550 0
1.000000 0.051000 0.051000 551 0
1.000000 0.052000 0.052000 552 0
1.000000 0.053000 0.053000 553 0
1.000000 0.054000 0.054000 554 0
1.000000 0.055000 0.055000 555 0
1.000000 0.056000 0.056000 556 0
1.000000 0.057000 0.057000 557 0
1.000000 0.058000 0.058000 558 0
1.000000 0.059000 0.059000 559 0
1.000000 0.060000 0.060000 560 0
1.000000 0.061000 0.061000 561 0
1.000000 0.062000 0.062000 562 0
1.000000 0.063000 0.063000 563 0
1.000000 0.064000 0.064000 564 0
1.000000 0.065000 0.065000 565 0
1.000000 0.066000 0.066000 566 0
1.000000 0.067000 0.067000 567 0
1.000000 0.068000 0.068000 568 0
1.000000 0.069000 0.069000 569 0
1.000000 0.070000 0.070000 570 0
1.000000 0.071000 0.071000 571 0
1.000000 0.072000 0.072000 572 0
1.000000 0.073000 0.073000 573 0
1.000000 0.074000 0.074000 574 0
1.000000 0.075000 0.075000 575 0
1.000000 0.076000 0.076000 576 0
1.000000 0.077000 0.077000 577 0
1.000000 0.078000 0.078000 578 0
1.000000 0.079000 0.079000 579 0
1.000000 0.080000 0.080000 580 0
1.000000 0.081000 0.081000 581 0
1.000000 0.082000 0.082000 582 0
1.000000 0.083000 0.083000 583 0
1.000000 0.084000 0.084000 584 0
1.000000 0.085000 0.085000 585 0
1.000000 0.086000 0.086000 586 0
1.000000 0.087000 0.087000 587 0
1.000000 0.088000 0.088000 588 0
1.000000 0.089000 0.089000 589 0
1.000000 0.090000 0.090000 590 0
1.000000 0.091000 0.091000 591 0
1.000000 0.092000 0.092000 592 0
1.000000 0.093000 0.093000 593 0
1.000000 0.094000 0.094000 594 0
1.000000 0.095000 0.095000 595 0
1.000000 0.096000 0.096000 596 0
1.000000 0.097000 0.097000 597 0
1.000000 0.098000 0.098000 598 0
1.000000 0.099000 0.099000 599 0
1.000000 0.100000 0.100000 600 0
1.000000 0.101000 0.101000 601 0
1.000000 0.102000 0.102000 602 0
1.000000 0.103000 0.103000 603 0
1.000000 0.104000 0.104000 604 0
1.000000 0.105000 0.105000 605 0
1.000000 0.106000 0.106000 606 0
1.000000 0.107000 0.107000 607 0
1.000000 0.108000 0.108000 608 0
1.000000 0.109000 0.109000 609 0
1.000000 0.110000 0.110000 610 0
1.000000 0.111000 0.111000 611 0
1.000000 0.112000 0.112000 612 0
1.000000 0.113000 0.113000 613 0
1.000000 0.114000 0.114000 614 0
1.000000 0.115000 0.115000 615 0
1.000000 0.116000 0.116000 616 0
1.000000 0.117000 0.117000 617 0
1.000000 0.118000 0.118000 618 0
1.000000 0.119000 0.119000 619 0
1.000000 0.120000 0.120000 620 0
1.000000 0.121000 0.121000 621 0
1.000000 0.122000 0.122000 622 0
1.000000 0.123000 0.123000 623 0
1.000000 0.124000 0.124000 624 0
1.000000 0.125000 0.125000 625 0
1.000000 0.126000 0.126000 626 0
1.000000 0.127000 0.127000 627 0
1.000000 0.128000 0.128000 628 0
1.000000 0.129000 0.129000 629 0
1.000000 0.130000 0.130000 630 0
1.000000 0.131000 0.131000 631 0
1.000000 0.132000 0.132000 632 0
1.000000 0.133000 0.133000 633 0
1.000000 0.134000 0.134000 634 0
1.000000 0.135000 0.135000 635 0
1.000000 0.136000 0.136000 636 0
1.000000 0.137000 0.137000 637 0
1.000000 0.138000 0.138000 638 0
1.000000 0.139000 0.139000 639 0
1.000000 0.140000 0.140000 640 0
1.000000 0.141000 0.141000 641 0
1.000000 0.142000 0.142000 642 0
1.000000 0.143000 0.143000 643 0
1.000000 0.144000 0.144000 644 0
1.000000 0.145000 0.145000 645 0
1.000000 0.146000 0.146000 646 0
1.000000 0.147000 0.147000 647 0
1.000000 0.148000 0.148000 648 0
1.000000 0.149000 0.149000 649 0
1.000000 0.150000 0.150000 650 0
1.000000 0.151000 0.151000 651 0
1.000000 0.152000 0.152000 652 0
1.000000 0.153000 0.153000 653 0
1.000000 0.154000 0.154000 654 0
1.000000 0.155000 0.155000 655 0
1.000000 0.156000 0.156000 656 0
1.000000 0.157000 0.157000 657 0
1.000000 0.158000 0.158000 658 0
1.000000 0.159000 0.159000 659 0
1.000000 0.160000 0.160000 660 0
1.000000 0.161000 0.161000 661 0
1.000000 0.162000 0.162000 662 0
1.000000 0.163000 0.163000 663 0
1.000000 0.164000 0.164000 664 0
1.000000 0.165000 0.165000 665 0
1.000000 0.166000 0.166000 666 0
1.000000 0.167000 0.167000 667 0
1.000000 0.168000 0.168000 668 0
1.000000 0.169000 0.169000 669 0
1.000000 0.170000 0.170000 670 0
1.000000 0.171000 0.171000 671 0
1.000000 0.172000 0.172000 672 0
1.000000 0.173000 0.173000 673 0
1.000000 0.174000 0.174000 674 0
1.000000 0.175000 0.175000 675 0
1.000000 0.176000 0.176000 676 0
1.000000 0.177000 0.177000 677 0
1.000000 0.178000 0.178000 678 0
1.000000 0.179000 0.179000 679 0
1.000000 0.180000 0.180000 680 0
1.000000 0.181000 0.181000 681 0
1.000000 0.182000 0.182000 682 0
1.000000 0.183000 0.183000 683 0
1.000000 0.184000 0.184000 684 0
1.000000 0.185000 0.185000 685 0
1.000000 0.186000 0.186000 686 0
1.000000 0.187000 0.187000 687 0
1.000000 0.188000 0.188000 688 0
1.000000 0.189000 0.189000 689 0
1.000000 0.190000 0.190000 690 0
1.000000 0.191000 0.191000 691 0
1.000000 0.192000 0.192000 692 0
1.000000 0.193000 0.193000 693 0
1.000000 0.194000 0.194000 694 0
1.000000 0.195000 0.195000 695 0
1.000000 0.196000 0.196000 696 0
1.000000 0.197000 0.197000 697 0
1.000000 0.198000 0.198000 698 0
1.000000 0.199000 0.199000 699 0
1.000000 0.200000 0.200000 700 0
1.000000 0.201000 0.201000 701 0
1.000000 0.202000 0.202000 702 0
1.000000 0.203000 0.203000 703 0
1.000000 0.204000 0.204000 704 0
1.000000 0.205000 0.205000 705 0
1.000000 0.206000 0.206000 706 0
1.000000 0.207000 0.207000 707 0
1.000000 0.208000 0.208000 708 0
1.000000 0.209000 0.209000 709 0
1.000000 0.210000 0.210000 710 0
1.000000 0.211000 0.211000 711 0
1.000000 0.212000 0.212000 712 0
1.000000 0.213000 0.213000 713 0
1.000000 0.214000 0.214000 714 0
1.000000 0.215000 0.215000 715 0
1.000000 0.216000 0.216000 716 0
1.000000 0.217000 0.217000 717 0
1.000000 0.218000 0.218000 718 0
1.000000 0.219000 0.219000 719 0
1.000000 0.220000 0.220000 720 0
1.000000 0.221000 0.221000 721 0
1.000000 0.222000 0.222000 722 0
1.000000 0.223000 0.223000 723 0
1.000000 0.224000 0.224000 724 0
1.000000 0.225000 0.225000 725 0
1.000000 0.226000 0.226000 726 0
1.000000 0.227000 0.227000 727 0
1.000000 0.228000 0.228000 728 0
1.000000 0.229000 0.229000 729 0
1.000000 0.230000 0.230000 730 0
1.000000 0.231000 0.231000 731 0
1.000000 0.232000 0.232000 732 0
1.000000 0.233000 0.233000 733 0
1.000000 0.234000 0.234000 734 0
1.000000 0.235000 0.235000 735 0
1.000000 0.236000 0.236000 736 0
1.000000 0.237000 0.237000 737 0
1.000000 0.238000 0.238000 738 0
1.000000 0.239000 0.239000 739 0
1.000000 0.240000 0.240000 740 0
1.000000 0.241000 0.241000 741 0
1.000000 0.242000 0.242000 742 0
1.000000 0.243000 0.243000 743 0
1.000000 0.244000 0.244000 744 0
1.000000 0.245000 0.245000 745 0
1.000000 0.246000 0.246000 746 0
1.000000 0.247000 0.247000 747 0
1.000000 0.248000 0.248000 748 0
1.000000 0.249000 0.249000 749 0
1.000000 0.250000 0.250000 750 0
1.000000 0.251000 0.251000 751 0
1.000000 0.252000 0.252000 752 0
1.000000 0.253000 0.253000 753 0
1.000000 0.254000 0.254000 754 0
1.000000 0.255000 0.255000 755 0
1.000000 0.256000 0.256000 756 0
1.000000 0.257000 0.257000 757 0
1.000000 0.258000 0.258000 758 0
1.000000 0.259000 0.259000 759 0
1.000000 0.260000 0.260000 760 0
1.000000 0.261000 0.261000 761 0
1.000000 0.262000 0.262000 762 0
1.000000 0.263000 0.263000 763 0
1.000000 0.264000 0.264000 764 0
1.000000 0.265000 0.265000 765 0
1.000000 0.266000 0.266000 766 0
1.000000 0.267000 0.267000 767 0
1.000000 0.268000 0.268000 768 0
1.000000 0.269000 0.269000 769 0
1.000000 0.270000 0.270000 770 0
1.000000 0.271000 0.271000 771 0
1.000000 0.272000 0.272000 772 0
1.000000 0.273000 0.273000 773 0
1.000000 0.274000 0.274000 774 0
1.000000 0.275000 0.275000 775 0
1.000000 0.276000 0.276000 776 0
1.000000 0.277000 0.277000 777 0
1.000000 0.278000 0.278000 778 0
1.000000 0.279000 0.279000 779 0
1.000000 0.280000 0.280000 780 0
1.000000 0.281000 0.281000 781 0
1.000000 0.282000 0.282000 782 0
1.000000 0.283000 0.283000 783 0
1.000000 0.284000 0.284000 784 0
1.000000 0.285000 0.285000 785 0
1.000000 0.286000 0.286000 786 0
1.000000 0.287000 0.287000 787 0
1.000000 0.288000 0.288000 788 0
1.000000 0.289000 0.289000 789 0
1.000000 0.290000 0.290000 790 0
1.000000 0.291000 0.291000 791 0
1.000000 0.292000 0.292000 792 0
1.000000 0.293000 0.293000 793 0
1.000000 0.294000 0.294000 794 0
1.000000 0.295000 0.295000 795 0
1.000000 0.296000 0.296000 796 0
1.000000 0.297000 0.297000 797 0
1.000000 0.298000 0.298000 798 0
1.000000 0.299000 0.299000 799 0
1.000000 0.300000 0.300000 800 0
1.000000 0.301000 0.301000 801 0
1.000000 0.302000 0.302000 802 0
1.000000 0.303000 0.303000 803 0
1.000000 0.304000 0.304000 804 0
1.000000 0.305000 0.305000 805 0
1.000000 0.306000 0.306000 806 0
1.000000 0.307000 0.307000 807 0
1.000000 0.308000 0.308000 808 0
1.000000 0.309000 0.309000 809 0
1.000000 0.310000 0.310000 810 0
1.000000 0.311000 0.311000 811 0
1.000000 0.312000 0.312000 812 0
1.000000 0.313000 0.313000 813 0
1.000000 0.314000 0.314000 814 0
1.000000 0.315000 0.315000 815 0
1.000000 0.316000 0.316000 816 0
1.000000 0.317000 0.317000 817 0
1.000000 0.318000 0.318000 818 0
1.000000 0.319000 0.319000 819 0
1.000000 0.320000 0.320000 820 0
1.000000 0.321000 0.321000 821 0
1.000000 0.322000 0.322000 822 0
1.000000 0.323000 0.323000 823 0
1.000000 0.324000 0.324000 824 0
1.000000 0.325000 0.325000 825 0
1.000000 0.326000 0.326000 826 0
1.000000 0.327000 0.327000 827 0
1.000000 0.328000 0.328000 828 0
1.000000 0.329000 0.329000 829 0
1.000000 0.330000 0.330000 830 0
1.000000 0.331000 0.331000 831 0
1.000000 0.332000 0.332000 832 0
1.000000 0.333000 0.333000 833 0
1.000000 0.334000 0.334000 834 0
1.000000 0.335000 0.335000 835 0
1.000000 0.336000 0.336000 836 0
1.000000 0.337000 0.337000 837 0
1.000000 0.338000 0.338000 838 0
1.000000 0.339000 0.339000 839 0
1.000000 0.340000 0.340000 840 0
1.000000 0.341000 0.341000 841 0
1.000000 0.342000 0.342000 842 0
1.000000 0.343000 0.343000 843 0
1.000000 0.344000 0.344000 844 0
1.000000 0.345000 0.345000 845 0
1.000000 0.346000 0.346000 846 0
1.000000 0.347000 0.347000 847 0
1.000000 0.348000 0.348000 848 0
1.000000 0.349000 0.349000 849 0
1.000000 0.350000 0.350000 850 0
1.000000 0.351000 0.351000 851 0
1.000000 0.352000 0.352000 852 0
1.000000 0.353000 0.353000 853 0
1.000000 0.354000 0.354000 854 0
1.000000 0.355000 0.355000 855 0
1.000000 0.356000 0.356000 856 0
1.000000 0.357000 0.357000 857 0
1.000000 0.358000 0.358000 858 0
1.000000 0.359000 0.359000 859 0
1.000000 0.360000 0.360000 860 0
1.000000 0.361000 0.361000 861 0
1.000000 0.362000 0.362000 862 0
1.000000 0.363000 0.363000 863 0
1.000000 0.364000 0.364000 864 0
1.000000 0.365000 0.365000 865 0
1.000000 0.366000 0.366000 866 0
1.000000 0.367000 0.367000 867 0
1.000000 0.368000 0.368000 868 0
1.000000 0.369000 0.369000 869 0
1.000000 0.370000 0.370000 870 0
1.000000 0.371000 0.371000 871 0
1.000000 0.372000 0.372000 872 0
1.000000 0.373000 0.373000 873 0
1.000000 0.374000 0.374000 874 0
1.000000 0.375000 0.375000 875 0
1.000000 0.376000 0.376000 876 0
1.000000 0.377000 0.377000 877 0
1.000000 0.378000 0.378000 878 0
1.000000 0.379000 0.379000 879 0
1.000000 0.380000 0.380000 880 0
1.000000 0.381000 0.381000 881 0
1.000000 0.382000 0.382000 882 0
1.000000 0.383000 0.383000 883 0
1.000000 0.384000 0.384000 884 0
1.000000 0.385000 0.385000 885 0
1.000000 0.386000 0.386000 886 0
1.000000 0.387000 0.387000 887 0
1.000000 0.388000 0.388000 888 0
1.000000 0.389000 0.389000 889 0
1.000000 0.390000 0.390000 890 0
1.000000 0.391000 0.391000 891 0
1.000000 0.392000 0.392000 892 0
1.000000 0.393000 0.393000 893 0
1.000000 0.394000 0.394000 894 0
1.000000 0.395000 0.395000 895 0
1.000000 0.396000 0.396000 896 0
1.000000 0.397000 0.397000 897 0
1.000000 0.398000 0.398000 898 0
1.000000 0.399000 0.399000 899 0
1.000000 0.400000 0.400000 900 0
1.000000 0.401000 0.401000 901 0
1.000000 0.402000 0.402000 902 0
1.000000 0.403000 0.403000 903 0
1.000000 0.404000 0.404000 904 0
1.000000 0.405000 0.405000 905 0
1.000000 0.406000 0.406000 906 0
1.000000 0.407000 0.407000 907 0
1.000000 0.408000 0.408000 908 0
1.000000 0.409000 0.409000 909 0
1.000000 0.410000 0.410000 910 0
1.000000 0.411000 0.411000 911 0
1.000000 0.412000 0.412000 912 0
1.000000 0.413000 0.413000 913 0
1.000000 0.414000 0.414000 914 0
1.000000 0.415000 0.415000 915 0
1.000000 0.416000 0.416000 916 0
1.000000 0.417000 0.417000 917 0
1.000000 0.418000 0.418000 918 0
1.000000 0.419000 0.419000 919 0
1.000000 0.420000 0.420000 920 0
1.000000 0.421000 0.421000 921 0
1.000000 0.422000 0.422000 922 0
1.000000 0.423000 0.423000 923 0
1.000000 0.424000 0.424000 924 0
1.000000 0.425000 0.425000 925 0
1.000000 0.426000 0.426000 926 0
1.000000 0.427000 0.427000 927 0
1.000000 0.428000 0.428000 928 0
1.000000 0.429000 0.429000 929 0
1.000000 0.430000 0.430000 930 0
1.000000 0.431000 0.431000 931 0
1.000000 0.432000 0.432000 932 0
1.000000 0.433000 0.433000 933 0
1.000000 0.434000 0.434000 934 0
1.000000 0.435000 0.435000 935 0
1.000000 0.436000 0.436000 936 0
1.000000 0.437000 0.437000 937 0
1.000000 0.438000 0.438000 938 0
1.000000 0.439000 0.439000 939 0
1.000000 0.440000 0.440000 940 0
1.000000 0.441000 0.441000 941 0
1.000000 0.442000 0.442000 942 0
1.000000 0.443000 0.443000 943 0
1.000000 0.444000 0.444000 944 0
1.000000 0.445000 0.445000 945 0
1.000000 0.446000 0.446000 946 0
1.000000 0.447000 0.447000 947 0
1.000000 0.448000 0.448000 948 0
1.000000 0.449000 0.449000 949 0
1.000000 0.450000 0.450000 950 0
1.000000 0.451000 0.451000 951 0
1.000000 0.452000 0.452000 952 0
1.000000 0.453000 0.453000 953 0
1.000000 0.454000 0.454000 954 0
1.000000 0.455000 0.455000 955 0
1.000000 0.456000 0.456000 956 0
1.000000 0.457000 0.457000 957 0
1.000000 0.458000 0.458000 958 0
1.000000 0.459000 0.459000 959 0
1.000000 0.460000 0.460000 960 0
1.000000 0.461000 0.461000 961 0
1.000000 0.462000 0.462000 962 0
1.000000 0.463000 0.463000 963 0
1.000000 0.464000 0.464000 964 0
1.000000 0.465000 0.465000 965 0
1.000000 0.466000 0.466000 966 0
1.000000 0.467000 0.467000 967 0
1.000000 0.468000 0.468000 968 0
1.000000 0.469000 0.469000 969 0
1.000000 0.470000 0.470000 970 0
1.000000 0.471000 0.471000 971 0
1.000000 0.472000 0.472000 972 0
1.000000 0.473000 0.473000 973 0
1.000000 0.474000 0.474000 974 0
1.000000 0.475000 0.475000 975 0
1.000000 0.476000 0.476000 976 0
1.000000 0.477000 0.477000 977 0
1.000000 0.478000 0.478000 978 0
1.000000 0.479000 0.479000 979 0
1.000000 0.480000 0.480000 980 0
1.000000 0.481000 0.481000 981 0
1.000000 0.482000 0.482000 982 0
1.000000 0.483000 0.483000 983 0
1.000000 0.484000 0.484000 984 0
1.000000 0.485000 0.485000 985 0
1.000000 0.486000 0.486000 986 0
1.000000 0.487000 0.487000 987 0
1.000000 0.488000 0.488000 988 0
1.000000 0.489000 0.489000 989 0
1.000000 0.490000 0.490000 990 0
1.000000 0.491000 0.491000 991 0
1.000000 0.492000 0.492000 992 0
1.000000 0.493000 0.493000 993 0
1.000000 0.494000 0.494000 994 0
1.000000 0.495000 0.495000 995 0
1.000000 0.496000 0.496000 996 0
1.000000 0.497000 0.497000 997 0
1.000000 0.498000 0.498000 998 0
1.000000 0.499000 0.499000 999 0
