974
1943
1966
1944
1939
1940
1949
1956
1953
1949
1960
1952
1959
1945
1954
1951
1961
1951
1955
1950
1951
1963
1966
1955
1945
1947
1962
1954
1953
1950
1954
1953
1950
1960
1960
1948
1964
1950
1954
1953
1951
1957
1953
1944
1954
1947
1960
1961
1951
1956
1948
1961
1958
1955
1953
1951
1962
1955
1940
1949
1945
1970
1939
1957
1967
1952
1956
1950
1957
1948
1957
1958
1953
1944
1961
1967
1952
1948
1949
1958
1950
1962
1958
1962
1957
1948
1955
1947
1959
1957
1954
1953
1949
1959
1955
1962
1958
1950
1953
1956
1959
1956
1954
1951
1963
1952
1950
1954
1961
1954
1959
1958
1960
1952
1943
1966
1954
1960
1959
1960
1967
1944
1965
1966
1964
1957
1960
1956
1948
1962
1950
1959
1843
1691
1684
1617
1427
1219
1062
1068
1075
904
804
727
669
591
472
493
382
419
413
338
323
354
346
298
362
274
208
238
202
184
183
116
82
109
115
67
66
91
95
81
78
108
93
79
97
80
92
87
110
102
103
121
87
116
131
111
150
123
115
110
92
117
113
106
116
117
111
108
99
102
87
110
90
88
88
99
85
111
99
102
88
85
79
95
87
81
78
80
82
111
89
108
96
100
97
104
113
106
103
121
100
84
69
87
84
94
80
96
77
96
77
91
60
111
111
112
113
125
100
111
100
95
124
95
74
78
75
88
75
99
87
40
78
90
81
68
78
73
92
83
92
88
106
78
87
99
90
95
100
90
72
86
78
101
105
81
67
69
76
86
62
106
85
98
99
83
104
86
68
86
74
84
80
90
118
133
144
161
132
115
148
112
159
153
150
186
200
196
194
183
192
191
263
219
259
285
337
278
344
386
290
306
338
337
274
340
378
329
306
428
490
483
468
470
457
410
450
477
425
485
514
468
477
532
602
619
717
753
669
786
916
920
894
764
798
922
885
773
677
690
773
871
1232
1239
1289
1229
1257
1224
1238
1163
1095
1039
1236
1257
1251
1268
1254
1350
1464
1677
1685
1679
1679
1741
1961
1962
1958
1959
1955
1959
1946
1967
1953
1968
1944
1961
1941
1966
1957
1948
1941
1956
1952
1950
1942
1970
1955
1960
1954
1949
1938
1960
1964
1961
1950
1956
1962
1952
1962
1970
1955
1946
1967
1961
1954
1951
1956
1950
1954
1952
1960
1954
1953
1951
1950
1951
1954
1956
1963
1951
1962
1955
1948
1955
1943
1955
1946
1940
1952
1952
1961
1956
1967
1940
1947
1960
1943
1940
1953
1958
1964
1941
1955
1956
1961
1964
1939
1955
1945
1968
1954
1950
1945
1954
1958
1933
1947
1953
1961
1954
1950
1939
1949
1961
1953
1929
1951
1944
