977
1951
1952
1946
1952
1950
1956
1952
1956
1959
1951
1958
1956
1964
1941
1957
1960
1956
1957
1962
1951
1941
1959
1948
1955
1961
1956
1956
1954
1968
1965
1953
1962
1959
1956
1953
1960
1950
1966
1959
1954
1965
1974
1953
1965
1955
1947
1953
1945
1958
1959
1952
1969
1961
1959
1958
1957
1959
1958
1944
1958
1959
1964
1956
1970
1956
1970
1968
1954
1956
1954
1966
1947
1954
1962
1949
1961
1960
1950
1960
1963
1953
1961
1966
1962
1962
1959
1956
1960
1956
1960
1953
1959
1957
1955
1961
1966
1947
1956
1951
1959
1951
1946
1962
1947
1946
1951
1685
1675
1708
1671
1654
1671
1468
1455
1445
1447
1450
1289
1290
1230
1199
1084
1069
1104
1186
1252
1271
946
935
1047
1081
918
829
780
841
957
840
688
565
685
653
683
592
596
544
602
588
512
544
573
544
446
427
398
354
338
288
319
413
377
406
469
468
454
437
427
381
345
368
264
218
251
279
203
199
243
265
210
224
234
268
170
198
182
167
148
138
201
153
141
151
125
134
107
125
106
103
100
125
148
181
131
134
134
122
102
136
124
125
115
113
89
94
99
96
86
58
62
81
57
83
92
85
79
85
98
78
66
72
88
75
89
61
84
60
60
64
47
55
50
48
55
43
48
61
48
73
61
62
62
73
59
58
59
53
42
50
57
64
60
53
49
43
50
49
76
54
58
56
82
101
102
98
84
87
98
72
95
101
120
92
88
109
112
100
108
100
96
119
126
103
96
105
93
113
132
104
130
105
118
151
179
166
165
148
174
224
205
256
262
195
232
143
191
199
194
209
205
220
223
212
229
248
237
203
265
283
290
338
327
316
258
263
316
286
325
323
382
385
466
523
506
540
489
574
451
487
535
533
559
555
556
547
515
472
539
602
680
653
601
611
687
736
816
789
768
947
1092
1101
937
906
986
1064
1240
1206
1082
1056
1272
1256
1135
1082
1110
1181
1222
1252
1227
1256
1410
1459
1487
1475
1466
1412
1653
1679
1679
1677
1676
1679
1949
1959
1948
1957
1952
1948
1962
1952
1954
1965
1957
1960
1953
1953
1957
1956
1958
1958
1965
1968
1949
1964
1956
1951
1959
1969
1958
1954
1962
1957
1965
1962
1965
1957
1959
1954
1951
1953
1962
1965
1953
1959
1958
1957
1953
1957
1961
1957
1959
1951
1946
1958
1941
1950
1946
1966
1958
1953
1968
1952
1943
1952
1971
1950
1962
1960
1957
1965
1949
1950
1951
1950
1958
1956
1952
1954
1950
1957
1946
1953
1947
1944
1957
1954
1955
1958
1950
1961
1949
1969
1953
1954
1961
1949
1963
1943
1956
1941
1943
1942
