977
1953
1939
1950
1945
1946
1945
1963
1938
1947
1953
1944
1943
1948
1952
1955
1950
1958
1951
1940
1951
1957
1955
1948
1952
1953
1960
1961
1949
1950
1950
1954
1943
1945
1951
1952
1955
1943
1952
1936
1952
1957
1962
1950
1960
1946
1960
1953
1958
1955
1947
1953
1950
1953
1949
1957
1957
1958
1953
1955
1947
1959
1951
1954
1943
1946
1952
1955
1954
1948
1941
1967
1943
1958
1935
1948
1964
1956
1956
1953
1962
1953
1952
1938
1964
1953
1961
1957
1942
1963
1965
1956
1955
1958
1953
1957
1965
1957
1966
1952
1961
1943
1948
1970
1945
1737
1691
1685
1692
1711
1443
1463
1473
1435
1419
1453
1413
1222
1226
1304
1432
1328
1213
1100
1076
1154
1226
1055
888
786
805
914
781
760
672
649
743
834
763
614
488
613
643
632
586
479
461
474
525
461
424
431
421
386
480
486
536
492
471
372
294
271
399
326
296
350
387
288
280
370
314
245
272
259
191
162
199
179
171
164
168
190
196
266
159
170
174
122
184
181
181
156
119
145
118
125
100
90
100
104
116
79
95
104
112
86
93
93
77
72
75
71
87
89
100
87
93
108
110
109
86
97
116
99
81
94
77
80
73
88
107
87
76
94
80
68
65
59
81
86
82
73
84
67
80
107
106
112
110
106
137
122
116
114
120
109
82
85
70
94
78
68
78
86
93
105
93
108
113
89
121
112
92
82
92
115
98
139
107
95
112
111
118
113
103
105
100
105
100
108
118
106
90
137
123
113
109
101
104
113
107
116
105
121
113
115
129
88
104
110
111
125
123
81
95
100
86
84
105
104
88
98
107
91
81
73
89
113
88
87
105
85
95
95
121
145
117
159
183
152
178
208
166
212
235
237
279
296
262
312
415
489
432
467
461
526
629
617
719
937
1033
1107
1109
1194
1571
1668
1682
1687
1850
1958
1952
1953
1963
1963
1966
1955
1963
1951
1949
1962
1966
1964
1949
1969
1962
1956
1953
1959
1968
1950
1948
1948
1952
1955
1954
1944
1954
1954
1958
1956
1958
1953
1948
1955
1969
1951
1946
1956
1962
1949
1958
1953
1966
1956
1944
1959
1957
1966
1957
1954
1959
1947
1954
1958
1949
1938
1949
1958
1960
1962
1946
1953
1943
1955
1957
1954
1952
1968
1953
1939
1956
1956
1967
1951
1948
1966
1955
1947
1940
1950
1956
1946
1959
1947
1958
1961
1962
1967
1938
1950
1953
1961
1946
1945
1952
1954
1959
1951
1961
1962
1953
1945
1950
1967
1972
1953
1954
1961
1955
1949
1949
1949
1951
1955
1954
1947
1948
1956
1940
1957
1951
1950
1954
1954
1938
1949
1949
1941
1932
1941
