969
1941
1935
1943
1959
1958
1961
1956
1949
1958
1963
1960
1949
1946
1947
1955
1959
1948
1944
1957
1946
1951
1961
1955
1948
1956
1968
1942
1953
1959
1956
1963
1948
1954
1958
1954
1952
1954
1953
1955
1962
1952
1959
1958
1955
1955
1961
1964
1970
1972
1947
1954
1955
1958
1956
1946
1942
1962
1959
1951
1951
1963
1947
1967
1961
1958
1960
1955
1948
1947
1947
1955
1950
1963
1956
1960
1970
1958
1965
1957
1966
1946
1952
1959
1957
1957
1965
1955
1966
1954
1961
1956
1957
1966
1950
1956
1955
1961
1949
1961
1964
1954
1962
1972
1956
1959
1958
1970
1962
1957
1966
1965
1887
1689
1676
1687
1663
1456
1466
1455
1491
1372
1249
1091
1013
1162
1179
1050
956
917
937
918
952
783
683
731
778
717
677
599
685
701
659
643
566
552
616
556
511
482
501
442
413
345
312
409
382
339
361
409
407
343
366
338
281
288
315
269
242
351
340
270
318
309
290
203
255
229
243
239
252
260
234
202
190
212
232
153
254
204
221
218
186
155
161
133
140
168
162
142
162
144
165
119
109
100
84
96
81
95
74
72
102
85
84
94
91
77
67
78
70
70
52
61
79
67
81
66
48
91
63
74
91
81
79
70
77
61
53
41
40
44
55
52
34
59
72
66
73
79
55
76
72
72
68
58
44
30
50
47
51
34
56
37
53
38
61
71
52
58
76
100
114
120
125
110
95
103
121
108
85
76
84
104
69
67
94
72
84
88
98
106
90
110
113
109
143
161
152
157
159
150
161
152
132
139
144
168
147
201
191
165
233
174
186
192
212
227
230
279
281
275
311
265
295
216
279
311
310
258
354
328
260
272
329
283
236
297
313
296
337
458
375
314
353
410
439
507
486
526
544
515
505
505
441
442
428
509
614
578
595
586
679
763
796
724
681
808
929
910
955
948
969
1080
1379
1365
1244
1252
1462
1303
1236
1237
1239
1370
1438
1480
1444
1467
1619
1788
1966
1948
1949
1959
1952
1956
1960
1963
1961
1955
1960
1963
1959
1977
1968
1973
1947
1971
1966
1952
1956
1947
1965
1961
1963
1952
1956
1954
1957
1962
1957
1957
1965
1952
1964
1957
1965
1964
1957
1956
1963
1961
1951
1945
1956
1952
1966
1958
1956
1945
1953
1954
1955
1953
1954
1955
1951
1962
1956
1955
1956
1944
1958
1953
1958
1952
1960
1971
1952
1959
1966
1965
1952
1951
1947
1957
1963
1959
1963
1959
1967
1955
1948
1948
1957
1959
1958
1963
1951
1963
1960
1955
1946
1948
1958
1966
1957
1948
1944
1964
1949
1949
1949
1956
1938
1947
1954
1946
1951
1948
