975
1935
1949
1950
1950
1945
1945
1959
1951
1952
1952
1959
1958
1951
1938
1948
1947
1953
1958
1954
1948
1954
1947
1951
1958
1954
1953
1961
1948
1958
1952
1941
1949
1953
1960
1958
1942
1959
1950
1954
1952
1953
1961
1962
1961
1945
1957
1940
1938
1956
1944
1945
1932
1963
1954
1947
1955
1950
1949
1955
1965
1946
1943
1949
1946
1944
1962
1947
1952
1944
1959
1958
1963
1969
1963
1957
1953
1953
1956
1949
1961
1963
1949
1950
1955
1946
1953
1946
1944
1961
1953
1946
1947
1955
1953
1958
1946
1960
1963
1967
1959
1959
1962
1954
1951
1969
1950
1950
1968
1956
1960
1954
1953
1960
1959
1966
1956
1964
1947
1948
1923
1691
1548
1450
1435
1455
1466
1302
1114
1078
1046
1052
981
863
734
708
673
703
668
564
483
507
459
442
424
378
353
335
389
362
367
370
372
374
381
434
366
274
317
287
209
189
247
214
143
174
158
101
91
134
88
72
72
90
75
86
93
68
69
70
87
80
80
93
67
101
80
75
114
77
104
82
71
88
86
72
90
81
82
86
96
71
81
74
96
86
72
80
66
93
80
71
58
86
104
85
75
99
83
85
84
75
93
92
90
102
91
97
88
85
122
107
94
82
102
87
88
89
87
106
101
97
81
83
86
88
117
104
111
115
96
121
116
109
120
126
101
122
85
95
79
90
93
86
87
112
100
69
100
91
89
74
105
99
89
82
79
98
93
99
82
73
90
95
78
106
77
81
80
85
75
97
82
106
81
102
97
76
80
76
77
97
86
81
85
68
83
63
69
89
84
84
91
74
71
85
57
89
80
84
65
91
76
60
80
82
74
76
70
75
95
60
51
65
78
102
67
102
93
60
72
85
88
118
111
117
159
173
214
236
295
326
356
411
522
588
658
692
835
889
945
1103
1216
1275
1258
1254
1398
1490
1697
1679
1689
1677
1873
1951
1949
1960
1954
1966
1957
1948
1958
1950
1956
1953
1958
1957
1949
1949
1947
1963
1948
1955
1949
1959
1942
1959
1944
1963
1956
1945
1949
1970
1950
1955
1960
1960
1957
1951
1947
1951
1967
1961
1958
1964
1948
1948
1954
1950
1959
1947
1958
1956
1960
1954
1949
1959
1954
1949
1953
1958
1956
1951
1959
1961
1962
1956
1960
1945
1954
1958
1952
1946
1949
1961
1950
1951
1942
1960
1957
1954
1945
1954
1961
1955
1959
1950
1943
1951
1949
1951
1953
1936
1967
1948
1963
1952
1951
1947
1946
1958
1946
1953
1962
1941
1950
1953
1954
1944
1953
1948
1970
1954
1957
1945
1953
1948
1954
1942
1954
1943
1956
1935
1948
1946
1956
1947
1941
1933
1941
1944
