978
1944
1944
1946
1949
1946
1949
1948
1958
1946
1949
1946
1956
1937
1960
1948
1954
1951
1953
1946
1957
1954
1958
1953
1953
1950
1952
1949
1951
1966
1965
1955
1954
1944
1939
1951
1961
1949
1951
1957
1941
1961
1956
1958
1947
1955
1959
1947
1943
1962
1955
1957
1946
1953
1932
1958
1936
1953
1954
1956
1962
1953
1954
1951
1964
1944
1953
1946
1951
1965
1955
1959
1958
1949
1947
1942
1959
1941
1955
1959
1952
1965
1953
1964
1958
1957
1959
1958
1954
1956
1961
1951
1954
1948
1957
1947
1942
1946
1957
1951
1962
1960
1952
1959
1949
1950
1953
1962
1946
1952
1750
1682
1687
1672
1696
1687
1697
1700
1697
1658
1671
1670
1590
1474
1435
1576
1679
1452
1371
1282
1239
1221
1177
1066
908
797
783
809
775
690
601
584
554
532
484
424
373
372
374
423
388
375
384
376
391
422
342
317
418
318
241
230
274
221
164
199
166
110
116
141
136
97
125
139
117
125
108
130
93
69
63
64
74
76
62
77
66
52
107
82
82
88
72
82
88
77
64
98
84
84
85
83
80
73
81
86
83
89
76
85
83
78
84
104
93
85
92
91
100
61
88
86
91
105
96
72
100
107
79
91
100
103
79
100
80
107
92
76
105
87
103
99
108
100
87
90
108
115
126
106
111
105
102
111
133
98
87
96
121
76
91
72
97
76
107
93
89
87
95
83
94
98
91
96
91
93
94
101
98
81
77
94
76
93
101
78
109
77
101
83
101
105
75
87
78
71
115
70
90
67
74
92
85
95
66
96
84
70
72
97
91
93
98
62
67
76
66
99
73
75
69
73
94
80
78
90
91
110
64
85
91
150
85
72
126
114
82
125
114
119
98
123
111
88
109
121
156
174
132
184
246
272
290
356
477
543
661
826
902
996
1098
1448
1597
1701
1675
1682
1845
1958
1952
1953
1961
1958
1959
1954
1945
1965
1951
1965
1962
1960
1959
1960
1947
1965
1955
1961
1955
1960
1955
1952
1954
1958
1954
1950
1956
1954
1951
1955
1953
1937
1948
1974
1941
1956
1948
1950
1966
1964
1954
1949
1948
1948
1958
1969
1965
1953
1953
1949
1961
1948
1958
1959
1951
1946
1954
1964
1959
1959
1959
1950
1959
1951
1952
1950
1964
1951
1951
1952
1949
1954
1948
1940
1957
1953
1948
1947
1959
1946
1952
1952
1948
1947
1958
1958
1954
1944
1956
1948
1949
1941
1956
1952
1956
1946
1948
1967
1967
1951
1952
1955
1947
1948
1949
1949
1944
1938
1942
1952
1951
1964
1962
1944
1952
1953
1960
1950
1951
1947
1957
1958
1949
1943
1944
1945
1954
1953
1951
1946
1938
1929
