976
1951
1963
1956
1945
1958
1944
1955
1946
1951
1958
1943
1952
1963
1949
1948
1955
1943
1960
1954
1959
1951
1946
1953
1946
1944
1945
1954
1954
1965
1938
1960
1950
1955
1947
1956
1945
1955
1947
1960
1958
1951
1941
1956
1952
1957
1951
1957
1952
1952
1947
1959
1959
1950
1957
1947
1955
1956
1961
1944
1960
1953
1949
1957
1957
1944
1953
1947
1948
1956
1954
1951
1945
1952
1954
1957
1958
1950
1956
1961
1955
1948
1951
1957
1962
1960
1946
1962
1950
1961
1960
1951
1962
1952
1960
1959
1957
1962
1951
1953
1961
1958
1956
1958
1955
1960
1956
1960
1955
1944
1953
1944
1960
1949
1953
1958
1959
1964
1945
1955
1957
1952
1963
1957
1947
1969
1955
1952
1945
1949
1960
1949
1959
1956
1964
1950
1966
1957
1953
1953
1966
1837
1310
1092
872
649
445
331
291
263
214
143
155
145
124
104
114
124
105
102
102
98
102
133
90
117
103
85
83
111
102
73
88
99
84
79
100
97
93
95
77
92
74
93
70
94
114
85
119
118
104
117
96
81
100
90
80
106
106
156
149
125
130
124
112
104
94
143
94
83
70
94
86
83
107
87
82
81
90
68
74
102
82
101
86
101
109
89
112
92
97
91
86
99
99
94
109
95
69
82
72
84
87
82
73
117
125
105
124
108
115
136
118
116
108
101
76
75
90
82
86
87
95
86
95
76
63
84
102
85
109
64
88
87
89
82
73
84
97
98
66
80
103
93
87
85
95
81
69
96
99
70
62
84
86
84
71
77
65
110
100
87
93
115
78
96
110
88
95
85
81
81
108
93
89
101
52
110
108
112
114
125
129
168
142
148
191
257
239
185
244
301
242
215
284
280
240
283
391
323
304
361
446
384
383
403
373
357
386
368
359
383
394
375
370
442
472
544
573
580
605
717
876
950
917
816
903
1038
1117
1044
959
934
951
933
922
911
930
929
1102
1321
1449
1419
1426
1436
1638
1749
1950
1961
1956
1948
1962
1956
1949
1960
1953
1948
1956
1966
1962
1952
1951
1969
1960
1965
1957
1952
1944
1953
1946
1953
1949
1955
1955
1960
1963
1949
1964
1950
1959
1960
1949
1952
1959
1952
1947
1963
1958
1959
1957
1965
1944
1958
1950
1951
1948
1977
1959
1949
1963
1962
1943
1946
1948
1956
1950
1959
1957
1957
1960
1961
1958
1954
1956
1941
1957
1952
1944
1958
1951
1949
1954
1959
1963
1958
1952
1961
1952
1945
1955
1955
1951
1961
1938
1962
1947
1969
1959
1954
1950
1959
1963
1945
1957
1955
1949
1941
1949
1962
1947
1938
1948
1953
1942
1955
1951
1956
1946
1958
1952
1947
