977
1939
1943
1942
1955
1955
1952
1949
1958
1961
1954
1952
1949
1960
1950
1958
1955
1960
1954
1964
1949
1939
1957
1957
1952
1954
1960
1954
1958
1962
1964
1960
1949
1949
1964
1956
1961
1951
1958
1966
1964
1965
1960
1950
1967
1953
1948
1950
1958
1962
1941
1950
1947
1950
1955
1953
1944
1948
1968
1952
1950
1962
1957
1967
1948
1952
1955
1965
1950
1946
1949
1952
1960
1966
1971
1956
1954
1959
1959
1950
1959
1950
1955
1955
1954
1963
1952
1952
1957
1954
1953
1958
1950
1969
1940
1964
1953
1937
1973
1953
1953
1949
1959
1964
1965
1949
1960
1944
1966
1956
1969
1958
1960
1959
1952
1967
1955
1949
1957
1957
1959
1956
1963
1736
1671
1692
1686
1653
1444
1495
1423
1347
1198
930
983
1013
833
768
612
609
602
682
628
558
532
478
510
486
458
386
374
347
311
365
395
337
278
196
249
285
230
235
242
190
169
202
252
207
198
220
120
114
127
162
151
135
133
119
126
99
107
114
114
153
110
123
99
86
131
64
79
85
96
97
81
113
95
99
99
129
108
96
98
102
128
118
97
109
89
118
114
124
120
93
104
104
96
111
102
118
111
96
96
92
77
88
80
88
82
96
92
76
76
96
81
95
82
76
77
97
100
75
109
85
82
112
102
120
123
89
129
103
128
118
101
107
71
94
81
88
86
58
70
77
60
67
86
75
94
87
82
64
63
90
82
91
76
92
79
83
64
91
80
78
62
99
98
101
88
100
91
86
109
98
102
83
118
103
125
150
128
133
129
123
92
179
206
213
176
173
140
147
161
103
164
153
149
210
224
261
274
211
272
288
290
237
243
276
295
259
337
341
264
265
320
308
288
328
362
346
379
503
432
385
432
490
412
381
413
410
420
473
492
526
587
560
598
651
643
583
616
683
669
694
641
588
598
690
824
931
818
825
831
1072
1106
1067
1060
1125
1074
1086
1121
1120
1085
1150
1245
1420
1301
1254
1217
1363
1456
1671
1682
1667
1667
1660
1679
1690
1702
1706
1835
1957
1962
1963
1936
1955
1955
1953
1963
1952
1962
1957
1965
1955
1964
1965
1962
1954
1956
1952
1965
1952
1951
1955
1951
1958
1961
1962
1949
1951
1961
1960
1962
1962
1954
1961
1950
1957
1944
1965
1960
1957
1966
1960
1954
1948
1956
1956
1960
1959
1960
1953
1959
1954
1956
1949
1947
1951
1954
1953
1953
1943
1956
1948
1962
1952
1952
1945
1942
1958
1948
1952
1953
1952
1957
1965
1956
1950
1947
1942
1963
1951
1967
1946
1956
1957
1957
1952
1946
1950
1953
1950
1964
1932
1953
1951
1954
1950
1943
1941
