981
1943
1943
1939
1956
1949
1956
1956
1943
1957
1958
1957
1960
1958
1955
1957
1957
1957
1956
1948
1945
1963
1945
1953
1947
1956
1957
1954
1965
1956
1955
1960
1953
1947
1961
1954
1960
1958
1960
1952
1954
1953
1952
1966
1960
1951
1950
1952
1954
1959
1957
1960
1952
1944
1959
1962
1950
1957
1951
1944
1952
1955
1947
1964
1954
1964
1952
1952
1941
1953
1964
1960
1957
1956
1960
1968
1967
1957
1958
1944
1963
1963
1965
1961
1954
1966
1952
1951
1966
1951
1957
1958
1957
1971
1967
1951
1955
1960
1964
1944
1954
1954
1949
1963
1951
1955
1959
1961
1951
1963
1962
1956
1961
1949
1960
1946
1958
1950
1946
1943
1950
1933
1674
1686
1703
1678
1621
1396
1274
1277
1219
1135
999
838
833
888
908
902
801
708
792
809
656
508
575
475
476
482
430
426
443
396
388
388
380
345
328
298
311
332
250
232
280
259
201
243
228
235
241
254
230
151
199
181
216
201
197
201
155
136
133
141
136
137
118
137
139
106
161
101
65
92
90
95
80
80
75
82
73
91
102
91
68
73
84
105
111
107
82
106
93
115
100
90
111
100
122
110
99
114
99
102
116
104
75
80
90
92
81
90
61
88
97
70
91
93
93
53
91
83
84
83
67
86
99
95
114
124
112
120
121
115
108
119
111
69
75
81
85
82
83
99
72
59
79
71
82
75
63
74
74
93
81
68
78
77
61
97
74
57
56
74
77
84
65
84
89
91
81
79
113
100
94
119
131
117
137
136
145
144
161
175
148
146
113
138
153
223
182
232
200
206
243
154
213
201
190
252
240
232
231
251
253
259
241
213
285
247
309
291
326
367
287
289
397
338
276
331
393
396
401
501
431
411
435
468
443
416
412
450
437
493
542
537
563
548
568
634
666
662
579
698
771
764
754
664
715
772
919
925
861
828
816
945
957
836
807
815
903
1073
1248
1237
1264
1346
1427
1474
1466
1425
1427
1604
1695
1662
1665
1674
1720
1688
1698
1712
1661
1689
1804
1956
1966
1951
1958
1960
1944
1959
1961
1942
1960
1968
1964
1946
1940
1959
1961
1962
1957
1951
1969
1954
1952
1954
1952
1947
1956
1960
1961
1950
1959
1949
1966
1967
1965
1957
1954
1952
1964
1948
1960
1949
1940
1952
1960
1959
1955
1956
1956
1953
1942
1962
1960
1955
1955
1965
1957
1963
1965
1941
1956
1962
1967
1944
1946
1962
1961
1952
1958
1959
1955
1950
1944
1960
1956
1962
1962
1954
1952
1965
1950
1963
1934
1948
1964
1949
1946
1949
1957
1956
1952
1949
1942
1951
1946
1931
1952
1946
1954
1965
