974
1945
1944
1954
1944
1941
1953
1955
1944
1954
1957
1946
1952
1958
1955
1950
1951
1968
1948
1960
1954
1960
1960
1959
1949
1951
1957
1958
1951
1949
1956
1953
1953
1961
1962
1943
1954
1956
1958
1961
1963
1947
1952
1953
1956
1943
1941
1960
1962
1957
1959
1961
1955
1948
1951
1965
1968
1965
1964
1956
1948
1952
1943
1964
1955
1959
1954
1955
1964
1951
1957
1949
1966
1958
1963
1959
1966
1955
1957
1952
1958
1954
1964
1962
1960
1954
1957
1942
1959
1958
1954
1955
1958
1954
1967
1965
1960
1951
1960
1956
1959
1962
1951
1959
1952
1963
1965
1957
1949
1957
1969
1952
1961
1966
1959
1950
1953
1961
1780
1662
1674
1657
1387
1471
1464
1469
1392
1245
1246
1271
1209
1206
1013
846
765
815
797
777
662
571
644
681
566
542
564
544
553
597
577
499
518
474
459
513
446
513
375
345
393
446
350
325
327
312
267
231
328
293
278
319
276
217
207
222
226
189
220
199
161
170
124
139
141
180
137
163
139
130
191
126
128
130
105
91
95
105
50
93
104
98
91
107
85
84
88
79
73
110
104
138
98
88
102
75
76
86
86
100
118
97
97
111
95
91
88
115
101
81
104
87
71
78
73
84
79
60
66
64
79
73
73
61
79
75
67
91
116
114
111
99
129
108
92
107
89
83
57
65
78
73
65
69
62
65
62
63
74
70
71
74
79
53
83
83
62
93
75
92
102
65
73
73
96
111
123
115
107
116
114
97
125
114
101
111
113
133
120
132
159
118
135
147
128
143
105
84
136
159
172
197
219
179
250
199
244
247
309
274
234
250
262
239
189
240
245
210
217
270
273
263
336
373
291
274
362
345
279
345
393
394
414
581
518
423
456
502
502
470
461
550
573
652
683
712
682
606
587
630
666
558
496
597
655
665
695
651
672
796
968
1109
966
985
975
1072
1117
1023
932
944
1047
1179
1260
1251
1265
1245
1215
1228
1256
1281
1277
1385
1454
1484
1462
1444
1623
1767
1955
1965
1958
1959
1968
1976
1966
1951
1958
1948
1947
1959
1967
1954
1962
1963
1959
1963
1955
1953
1958
1956
1949
1963
1963
1962
1959
1955
1966
1960
1940
1951
1962
1949
1950
1966
1962
1950
1958
1968
1946
1958
1939
1953
1957
1956
1948
1953
1953
1957
1946
1958
1957
1959
1947
1945
1963
1946
1950
1963
1948
1954
1957
1947
1962
1960
1948
1953
1957
1957
1949
1945
1950
1949
1954
1954
1957
1948
1951
1959
1956
1948
1956
1931
1964
1948
1958
1945
1950
1966
1949
1940
1945
1959
1959
1940
1958
1951
1949
1953
1957
1956
1948
1954
