973
1945
1950
1944
1958
1951
1948
1963
1944
1952
1956
1951
1956
1942
1948
1957
1958
1959
1949
1946
1943
1942
1949
1945
1955
1956
1956
1955
1952
1960
1942
1938
1961
1957
1952
1957
1957
1964
1950
1953
1946
1950
1937
1963
1947
1964
1959
1955
1940
1954
1949
1958
1947
1952
1958
1968
1947
1945
1956
1951
1968
1959
1954
1969
1942
1951
1939
1952
1942
1956
1948
1963
1953
1953
1948
1960
1968
1955
1954
1942
1955
1952
1957
1959
1961
1967
1956
1949
1946
1953
1953
1965
1950
1958
1958
1955
1960
1950
1956
1963
1953
1949
1954
1958
1955
1969
1947
1943
1959
1956
1966
1963
1961
1960
1952
1959
1960
1957
1953
1957
1968
1957
1954
1953
1952
1958
1958
1961
1950
1965
1962
1962
1959
1954
1971
1921
1654
1374
1224
1300
1222
1091
846
754
681
629
534
571
458
475
459
387
336
341
287
222
230
147
171
141
132
120
150
111
75
132
97
95
92
105
98
74
96
105
88
74
93
77
119
86
73
90
88
92
103
96
96
84
112
86
77
113
103
82
118
104
97
110
108
89
105
119
87
104
111
102
63
98
71
116
120
132
119
85
115
99
97
99
94
76
76
113
107
117
91
71
78
92
92
97
102
108
80
82
77
93
89
96
78
88
92
78
75
85
74
105
109
110
95
110
113
110
121
106
103
87
88
88
91
77
82
79
89
78
75
74
66
80
75
91
99
91
68
85
79
85
98
96
97
93
102
82
100
94
71
87
94
85
62
73
100
88
69
91
79
76
73
75
81
65
76
71
74
87
105
103
131
139
112
143
151
151
126
129
141
174
152
189
150
201
174
168
154
190
184
187
187
234
234
209
273
310
261
281
338
272
223
288
323
336
399
396
437
379
464
467
409
396
491
519
513
527
585
571
531
587
640
658
689
669
620
666
818
786
734
714
691
816
782
761
679
709
736
929
1234
1220
1266
1235
1403
1441
1451
1272
1263
1217
1435
1458
1437
1472
1493
1455
1460
1700
1695
1672
1713
1716
1953
1955
1956
1952
1958
1958
1943
1961
1956
1953
1951
1944
1959
1964
1956
1962
1953
1948
1948
1945
1936
1959
1962
1961
1955
1952
1947
1953
1960
1945
1953
1956
1945
1952
1952
1966
1951
1962
1954
1952
1946
1967
1956
1956
1950
1944
1961
1947
1950
1959
1948
1958
1951
1958
1953
1955
1957
1951
1955
1940
1947
1958
1963
1954
1951
1967
1954
1962
1964
1959
1947
1951
1947
1961
1953
1955
1957
1953
1942
1953
1954
1950
1939
1947
1948
1955
1950
1931
1955
1955
1963
1932
1963
1953
1947
1946
1952
1937
1951
1952
1953
1953
1942
1934
