978
1940
1961
1956
1942
1968
1967
1953
1951
1959
1957
1958
1957
1955
1959
1960
1947
1946
1950
1940
1949
1965
1959
1944
1945
1953
1961
1955
1951
1962
1966
1952
1943
1950
1958
1952
1957
1954
1951
1960
1957
1967
1951
1954
1960
1965
1954
1954
1969
1951
1948
1960
1963
1967
1958
1956
1953
1961
1955
1956
1955
1956
1946
1966
1961
1958
1961
1949
1949
1960
1959
1964
1966
1969
1959
1952
1959
1954
1950
1953
1961
1968
1958
1957
1958
1962
1962
1957
1958
1964
1967
1959
1955
1962
1949
1964
1963
1960
1965
1961
1966
1954
1967
1962
1953
1950
1959
1955
1961
1953
1967
1953
1961
1959
1952
1968
1916
1678
1455
1443
1427
1439
1444
1278
1248
1236
1253
1229
1098
1081
1205
1155
1051
929
898
982
980
798
648
638
678
682
669
648
565
552
631
661
601
666
623
563
507
526
467
520
444
410
465
410
442
372
426
367
360
388
386
306
258
309
341
264
315
311
246
208
264
289
315
327
294
235
225
245
202
258
218
172
226
221
206
227
126
152
120
131
125
137
126
119
133
154
146
131
120
110
100
110
116
114
114
94
101
84
88
94
57
70
68
77
74
73
79
70
75
65
64
70
55
59
68
62
59
45
58
33
38
41
41
48
53
53
49
35
60
59
76
50
78
52
58
66
71
83
58
44
30
42
45
40
44
53
50
38
43
55
62
69
69
40
53
74
70
74
71
61
59
78
71
55
57
81
66
84
105
95
99
111
112
104
107
127
106
114
94
110
132
133
151
138
129
169
206
176
172
220
249
239
239
306
247
276
268
204
207
234
292
329
316
383
353
297
251
272
305
262
345
387
342
293
418
466
374
378
490
457
403
440
453
425
502
527
490
464
541
435
422
457
532
565
668
630
591
643
679
626
666
767
751
798
657
678
745
798
860
886
739
946
1081
1119
1059
1100
1134
1247
1065
1029
1089
1091
1393
1352
1183
1090
1072
1144
1250
1432
1467
1454
1428
1529
1690
1666
1695
1675
1919
1959
1973
1969
1958
1957
1948
1954
1951
1956
1955
1959
1964
1967
1959
1962
1957
1958
1955
1949
1962
1953
1958
1959
1957
1963
1945
1956
1949
1952
1963
1959
1960
1968
1954
1941
1958
1960
1950
1951
1960
1951
1942
1953
1958
1963
1950
1951
1967
1961
1951
1966
1958
1952
1970
1945
1966
1967
1960
1956
1967
1960
1942
1944
1947
1955
1970
1949
1958
1957
1952
1959
1951
1954
1956
1942
1945
1958
1965
1959
1961
1965
1956
1944
1966
1962
1961
1948
1953
1968
1947
1971
1957
1950
1955
1957
1964
1958
1954
1958
1953
1963
1953
1962
1953
1950
