977
1933
1944
1962
1966
1963
1968
1945
1958
1948
1956
1957
1951
1969
1958
1955
1961
1964
1960
1956
1956
1960
1943
1954
1961
1948
1951
1960
1947
1965
1965
1955
1956
1957
1951
1959
1965
1943
1953
1949
1955
1954
1955
1950
1951
1958
1954
1950
1957
1958
1951
1947
1956
1944
1954
1957
1945
1954
1958
1962
1965
1960
1949
1951
1946
1962
1954
1958
1959
1968
1960
1954
1955
1959
1957
1949
1962
1962
1976
1952
1967
1956
1952
1965
1957
1959
1962
1962
1960
1953
1965
1956
1961
1965
1955
1963
1960
1966
1970
1967
1818
1687
1704
1700
1701
1691
1656
1699
1665
1690
1707
1614
1478
1472
1430
1460
1474
1365
1238
1254
1279
1074
881
774
828
843
921
917
812
822
815
933
935
781
706
684
734
756
735
638
601
677
684
705
652
667
643
619
579
498
531
515
517
415
459
503
452
407
460
513
400
384
396
358
322
403
444
352
350
446
391
343
336
264
255
203
269
253
235
237
220
217
250
240
179
171
207
172
237
169
136
170
169
198
136
128
122
123
149
149
161
145
160
120
128
106
101
100
96
93
104
101
107
101
85
70
87
57
74
73
57
58
75
76
80
85
87
79
71
107
99
101
97
82
103
89
82
83
73
76
78
85
86
78
51
86
87
79
74
92
75
76
66
86
73
76
94
88
80
90
90
77
91
91
77
82
74
76
105
98
83
95
104
121
115
95
89
96
126
111
87
85
89
92
117
106
118
76
95
89
77
108
77
98
103
95
87
85
75
95
101
79
83
74
84
84
73
83
91
83
57
87
131
102
130
110
108
134
123
152
144
138
171
194
185
169
226
232
235
180
274
318
329
287
297
248
231
297
258
243
303
321
256
289
353
365
430
452
413
438
522
503
500
549
568
489
579
528
637
801
799
690
796
879
917
926
864
809
998
1159
1239
1257
1234
1421
1593
1662
1713
1709
1689
1929
1955
1961
1966
1952
1946
1964
1948
1957
1964
1964
1961
1962
1950
1950
1966
1957
1944
1948
1946
1959
1949
1956
1949
1949
1962
1960
1946
1952
1957
1965
1968
1956
1967
1960
1960
1948
1969
1951
1960
1953
1950
1956
1958
1945
1949
1964
1967
1959
1956
1949
1955
1961
1964
1948
1966
1956
1965
1959
1954
1962
1956
1962
1965
1955
1962
1948
1959
1951
1957
1962
1954
1954
1961
1955
1958
1949
1948
1944
1959
1947
1939
1946
1955
1951
1956
1966
1946
1944
1956
1936
1959
1943
1957
1952
1957
1957
1934
1953
1950
1940
1959
1955
1954
1958
1945
1952
1950
1952
1954
1953
1965
1957
1954
1958
1952
1954
1951
1950
1936
1953
