978
1949
1950
1951
1951
1958
1958
1940
1948
1952
1939
1946
1948
1949
1953
1945
1958
1946
1957
1956
1937
1953
1954
1952
1956
1947
1951
1966
1950
1951
1949
1958
1959
1962
1951
1948
1947
1954
1954
1944
1947
1947
1948
1946
1951
1941
1950
1951
1953
1967
1964
1965
1953
1944
1950
1958
1959
1945
1954
1951
1945
1954
1948
1952
1944
1946
1947
1960
1963
1958
1944
1958
1952
1957
1951
1974
1961
1948
1958
1932
1944
1960
1962
1959
1944
1964
1951
1963
1965
1962
1954
1947
1959
1948
1964
1956
1958
1952
1972
1948
1933
1963
1953
1954
1954
1717
1714
1700
1678
1680
1681
1719
1701
1691
1688
1465
1444
1258
1252
1283
1485
1323
1196
1093
1088
1080
1028
974
816
785
770
924
919
906
815
740
861
918
883
788
796
785
688
648
568
507
484
419
451
378
383
379
354
385
355
394
468
385
456
394
318
336
387
351
287
342
334
251
256
331
317
248
253
245
161
190
170
156
166
160
165
189
176
165
131
172
150
108
126
80
97
104
77
111
110
85
78
97
78
73
101
84
81
73
87
87
92
116
91
130
103
113
80
86
93
78
70
66
77
89
82
80
92
76
90
83
87
96
77
82
100
92
89
97
89
78
70
85
79
81
81
65
90
69
82
91
123
102
111
119
133
108
102
120
106
94
77
81
69
84
84
94
85
93
66
95
76
89
85
92
104
100
105
95
92
73
90
103
83
101
71
90
79
77
90
85
92
110
93
134
118
130
99
116
95
99
136
100
112
83
101
85
96
111
111
114
98
81
81
108
88
89
119
98
102
81
91
98
86
111
141
157
157
132
134
119
152
141
92
86
105
124
73
72
120
108
85
117
112
116
88
115
116
121
131
144
151
171
228
260
296
331
343
436
542
671
916
959
1148
1434
1688
1676
1667
1705
1917
1963
1965
1966
1949
1961
1959
1962
1955
1958
1961
1954
1949
1957
1963
1963
1964
1962
1959
1950
1958
1958
1958
1949
1959
1961
1969
1962
1955
1959
1956
1964
1963
1954
1966
1962
1942
1961
1946
1949
1954
1954
1952
1969
1954
1956
1957
1962
1953
1954
1961
1952
1948
1950
1958
1962
1955
1946
1962
1952
1962
1947
1963
1955
1952
1948
1943
1963
1963
1961
1958
1964
1942
1959
1947
1952
1949
1941
1960
1944
1948
1960
1970
1954
1968
1965
1952
1940
1948
1941
1945
1946
1960
1956
1971
1956
1953
1960
1939
1974
1961
1946
1954
1947
1952
1941
1948
1964
1956
1943
1952
1950
1945
1950
1948
1956
1945
1948
1948
1955
1950
1951
1939
1953
1941
1944
1956
1946
1952
1947
1950
1948
1943
1943
1928
1941
