976
1946
1956
1942
1945
1947
1952
1945
1957
1956
1955
1946
1944
1941
1950
1953
1940
1955
1961
1945
1956
1950
1954
1942
1945
1952
1960
1962
1955
1957
1965
1945
1964
1963
1947
1958
1954
1956
1953
1961
1949
1960
1958
1968
1959
1948
1952
1957
1952
1961
1953
1957
1957
1944
1958
1944
1956
1941
1956
1959
1948
1963
1958
1956
1948
1963
1959
1950
1952
1952
1959
1960
1964
1946
1950
1955
1951
1949
1962
1961
1971
1953
1951
1956
1951
1956
1953
1963
1952
1952
1951
1949
1962
1961
1963
1962
1959
1960
1960
1962
1956
1955
1960
1950
1963
1957
1940
1697
1690
1674
1721
1486
1477
1455
1479
1471
1299
1231
1250
1246
1230
1228
1235
1080
1069
1066
1067
917
842
771
839
885
951
814
729
747
831
748
627
573
613
664
680
599
525
499
550
513
512
500
570
522
500
484
479
472
528
474
497
502
456
395
417
381
338
408
410
290
279
349
318
250
271
262
250
257
262
235
227
213
277
284
267
239
186
193
215
165
240
223
235
263
239
228
237
201
164
206
186
187
131
142
119
149
129
127
115
102
110
124
125
117
101
115
114
125
117
89
85
73
86
90
85
72
68
64
57
82
59
73
54
73
80
72
69
44
56
52
48
48
53
46
61
46
44
54
60
65
68
73
56
62
68
56
63
51
57
50
56
68
51
59
52
59
61
49
82
75
73
72
68
69
68
77
95
79
83
78
79
70
96
79
85
68
84
82
90
69
95
112
120
129
92
106
80
108
119
144
135
137
138
153
142
151
136
144
142
147
175
229
223
196
247
159
238
271
206
241
214
232
293
255
240
258
213
182
211
244
235
196
229
249
244
245
342
312
246
339
335
326
406
382
336
313
345
346
384
426
419
502
525
487
481
550
579
576
605
604
672
652
623
513
616
715
808
729
672
721
785
856
942
913
958
1103
1089
1097
1093
1069
1209
1360
1428
1423
1520
1673
1910
1951
1960
1955
1967
1960
1959
1968
1951
1943
1966
1957
1951
1960
1952
1959
1960
1953
1957
1959
1955
1958
1965
1959
1952
1957
1952
1962
1963
1951
1958
1966
1953
1963
1951
1961
1953
1967
1955
1948
1955
1964
1957
1964
1959
1971
1944
1963
1938
1957
1954
1954
1952
1946
1953
1956
1967
1952
1958
1958
1950
1958
1958
1960
1955
1954
1960
1958
1941
1956
1955
1957
1937
1944
1949
1949
1954
1953
1959
1956
1953
1974
1953
1958
1946
1957
1947
1955
1955
1960
1942
1953
1942
1945
1947
1957
1949
1945
1957
1953
1944
1962
1954
1942
1954
1939
1945
1957
1952
1951
1952
1958
1951
1955
1948
1944
