972
1947
1955
1956
1949
1954
1959
1935
1952
1953
1951
1962
1947
1954
1935
1950
1944
1956
1948
1945
1950
1959
1957
1958
1957
1939
1954
1958
1950
1958
1947
1951
1953
1949
1959
1959
1949
1959
1951
1948
1957
1950
1960
1974
1949
1958
1956
1945
1947
1951
1953
1960
1957
1951
1951
1954
1964
1949
1955
1956
1953
1947
1943
1952
1958
1946
1960
1953
1951
1947
1956
1948
1942
1962
1953
1953
1969
1958
1963
1956
1952
1942
1957
1942
1942
1958
1955
1966
1955
1960
1962
1937
1961
1956
1947
1957
1938
1958
1963
1959
1951
1950
1964
1949
1951
1943
1961
1966
1954
1958
1743
1667
1659
1674
1707
1516
1417
1254
1204
1284
1243
1271
1130
1071
1071
1185
1266
1243
1157
1085
1068
1224
1158
1085
844
758
802
789
771
699
608
581
596
527
519
437
428
404
448
450
445
455
443
434
440
463
418
397
407
341
253
233
297
232
171
229
187
176
162
210
192
149
173
188
169
133
134
116
110
102
86
85
89
81
79
79
72
66
84
53
78
79
71
91
64
68
79
88
73
79
66
67
90
75
70
103
87
89
76
89
67
87
72
80
87
97
92
101
95
83
83
95
77
86
78
78
78
68
83
95
110
96
105
89
102
97
96
96
94
101
99
123
93
104
90
97
87
122
108
110
117
133
96
124
96
112
100
76
114
93
103
106
88
88
84
90
92
95
84
87
122
87
87
94
102
93
91
95
111
72
89
85
101
116
93
101
89
73
87
72
87
86
84
115
79
85
99
78
99
79
76
83
87
97
84
91
88
67
68
113
101
81
95
79
110
128
88
115
97
103
101
109
87
85
89
82
103
98
80
64
113
98
74
80
107
95
62
114
91
72
88
106
79
82
76
79
103
128
123
156
163
212
224
358
430
609
792
957
1067
1167
1293
1713
1893
1967
1958
1969
1964
1960
1950
1937
1957
1952
1958
1952
1957
1958
1944
1941
1952
1954
1966
1956
1961
1949
1951
1957
1956
1952
1956
1967
1955
1955
1940
1956
1955
1954
1944
1945
1951
1962
1954
1958
1951
1945
1969
1954
1959
1962
1952
1954
1950
1969
1956
1958
1965
1953
1949
1965
1935
1962
1960
1953
1962
1965
1955
1948
1955
1953
1961
1952
1960
1957
1952
1962
1965
1960
1958
1950
1946
1947
1959
1948
1959
1949
1948
1953
1957
1956
1957
1953
1950
1955
1945
1939
1950
1954
1952
1956
1951
1958
1953
1945
1965
1942
1951
1953
1957
1951
1955
1950
1954
1948
1939
1947
1947
1957
1953
1939
1939
1961
1960
1951
1950
1939
1942
1955
1945
1941
1960
1952
1963
1959
1938
1942
1935
1953
1953
1939
1938
1959
