972
1947
1942
1945
1945
1961
1953
1947
1947
1957
1965
1954
1949
1963
1948
1949
1952
1950
1953
1952
1965
1953
1960
1956
1953
1948
1951
1963
1954
1961
1935
1962
1971
1963
1957
1960
1962
1952
1955
1959
1943
1950
1958
1946
1954
1948
1947
1949
1962
1951
1949
1958
1950
1950
1951
1972
1952
1952
1956
1946
1953
1951
1951
1972
1944
1949
1959
1955
1945
1964
1950
1969
1961
1957
1952
1949
1952
1962
1955
1953
1945
1965
1957
1968
1951
1951
1956
1961
1956
1952
1948
1948
1960
1954
1969
1950
1957
1960
1969
1960
1961
1963
1961
1952
1947
1777
1659
1490
1426
1461
1457
1469
1404
1452
1431
1466
1435
1370
1255
1288
1353
1383
1235
930
921
920
902
935
831
800
828
973
848
738
670
757
812
802
814
784
760
831
792
700
621
524
590
624
610
555
470
479
443
463
425
455
472
420
438
602
500
421
414
321
271
329
447
339
345
391
310
251
263
267
320
297
313
274
284
279
291
317
339
338
254
252
248
169
260
231
257
287
210
279
194
170
203
224
216
161
129
153
111
127
121
99
82
88
92
106
110
107
106
96
105
85
95
69
70
87
87
91
77
85
73
83
64
56
81
73
88
73
60
61
64
48
54
46
47
50
43
54
52
57
40
36
49
50
53
64
75
59
58
58
48
50
47
48
43
60
58
48
54
72
58
64
82
74
69
80
80
71
82
73
87
87
85
83
84
89
75
103
78
51
68
94
93
96
109
105
81
113
115
121
98
109
123
120
129
157
118
135
83
133
126
141
124
111
109
161
173
177
205
140
200
214
199
243
234
234
189
233
271
252
258
210
248
278
322
247
317
321
240
258
309
361
324
365
401
411
456
484
415
384
407
397
404
391
375
417
422
471
499
513
522
484
473
541
546
654
684
561
659
859
907
861
809
856
934
1045
1031
950
927
1029
1216
1220
1247
1273
1418
1655
1693
1689
1714
1959
1941
1946
1959
1954
1958
1960
1959
1976
1959
1964
1962
1958
1955
1952
1946
1964
1955
1962
1947
1959
1960
1956
1958
1948
1958
1944
1964
1965
1961
1964
1962
1949
1955
1970
1962
1964
1963
1957
1960
1950
1959
1957
1954
1956
1953
1969
1958
1976
1964
1956
1943
1952
1963
1969
1948
1955
1948
1948
1950
1952
1953
1954
1963
1967
1945
1950
1960
1939
1952
1961
1964
1955
1958
1965
1960
1966
1964
1964
1963
1952
1950
1958
1961
1951
1944
1950
1953
1957
1946
1950
1949
1974
1954
1955
1940
1949
1949
1953
1950
1946
1955
1961
1944
1954
1955
1957
1962
1952
1949
1950
1946
1955
1955
1944
1945
1934
