980
1950
1951
1953
1945
1968
1962
1962
1956
1948
1952
1962
1955
1957
1957
1967
1964
1955
1954
1943
1958
1955
1952
1946
1956
1952
1958
1955
1955
1951
1953
1952
1947
1954
1963
1956
1955
1968
1960
1958
1951
1958
1958
1964
1963
1961
1965
1958
1949
1956
1964
1960
1959
1973
1968
1954
1953
1952
1961
1956
1956
1957
1952
1955
1954
1953
1961
1957
1947
1954
1960
1957
1955
1961
1959
1947
1961
1951
1958
1955
1950
1961
1957
1963
1958
1968
1950
1949
1963
1958
1959
1954
1959
1958
1950
1960
1963
1955
1958
1960
1953
1958
1975
1958
1952
1944
1962
1966
1954
1963
1976
1960
1967
1953
1966
1953
1916
1704
1449
1427
1433
1394
1253
1065
1106
1097
1065
1027
961
915
900
861
820
699
660
778
808
732
572
557
586
682
725
630
560
536
578
566
498
508
481
489
421
410
370
372
291
279
316
379
381
281
345
342
276
287
326
251
231
302
276
184
263
281
200
167
226
255
262
265
246
257
220
246
229
262
217
180
227
259
210
212
162
154
165
166
199
155
160
109
144
158
137
143
160
95
98
118
111
115
87
107
95
87
91
91
84
69
91
95
92
80
85
85
74
84
94
88
64
81
67
64
73
67
81
48
55
47
49
56
38
76
61
52
46
73
65
61
70
65
72
70
64
62
45
55
43
45
54
61
47
51
45
47
44
63
54
83
65
67
53
65
68
74
63
53
74
58
75
89
72
116
100
115
133
100
116
99
109
133
111
123
122
117
106
123
144
152
139
147
147
175
202
183
191
193
249
250
239
248
244
219
236
183
211
192
187
246
282
289
260
265
234
239
248
227
244
302
299
245
305
379
280
282
403
377
307
355
426
404
451
485
475
437
503
494
416
480
479
516
554
544
510
529
518
493
541
585
677
675
633
598
669
765
750
693
663
796
913
925
825
780
785
956
1055
1071
1094
1067
1234
1253
1271
1272
1253
1289
1276
1424
1442
1401
1486
1537
1724
1659
1689
1659
1931
1952
1962
1954
1956
1957
1958
1964
1959
1961
1962
1948
1953
1954
1955
1955
1950
1953
1951
1954
1956
1950
1961
1960
1955
1950
1962
1966
1956
1953
1961
1959
1966
1966
1965
1965
1948
1955
1951
1959
1946
1963
1960
1947
1950
1947
1945
1956
1957
1964
1957
1960
1960
1941
1963
1955
1960
1959
1960
1964
1947
1965
1958
1962
1959
1956
1961
1953
1956
1944
1957
1961
1962
1965
1960
1940
1957
1949
1960
1959
1946
1954
1953
1947
1952
1955
1963
1953
1950
1958
1954
1957
1958
1952
1957
1949
1954
1961
1961
1951
1951
1956
1953
1945
1951
1931
