978
1935
1941
1944
1956
1943
1949
1940
1956
1939
1941
1952
1952
1961
1955
1957
1945
1936
1947
1944
1942
1940
1950
1938
1936
1952
1948
1944
1951
1955
1950
1951
1945
1955
1964
1949
1955
1948
1948
1967
1951
1954
1962
1958
1954
1958
1950
1962
1950
1955
1947
1967
1954
1954
1962
1944
1958
1961
1952
1952
1956
1953
1948
1976
1963
1949
1950
1961
1955
1951
1954
1956
1952
1948
1958
1965
1940
1960
1967
1956
1951
1957
1962
1946
1959
1969
1957
1946
1976
1954
1955
1964
1961
1962
1946
1950
1947
1962
1966
1955
1952
1955
1955
1956
1957
1953
1957
1964
1959
1944
1760
1673
1700
1669
1699
1504
1428
1252
1228
1228
1244
1120
975
927
898
969
1088
1094
1012
937
922
1064
1070
1083
905
808
806
804
792
700
594
592
557
545
500
471
417
440
458
443
408
419
416
406
422
476
404
384
456
395
283
275
342
261
171
222
200
170
189
239
187
141
176
189
154
177
132
168
126
111
118
96
100
98
80
83
78
64
96
83
99
89
93
93
76
107
65
81
74
70
68
73
88
90
90
97
92
92
71
79
65
60
59
72
85
84
85
96
107
101
80
97
92
94
95
98
78
97
81
90
100
90
110
105
81
86
95
94
87
96
99
86
99
83
79
91
108
119
113
121
98
99
111
123
109
107
101
104
101
85
88
83
89
100
88
93
96
86
94
96
96
106
98
96
86
94
105
84
98
86
76
89
99
85
81
97
91
80
91
96
83
101
70
103
63
88
94
86
76
78
107
112
108
111
112
99
137
124
135
110
127
93
97
72
106
89
85
81
85
86
77
103
102
98
110
107
83
96
71
68
105
95
60
77
109
81
68
71
90
91
84
104
95
63
93
79
83
97
92
117
155
169
253
358
472
640
912
1100
1275
1320
1465
1946
1952
1955
1957
1965
1955
1956
1961
1949
1963
1956
1968
1959
1964
1954
1958
1966
1955
1961
1957
1952
1961
1964
1958
1962
1960
1954
1955
1959
1966
1950
1951
1960
1956
1963
1953
1956
1951
1949
1959
1965
1947
1962
1960
1952
1956
1958
1951
1953
1950
1946
1964
1975
1958
1955
1950
1961
1956
1957
1961
1963
1944
1945
1955
1962
1950
1947
1963
1953
1956
1963
1954
1953
1960
1948
1959
1964
1948
1950
1952
1968
1948
1948
1959
1946
1956
1950
1953
1955
1946
1941
1964
1956
1934
1960
1954
1942
1947
1930
1959
1960
1959
1950
1957
1946
1956
1948
1960
1951
1947
1952
1951
1966
1926
1956
1961
1949
1953
1959
1958
1958
1949
1956
1947
1953
1942
1962
1954
1946
1942
1949
1958
1934
1949
1951
1951
1953
1933
1946
