977
1947
1938
1953
1949
1937
1946
1945
1949
1946
1941
1963
1956
1954
1945
1958
1939
1959
1950
1947
1952
1956
1947
1945
1957
1958
1955
1957
1936
1951
1958
1952
1955
1961
1956
1946
1952
1958
1952
1953
1957
1962
1940
1968
1952
1948
1944
1953
1942
1961
1952
1960
1959
1951
1947
1952
1960
1959
1956
1958
1962
1945
1953
1956
1958
1962
1954
1970
1956
1952
1957
1964
1952
1955
1952
1947
1951
1947
1942
1956
1978
1955
1948
1952
1936
1952
1965
1938
1958
1940
1960
1955
1945
1959
1952
1963
1955
1951
1963
1955
1958
1956
1954
1817
1677
1659
1651
1707
1695
1694
1678
1658
1658
1676
1690
1699
1616
1437
1441
1433
1478
1340
1186
1100
1058
1000
1043
875
847
799
813
883
918
922
748
654
726
801
786
663
713
659
644
610
584
521
505
417
430
442
445
404
373
353
371
419
400
345
341
332
326
262
331
261
199
238
302
222
261
301
282
230
249
259
206
211
175
159
143
125
123
151
112
97
84
115
93
82
98
62
67
67
64
75
83
69
64
78
70
79
86
92
104
53
93
99
84
95
73
80
88
86
102
80
106
87
77
83
73
85
79
76
78
81
84
86
80
86
72
87
106
94
83
79
82
67
89
80
86
89
78
74
99
92
91
100
110
112
134
102
115
108
114
118
117
97
76
83
75
83
68
90
87
97
91
90
98
88
80
90
99
90
83
91
101
105
102
97
102
94
67
99
82
83
66
79
107
80
70
83
72
89
72
93
74
95
96
84
118
104
91
118
103
106
83
87
113
86
81
106
109
82
115
83
92
96
77
97
82
83
68
96
104
88
92
77
103
104
93
93
124
144
92
121
168
128
95
111
118
81
87
87
97
90
93
93
92
115
116
156
215
211
217
296
424
535
776
940
1121
1432
1666
1678
1916
1964
1950
1965
1963
1950
1962
1954
1969
1949
1956
1959
1953
1943
1949
1961
1958
1961
1942
1955
1947
1964
1955
1951
1954
1953
1943
1954
1951
1960
1959
1954
1964
1951
1960
1958
1947
1968
1953
1955
1956
1959
1946
1963
1963
1960
1957
1960
1952
1954
1950
1959
1966
1948
1962
1960
1946
1949
1930
1953
1960
1962
1963
1947
1940
1951
1955
1944
1953
1969
1946
1953
1960
1955
1951
1953
1942
1956
1955
1953
1953
1958
1955
1966
1953
1956
1960
1956
1957
1958
1949
1958
1959
1956
1956
1947
1962
1951
1954
1956
1957
1936
1937
1961
1951
1959
1952
1935
1945
1947
1958
1951
1950
1961
1957
1948
1947
1959
1958
1956
1949
1946
1946
1969
1953
1947
1964
1950
1956
1953
1945
1959
1947
1948
1957
1941
1956
1951
