968
1942
1939
1951
1945
1951
1942
1959
1942
1945
1950
1951
1945
1953
1958
1947
1952
1950
1950
1958
1954
1961
1947
1958
1960
1954
1950
1949
1951
1958
1950
1951
1942
1954
1959
1950
1938
1956
1929
1958
1938
1946
1947
1948
1956
1949
1959
1954
1939
1954
1944
1955
1936
1949
1972
1954
1950
1951
1951
1951
1956
1960
1953
1961
1951
1957
1945
1960
1946
1948
1952
1963
1952
1964
1956
1949
1959
1947
1962
1947
1953
1957
1941
1955
1954
1947
1961
1946
1957
1955
1952
1940
1956
1945
1954
1957
1960
1962
1967
1945
1954
1953
1963
1960
1955
1951
1948
1953
1954
1946
1951
1957
1932
1958
1960
1963
1951
1957
1959
1957
1907
1664
1564
1442
1441
1427
1450
1222
1172
1063
1106
1064
971
955
767
685
655
718
685
563
502
514
474
469
401
353
389
350
378
395
381
390
374
327
394
392
341
297
359
279
221
208
237
183
159
170
154
86
95
119
111
80
85
86
84
60
79
88
88
70
94
84
84
96
56
80
90
54
86
74
99
89
83
89
76
89
77
93
68
82
87
89
88
74
79
84
79
93
72
102
87
87
77
77
82
104
95
106
77
86
87
96
98
85
96
96
80
107
91
88
96
95
75
80
83
82
87
102
137
103
87
96
99
94
80
92
122
95
100
124
105
113
125
111
129
116
75
114
95
96
98
102
99
106
97
94
80
100
85
99
104
113
77
99
87
77
92
89
105
91
75
77
81
102
76
108
88
88
99
86
72
92
75
81
76
78
104
72
78
96
79
73
80
98
82
79
83
82
78
89
77
78
99
71
61
74
74
77
71
86
79
70
72
66
73
89
82
92
85
78
82
62
65
62
98
93
57
102
86
77
79
99
91
107
112
126
147
177
229
276
283
331
362
387
572
580
657
692
806
863
905
1086
1211
1219
1274
1258
1368
1513
1682
1686
1682
1701
1881
1958
1954
1953
1955
1951
1955
1947
1955
1952
1953
1937
1971
1945
1941
1955
1955
1948
1945
1951
1947
1950
1947
1958
1956
1950
1950
1956
1951
1958
1953
1958
1967
1945
1944
1952
1961
1945
1955
1956
1956
1961
1958
1958
1956
1951
1964
1952
1957
1951
1966
1967
1959
1953
1954
1948
1951
1954
1953
1946
1940
1952
1952
1952
1967
1967
1958
1951
1967
1945
1931
1946
1965
1948
1949
1949
1957
1938
1962
1948
1961
1956
1949
1957
1948
1943
1956
1945
1942
1949
1949
1950
1953
1944
1959
1956
1955
1955
1938
1951
1947
1947
1959
1959
1957
1961
1951
1950
1955
1950
1958
1959
1944
1945
1953
1951
1961
1957
1944
1949
1936
1949
1956
1952
1942
1948
1942
1951
