978
1938
1941
1954
1955
1950
1957
1954
1944
1954
1953
1953
1959
1937
1954
1952
1945
1957
1954
1955
1935
1963
1958
1953
1949
1966
1960
1966
1947
1957
1960
1957
1956
1951
1962
1947
1950
1957
1948
1964
1940
1957
1953
1954
1951
1950
1957
1948
1944
1966
1958
1958
1966
1954
1968
1958
1960
1967
1961
1938
1952
1959
1953
1960
1962
1959
1955
1959
1952
1957
1954
1966
1955
1963
1953
1958
1969
1948
1961
1956
1954
1964
1950
1966
1953
1957
1956
1959
1965
1955
1966
1954
1965
1948
1964
1949
1955
1955
1959
1971
1963
1956
1953
1959
1962
1954
1948
1952
1956
1954
1951
1943
1961
1963
1966
1957
1957
1956
1958
1956
1962
1967
1962
1951
1964
1964
1878
1690
1689
1647
1682
1584
1374
1065
1103
1066
1006
859
753
677
655
745
530
523
545
552
487
547
486
474
526
469
431
469
443
366
292
266
263
266
244
204
222
202
176
204
230
185
200
196
142
100
130
158
138
95
99
109
100
99
112
104
103
109
95
127
110
112
126
105
117
100
93
114
86
97
99
103
100
106
98
109
88
82
86
92
89
99
101
104
99
112
116
111
98
101
99
133
118
104
118
113
101
110
101
105
100
83
109
72
99
83
77
80
98
86
90
55
81
100
80
91
83
82
83
101
104
122
111
96
102
120
121
96
108
86
83
81
86
76
75
78
92
75
76
59
76
77
79
69
92
85
74
68
85
78
72
77
110
76
92
88
78
85
85
88
84
66
90
75
63
78
92
101
116
128
122
118
126
124
131
133
146
131
123
161
166
215
189
178
169
142
156
118
137
157
153
219
206
234
232
200
218
231
259
174
211
228
283
259
304
305
258
304
325
364
286
342
368
325
387
438
354
324
369
429
376
329
384
447
446
548
598
661
638
650
767
802
692
576
486
578
613
674
652
575
552
645
789
870
961
913
1027
1260
1228
1172
1076
1101
1192
1281
1237
1286
1262
1270
1314
1424
1455
1448
1416
1590
1669
1693
1713
1675
1694
1694
1699
1670
1668
1699
1679
1674
1907
1967
1962
1953
1954
1944
1959
1964
1960
1967
1954
1948
1968
1956
1960
1938
1962
1963
1960
1961
1960
1950
1963
1954
1952
1944
1951
1952
1966
1958
1964
1957
1957
1965
1960
1962
1969
1972
1954
1965
1962
1956
1954
1951
1950
1934
1961
1950
1948
1961
1955
1951
1950
1958
1952
1948
1956
1955
1947
1950
1958
1963
1959
1966
1959
1952
1947
1948
1944
1955
1951
1955
1957
1959
1954
1945
1956
1953
1961
1956
1960
1962
1944
1955
1967
1957
1963
1961
1958
1941
1952
1947
1958
1934
1952
1958
1935
1943
