967
1947
1944
1953
1961
1956
1936
1962
1952
1959
1961
1958
1953
1951
1961
1951
1943
1958
1956
1956
1947
1964
1941
1956
1958
1948
1952
1957
1957
1963
1958
1952
1960
1944
1961
1958
1955
1961
1947
1967
1952
1934
1958
1950
1957
1947
1958
1951
1950
1952
1956
1955
1952
1960
1956
1952
1953
1943
1944
1959
1948
1961
1953
1944
1952
1951
1966
1951
1962
1950
1960
1955
1950
1949
1952
1966
1947
1962
1963
1957
1958
1951
1966
1958
1952
1964
1946
1949
1957
1966
1960
1950
1959
1960
1967
1927
1959
1968
1899
1680
1671
1673
1706
1692
1708
1707
1670
1689
1716
1708
1697
1601
1459
1467
1440
1460
1289
1263
1226
1253
1238
1251
1210
1114
1051
1147
1245
1261
1035
912
944
895
856
690
582
575
624
703
672
602
498
604
732
821
801
679
644
620
573
579
457
413
361
346
380
430
384
335
368
408
383
323
383
328
306
346
365
286
267
328
310
264
271
255
205
191
237
259
261
209
236
248
211
212
156
137
151
134
147
131
167
193
176
193
216
148
142
134
153
151
135
118
140
116
127
99
95
119
88
81
83
69
79
70
93
90
89
78
98
84
74
96
89
86
89
72
75
75
65
78
85
82
80
80
100
78
57
75
76
87
78
86
89
87
80
106
112
117
119
113
127
117
110
123
116
97
91
89
87
89
79
89
75
90
86
86
97
71
78
91
85
78
106
87
95
107
102
124
99
121
104
120
111
128
109
102
104
100
110
96
87
107
87
84
76
80
98
93
110
112
89
104
99
103
108
83
84
99
111
118
116
114
108
84
146
146
96
116
119
107
70
99
110
99
118
102
125
147
117
110
141
171
168
179
239
221
136
222
216
206
237
264
310
236
307
358
421
458
419
460
510
481
462
500
533
497
564
509
519
663
691
708
806
891
1018
1104
1044
1081
1352
1561
1674
1688
1723
1688
1858
1953
1970
1965
1961
1958
1951
1945
1956
1975
1973
1970
1964
1950
1948
1948
1966
1944
1961
1964
1964
1965
1960
1957
1953
1955
1956
1958
1963
1970
1960
1959
1967
1948
1954
1951
1971
1953
1960
1957
1956
1968
1951
1959
1950
1953
1957
1950
1944
1958
1959
1948
1961
1945
1958
1954
1955
1963
1956
1957
1952
1964
1957
1956
1954
1965
1945
1949
1963
1945
1956
1952
1957
1959
1956
1964
1949
1958
1955
1944
1963
1958
1956
1961
1953
1959
1954
1953
1953
1958
1953
1959
1962
1949
1949
1951
1949
1958
1967
1955
1956
1948
1953
1950
1945
1954
1952
1959
1952
1962
1932
1950
1952
1937
1962
1951
1953
1937
1952
1956
1946
1947
1950
1947
1951
1923
