970
1939
1956
1944
1942
1960
1945
1946
1949
1948
1967
1949
1961
1945
1955
1956
1943
1948
1954
1947
1957
1953
1950
1947
1954
1947
1953
1958
1951
1948
1954
1955
1948
1947
1961
1960
1952
1968
1953
1960
1953
1945
1961
1952
1958
1956
1958
1972
1955
1959
1952
1954
1954
1969
1959
1955
1956
1952
1947
1956
1959
1958
1945
1967
1953
1952
1955
1949
1963
1940
1953
1961
1958
1950
1952
1944
1944
1953
1966
1953
1965
1959
1951
1953
1961
1955
1949
1961
1965
1953
1958
1965
1962
1962
1954
1953
1954
1956
1967
1955
1842
1681
1726
1689
1686
1671
1689
1692
1697
1701
1696
1606
1469
1472
1541
1695
1495
1364
1227
1275
1275
1158
1030
925
885
1010
1125
1096
952
955
952
1054
919
790
682
667
796
832
815
671
559
647
745
629
595
550
540
505
533
501
466
453
464
409
419
474
451
390
412
437
297
263
319
286
219
265
305
309
292
398
354
253
270
248
237
227
225
195
204
228
247
220
232
217
143
155
139
111
161
118
133
180
142
155
162
124
111
124
146
181
169
163
149
117
136
106
118
127
104
104
92
92
87
103
89
69
78
65
59
72
68
46
67
72
70
81
66
71
77
85
71
62
84
78
55
66
66
59
78
75
72
63
61
70
46
82
77
82
62
87
71
86
90
84
90
81
68
63
59
67
76
91
55
62
61
69
76
83
74
76
72
70
70
86
85
87
85
87
86
71
75
80
87
81
86
91
91
72
127
122
93
115
85
107
106
117
116
87
94
85
92
89
85
102
80
86
94
53
68
80
82
83
106
71
101
114
89
101
85
106
113
120
130
103
149
123
151
134
154
124
202
266
251
240
308
239
240
325
265
216
261
280
258
260
313
348
316
343
301
370
383
393
441
492
501
461
598
528
584
809
789
658
714
900
1015
1074
978
911
1169
1325
1466
1438
1451
1650
1681
1721
1698
1710
1962
1963
1969
1959
1961
1947
1958
1950
1959
1945
1946
1949
1956
1963
1958
1952
1965
1946
1961
1958
1958
1950
1960
1966
1963
1949
1961
1958
1960
1950
1966
1960
1946
1955
1960
1957
1960
1953
1947
1958
1960
1958
1961
1946
1965
1958
1966
1956
1957
1964
1959
1959
1959
1956
1959
1959
1942
1960
1942
1955
1966
1951
1947
1953
1945
1960
1954
1956
1956
1960
1967
1967
1954
1949
1961
1967
1950
1976
1960
1947
1961
1951
1959
1957
1963
1947
1946
1946
1956
1937
1964
1957
1953
1957
1949
1951
1960
1962
1958
1943
1951
1955
1944
1947
1953
1953
1966
1957
1964
1958
1948
1947
1958
1952
1954
1944
1958
1948
1950
1953
1927
1947
