970
1943
1949
1947
1956
1953
1948
1962
1951
1951
1960
1958
1951
1930
1947
1950
1958
1962
1956
1951
1969
1969
1956
1945
1958
1956
1953
1963
1943
1955
1965
1957
1954
1944
1941
1955
1949
1959
1957
1961
1948
1957
1955
1962
1950
1955
1958
1936
1945
1963
1960
1936
1945
1948
1955
1960
1967
1952
1960
1954
1950
1958
1950
1960
1957
1960
1954
1945
1962
1956
1951
1959
1957
1967
1956
1950
1957
1952
1947
1960
1958
1949
1959
1955
1953
1956
1951
1948
1965
1954
1946
1956
1966
1970
1960
1958
1951
1956
1956
1954
1958
1964
1972
1965
1962
1960
1958
1966
1960
1942
1955
1952
1966
1954
1964
1963
1963
1954
1720
1686
1674
1693
1448
1459
1441
1490
1423
1226
1099
1090
1162
1201
1040
827
817
761
827
718
591
574
703
679
599
550
592
553
608
564
464
448
405
449
436
463
387
392
406
317
410
487
343
317
364
347
345
368
348
339
344
405
321
264
288
273
223
194
220
206
179
167
155
155
155
161
157
164
165
117
178
137
136
128
112
98
84
84
82
95
61
72
87
106
84
77
86
108
114
114
98
83
82
82
78
77
71
74
67
58
70
70
74
61
76
67
80
75
82
91
80
84
98
86
120
95
81
71
67
74
70
72
72
66
66
84
56
79
148
121
97
129
114
103
102
111
120
82
70
62
59
63
75
84
61
49
54
55
87
80
71
68
76
79
74
56
65
64
69
69
76
61
78
75
75
81
83
81
86
89
97
102
131
129
106
128
94
117
135
115
113
101
108
157
140
159
113
146
155
218
219
294
214
221
257
165
216
242
248
228
175
225
223
196
236
223
270
198
221
275
308
291
293
401
267
297
377
331
290
330
380
389
404
430
445
462
402
464
454
427
497
495
510
550
571
639
657
630
668
656
661
645
618
686
783
732
709
682
660
784
993
1048
952
917
961
1108
1085
992
908
917
1032
1212
1184
1086
1096
1139
1235
1266
1230
1239
1240
1365
1446
1438
1425
1437
1648
1774
1963
1953
1971
1952
1957
1964
1950
1958
1959
1952
1948
1956
1964
1955
1954
1963
1959
1949
1960
1950
1952
1961
1959
1963
1957
1964
1958
1956
1952
1953
1972
1955
1960
1951
1970
1962
1956
1967
1960
1961
1953
1950
1962
1956
1948
1951
1955
1935
1957
1960
1964
1958
1952
1956
1957
1955
1954
1951
1961
1952
1964
1962
1951
1948
1964
1953
1954
1949
1953
1956
1957
1958
1967
1951
1954
1961
1967
1959
1950
1952
1945
1956
1958
1958
1955
1952
1944
1961
1961
1949
1957
1955
1947
1960
1960
1943
1959
1947
1951
1967
1953
1955
1939
1947
