975
1951
1953
1953
1950
1951
1950
1964
1945
1958
1962
1948
1948
1959
1944
1951
1961
1945
1946
1956
1953
1943
1960
1949
1950
1957
1962
1958
1951
1952
1951
1946
1955
1961
1963
1954
1955
1967
1957
1963
1953
1966
1964
1944
1962
1956
1965
1958
1955
1964
1948
1967
1957
1946
1950
1952
1947
1952
1944
1949
1955
1955
1959
1967
1960
1956
1968
1969
1952
1951
1969
1951
1949
1956
1948
1955
1953
1950
1946
1957
1964
1962
1948
1958
1950
1945
1954
1962
1946
1960
1951
1957
1952
1961
1940
1965
1958
1961
1977
1958
1961
1955
1962
1957
1956
1770
1668
1501
1436
1451
1443
1366
1261
1234
1249
1244
1278
1285
1277
1288
1267
1160
1068
967
955
997
1101
1034
935
890
972
1107
1004
783
711
658
696
712
696
586
552
606
718
619
602
635
650
734
648
608
610
574
502
490
497
468
437
441
516
539
436
397
375
324
279
335
332
274
317
372
348
275
295
258
251
227
240
201
177
242
289
245
237
303
267
285
252
193
246
224
209
169
154
189
130
103
76
109
105
152
123
124
148
130
115
129
97
128
99
105
131
120
118
136
116
100
114
113
93
84
65
89
78
86
66
86
78
79
84
63
80
72
76
71
80
77
62
61
64
83
84
67
72
83
60
65
103
95
107
99
128
108
124
115
102
93
69
71
64
75
63
55
76
49
65
78
71
74
65
84
69
78
102
95
108
87
95
97
98
82
78
118
133
107
99
80
99
72
77
95
101
115
70
98
75
88
87
67
111
90
103
79
68
91
80
108
119
101
111
127
120
140
175
131
158
142
139
145
152
149
143
199
168
205
249
193
193
227
220
230
247
299
272
314
290
238
236
315
314
348
389
428
352
333
411
474
473
568
479
483
481
516
542
591
591
528
584
563
570
667
684
578
693
782
765
821
796
823
1026
1245
1223
1216
1244
1231
1385
1464
1453
1457
1425
1672
1719
1665
1726
1966
1954
1953
1956
1960
1968
1951
1960
1967
1961
1969
1943
1957
1952
1948
1952
1953
1964
1950
1960
1949
1950
1954
1961
1950
1957
1946
1967
1957
1954
1949
1942
1961
1949
1940
1957
1950
1964
1939
1958
1955
1949
1955
1950
1944
1961
1956
1943
1945
1952
1961
1965
1956
1956
1963
1961
1945
1955
1964
1956
1954
1966
1958
1961
1953
1957
1940
1947
1954
1957
1961
1963
1958
1959
1950
1941
1959
1960
1951
1954
1952
1944
1965
1965
1951
1952
1963
1962
1959
1956
1959
1947
1951
1957
1961
1959
1954
1967
1969
1954
1959
1948
1951
1958
1962
1956
1946
1946
1949
1952
1954
1955
1948
1952
1952
1943
1944
