969
1940
1946
1927
1961
1958
1958
1959
1949
1957
1941
1951
1951
1967
1955
1954
1943
1960
1951
1953
1949
1953
1943
1944
1936
1943
1954
1942
1946
1950
1926
1954
1944
1951
1962
1950
1944
1944
1967
1948
1949
1950
1955
1954
1944
1955
1966
1941
1963
1942
1952
1960
1950
1953
1962
1956
1958
1962
1950
1950
1953
1956
1953
1950
1965
1942
1972
1960
1962
1942
1958
1960
1954
1947
1944
1941
1954
1941
1961
1955
1954
1962
1952
1957
1946
1949
1941
1955
1971
1934
1963
1953
1952
1956
1970
1963
1949
1961
1946
1956
1965
1945
1949
1957
1945
1959
1961
1960
1959
1946
1948
1952
1962
1958
1952
1959
1950
1949
1955
1955
1956
1952
1961
1949
1950
1950
1958
1958
1875
1676
1682
1697
1677
1535
1416
1211
1277
1265
1153
1064
946
850
820
707
650
572
560
430
352
344
301
245
204
202
140
129
93
100
98
100
88
63
89
99
63
85
91
50
66
77
91
61
92
80
89
72
84
83
80
71
61
74
100
90
78
76
68
66
88
88
87
91
72
87
69
82
74
77
74
96
74
75
104
81
95
87
61
84
70
86
85
82
101
86
91
80
90
79
78
69
79
82
74
97
106
82
76
89
83
89
101
73
93
83
109
80
74
86
106
103
82
103
87
116
99
118
118
119
104
121
122
112
121
107
105
101
92
100
97
105
93
102
103
67
92
82
101
105
80
94
90
78
93
99
88
90
113
97
85
82
84
99
86
85
84
86
96
87
65
78
67
82
72
87
96
83
83
94
86
88
81
89
73
88
67
70
79
116
67
90
98
77
100
65
62
91
70
102
79
92
96
74
81
84
81
75
85
81
82
70
94
102
80
113
140
169
121
181
254
205
192
290
310
299
355
448
358
348
388
368
357
385
396
358
351
392
441
468
553
508
535
560
690
697
651
696
741
897
1017
1111
1061
1092
1120
1251
1413
1486
1449
1474
1559
1678
1930
1957
1948
1948
1954
1953
1950
1961
1956
1953
1954
1967
1952
1957
1956
1953
1964
1962
1954
1953
1959
1952
1952
1950
1958
1957
1954
1964
1956
1944
1963
1960
1954
1939
1964
1945
1954
1959
1963
1964
1953
1948
1947
1946
1959
1956
1952
1950
1962
1959
1953
1963
1949
1955
1958
1945
1946
1947
1959
1956
1944
1961
1948
1955
1962
1955
1951
1949
1963
1945
1952
1953
1959
1952
1961
1961
1960
1958
1953
1939
1951
1958
1949
1953
1955
1961
1949
1951
1953
1947
1960
1970
1940
1957
1948
1958
1951
1945
1943
1953
1952
1946
1950
1965
1962
1940
1945
1950
1960
1963
1961
1936
1963
1947
1956
1951
1952
1939
1938
1948
