965
1947
1932
1948
1954
1951
1948
1952
1959
1961
1968
1946
1959
1944
1949
1948
1950
1957
1937
1959
1952
1949
1960
1946
1961
1956
1958
1950
1966
1958
1968
1948
1943
1954
1947
1953
1953
1957
1947
1955
1946
1961
1966
1950
1958
1945
1950
1953
1943
1956
1956
1943
1958
1951
1965
1954
1942
1962
1966
1952
1963
1968
1958
1956
1959
1956
1956
1953
1951
1952
1957
1952
1957
1955
1949
1960
1965
1943
1958
1955
1955
1947
1957
1949
1955
1949
1962
1951
1960
1950
1947
1945
1964
1957
1952
1960
1955
1955
1962
1946
1956
1961
1958
1960
1959
1959
1952
1958
1964
1950
1724
1590
1452
1476
1469
1455
1182
1069
1130
1072
1070
1087
1072
894
890
999
1080
1248
977
947
889
1040
902
943
806
801
739
759
746
579
565
617
755
734
724
613
561
587
618
562
486
461
436
444
456
472
435
358
379
422
328
315
408
375
322
412
448
376
340
430
379
297
317
262
197
197
214
216
224
276
278
265
235
213
187
177
145
134
160
122
137
147
132
145
154
110
104
89
133
106
108
123
107
108
123
113
102
101
85
82
68
75
102
77
101
83
81
90
78
77
86
79
70
75
72
70
54
55
55
44
57
60
63
91
52
56
79
65
78
61
73
70
65
74
66
75
116
125
107
113
136
116
116
107
118
100
81
70
61
74
81
78
63
74
68
66
66
55
80
64
53
72
80
60
76
99
101
99
110
99
96
117
125
87
103
98
88
100
96
98
95
95
83
92
77
101
94
79
87
92
102
122
120
136
120
125
108
107
128
98
83
61
113
86
100
123
62
109
95
90
75
103
98
91
106
113
101
144
146
115
140
193
158
163
171
179
129
185
205
184
197
255
211
250
279
267
290
331
310
403
441
517
496
537
604
704
721
692
837
802
798
780
931
1027
1198
1379
1411
1460
1570
1805
1957
1955
1954
1959
1964
1955
1960
1956
1960
1947
1963
1957
1958
1960
1957
1958
1953
1961
1960
1950
1966
1952
1958
1947
1957
1958
1951
1955
1951
1951
1953
1960
1941
1954
1958
1958
1956
1955
1946
1961
1959
1959
1958
1944
1963
1956
1956
1961
1956
1955
1954
1965
1952
1957
1953
1945
1957
1969
1959
1971
1960
1967
1959
1963
1954
1952
1945
1956
1954
1959
1958
1964
1956
1953
1948
1953
1960
1961
1959
1957
1949
1951
1960
1963
1945
1963
1958
1959
1959
1962
1958
1942
1954
1962
1946
1961
1960
1944
1961
1957
1949
1964
1943
1948
1949
1953
1952
1954
1943
1944
1944
1944
1966
1949
1944
1941
1944
1957
1957
1955
1957
1960
1945
1942
1964
1957
1939
1952
1956
1953
