975
1942
1949
1953
1953
1953
1957
1939
1954
1956
1960
1943
1959
1958
1953
1949
1956
1957
1950
1966
1942
1956
1954
1954
1958
1960
1953
1950
1954
1964
1963
1977
1963
1954
1970
1947
1960
1946
1968
1953
1941
1953
1958
1949
1963
1966
1964
1950
1955
1951
1959
1964
1959
1957
1954
1950
1962
1961
1965
1953
1949
1949
1952
1962
1952
1948
1954
1951
1951
1964
1951
1960
1967
1952
1954
1954
1972
1959
1956
1962
1955
1959
1954
1961
1967
1970
1953
1949
1964
1959
1960
1945
1966
1962
1956
1949
1946
1961
1968
1962
1952
1961
1962
1959
1959
1962
1962
1960
1952
1950
1962
1776
1616
1488
1433
1441
1418
1372
1229
1253
1205
1273
1246
1251
1228
1278
1368
1089
972
944
1009
1036
916
787
713
739
783
746
716
706
646
677
668
587
488
593
597
661
669
654
657
625
594
558
524
466
410
371
362
443
370
328
303
296
284
310
330
255
256
359
356
328
337
355
273
237
303
287
254
239
227
239
208
208
175
178
174
169
220
229
230
219
178
215
195
158
146
134
204
223
202
176
147
119
139
145
119
122
84
83
105
118
106
110
120
104
108
119
76
88
82
89
90
62
67
87
86
58
86
73
79
71
66
86
75
64
56
62
74
74
65
56
56
57
55
60
77
59
62
75
59
61
67
54
65
57
60
57
51
84
57
67
65
60
73
62
82
72
70
68
76
91
89
92
86
89
74
100
89
87
108
121
109
102
110
117
132
109
115
97
91
103
74
125
100
123
119
142
144
172
150
156
130
150
150
119
182
152
158
169
133
131
131
136
138
168
154
197
247
242
215
267
221
210
190
198
207
252
274
266
340
404
346
376
437
362
377
426
401
327
398
393
346
268
347
328
401
426
441
527
643
627
658
678
671
646
683
732
778
688
657
566
687
767
922
913
917
931
1088
1120
1092
1079
1088
1411
1305
1146
1063
1107
1203
1389
1464
1429
1393
1441
1615
1682
1660
1676
1883
1953
1962
1962
1965
1953
1954
1954
1969
1957
1959
1964
1955
1961
1957
1954
1957
1959
1956
1961
1958
1953
1944
1955
1964
1955
1959
1945
1960
1959
1960
1953
1953
1968
1961
1967
1962
1966
1954
1948
1962
1949
1945
1967
1963
1954
1967
1954
1946
1965
1939
1966
1967
1952
1957
1969
1960
1970
1957
1957
1952
1963
1954
1936
1953
1961
1961
1967
1961
1959
1960
1944
1963
1962
1964
1966
1953
1954
1953
1946
1959
1944
1950
1963
1947
1951
1947
1963
1956
1945
1955
1956
1957
1955
1958
1942
1956
1951
1960
1965
1948
1941
1973
1946
1953
1958
1965
1950
1946
1948
1956
1964
