965
1940
1939
1955
1952
1952
1955
1953
1951
1956
1968
1960
1942
1949
1953
1956
1956
1956
1960
1964
1950
1948
1944
1955
1943
1950
1955
1954
1962
1956
1945
1952
1947
1951
1946
1944
1954
1954
1957
1945
1944
1955
1953
1952
1964
1957
1952
1949
1953
1949
1941
1961
1947
1947
1958
1941
1953
1953
1945
1961
1955
1967
1971
1954
1955
1953
1947
1969
1940
1957
1959
1958
1952
1953
1954
1955
1963
1950
1963
1954
1958
1956
1938
1958
1953
1963
1946
1950
1950
1961
1959
1961
1956
1947
1946
1961
1955
1954
1962
1941
1952
1947
1960
1957
1952
1956
1960
1944
1947
1950
1949
1951
1955
1952
1963
1954
1970
1964
1946
1962
1954
1953
1956
1957
1951
1952
1964
1962
1883
1670
1689
1698
1697
1501
1408
1256
1250
1259
1219
1076
943
887
771
716
679
621
590
414
353
346
272
235
205
196
165
130
121
101
103
77
78
64
93
97
71
67
90
68
53
69
81
61
82
90
82
79
93
63
68
83
83
92
69
85
58
72
71
67
89
89
78
82
71
72
88
64
70
76
80
71
85
96
94
85
97
75
78
86
75
84
90
85
99
81
119
97
93
92
85
84
76
102
89
94
97
103
88
96
108
94
85
88
72
86
88
90
98
101
99
92
73
110
99
99
94
96
123
123
118
115
93
131
123
102
103
112
102
90
97
105
101
96
104
75
98
69
94
93
81
111
114
80
81
84
77
106
110
86
91
75
74
93
109
83
97
74
89
78
85
81
69
79
76
85
95
89
90
80
91
71
99
84
91
86
73
85
74
81
83
88
82
87
84
67
81
79
65
75
69
79
77
81
77
87
92
66
78
98
81
72
102
106
97
115
134
155
132
219
214
216
225
301
321
289
335
397
410
331
368
376
375
374
369
368
384
371
423
486
469
530
502
590
644
705
672
699
750
897
984
1088
1065
1080
1169
1237
1470
1466
1416
1460
1584
1684
1917
1956
1953
1937
1947
1948
1954
1960
1951
1950
1961
1960
1958
1953
1960
1948
1936
1952
1959
1954
1953
1947
1964
1953
1959
1953
1957
1944
1961
1948
1964
1957
1959
1938
1956
1958
1969
1946
1963
1960
1949
1958
1952
1952
1953
1956
1944
1957
1948
1961
1950
1962
1953
1947
1963
1946
1956
1960
1942
1961
1957
1949
1946
1956
1948
1963
1953
1959
1946
1955
1954
1953
1964
1946
1952
1958
1964
1949
1961
1960
1962
1957
1965
1953
1953
1954
1955
1948
1948
1948
1954
1949
1961
1951
1946
1952
1955
1939
1939
1964
1960
1952
1957
1953
1953
1950
1961
1946
1952
1957
1942
1941
1940
1955
1939
1956
1953
1953
1928
1940
