965
1939
1949
1958
1947
1953
1950
1966
1945
1951
1949
1942
1954
1955
1958
1952
1942
1951
1942
1950
1961
1955
1956
1945
1966
1950
1964
1945
1953
1949
1962
1962
1959
1949
1962
1959
1950
1956
1947
1970
1956
1962
1951
1943
1958
1952
1950
1942
1957
1952
1960
1944
1953
1965
1955
1954
1948
1962
1957
1956
1953
1964
1950
1958
1963
1956
1965
1949
1943
1957
1950
1958
1944
1965
1937
1955
1952
1944
1955
1963
1952
1955
1955
1953
1961
1955
1965
1957
1956
1948
1961
1949
1942
1943
1957
1957
1953
1962
1968
1948
1957
1957
1946
1958
1946
1734
1690
1661
1702
1689
1451
1471
1501
1476
1442
1452
1402
1231
1234
1324
1453
1466
1397
1217
1203
1253
1184
933
732
697
690
814
788
748
682
678
731
776
772
704
619
632
655
623
670
590
551
549
614
538
496
523
448
394
439
471
431
404
425
386
371
291
347
301
267
287
339
277
240
314
248
227
250
246
199
176
208
170
171
175
160
176
184
180
148
157
152
134
131
116
132
128
115
129
147
105
91
110
72
82
97
109
90
72
82
79
84
79
93
84
86
73
53
91
100
85
87
90
98
98
94
82
80
85
78
92
77
78
79
104
114
73
80
94
100
85
93
57
83
93
87
102
100
109
74
84
119
125
114
130
116
125
107
111
100
93
82
73
86
90
86
77
76
89
92
92
79
67
93
94
96
110
101
79
89
82
91
106
91
112
95
70
102
100
85
112
128
116
113
101
121
119
88
106
78
89
121
104
106
106
84
100
102
107
98
95
91
83
84
98
80
103
121
92
110
114
88
107
94
92
86
105
85
60
101
84
103
112
72
85
76
116
72
99
92
117
89
109
124
114
130
121
119
179
218
222
277
313
338
361
457
479
461
550
550
589
690
697
842
1083
1260
1247
1230
1377
1654
1903
1966
1949
1952
1960
1968
1962
1953
1957
1955
1951
1956
1952
1952
1938
1959
1957
1958
1963
1959
1958
1948
1953
1945
1963
1959
1963
1945
1966
1958
1942
1966
1961
1941
1950
1964
1965
1953
1946
1955
1948
1960
1944
1958
1956
1954
1963
1942
1951
1959
1957
1956
1956
1949
1945
1961
1962
1958
1965
1967
1957
1958
1943
1954
1967
1957
1954
1952
1961
1949
1955
1962
1949
1949
1944
1955
1955
1954
1962
1947
1953
1966
1952
1964
1962
1959
1951
1958
1947
1965
1947
1959
1955
1956
1956
1955
1951
1955
1944
1957
1953
1965
1942
1954
1953
1948
1965
1950
1957
1965
1959
1951
1964
1954
1957
1937
1952
1958
1952
1945
1947
1946
1949
1940
1962
1955
1946
1961
1944
1939
1952
1958
1947
1949
1941
