963
1950
1932
1952
1946
1953
1940
1959
1947
1952
1961
1946
1952
1965
1947
1958
1936
1952
1946
1960
1947
1939
1943
1948
1957
1948
1948
1952
1942
1955
1957
1949
1949
1952
1953
1950
1950
1958
1963
1959
1954
1963
1958
1953
1963
1944
1948
1951
1957
1950
1950
1951
1959
1951
1954
1948
1951
1959
1952
1963
1956
1953
1950
1951
1955
1962
1961
1958
1954
1949
1952
1953
1962
1955
1937
1956
1966
1956
1950
1959
1955
1959
1954
1953
1955
1969
1952
1957
1970
1942
1942
1952
1943
1962
1957
1945
1956
1949
1970
1963
1952
1960
1967
1947
1962
1959
1959
1956
1950
1948
1964
1951
1966
1954
1956
1960
1957
1949
1951
1952
1956
1948
1951
1953
1959
1952
1954
1954
1950
1959
1950
1948
1953
1958
1940
1954
1950
1956
1953
1967
1451
1364
1266
1120
925
633
461
330
238
226
154
107
107
99
83
78
70
85
77
90
97
81
68
101
71
101
103
71
66
108
99
70
88
109
81
87
92
100
110
94
84
80
95
90
75
93
115
95
96
94
124
121
132
107
135
113
102
127
125
104
82
86
79
70
79
79
92
91
83
86
91
66
91
100
106
82
94
66
79
78
83
76
85
86
98
96
91
79
91
92
94
102
95
90
102
97
93
90
98
106
94
111
110
101
115
116
99
108
133
120
121
105
111
108
106
97
92
108
108
97
105
85
93
96
94
90
89
89
90
106
104
78
103
89
98
82
85
69
95
87
68
95
85
73
79
98
79
91
64
80
91
66
77
95
97
99
77
69
90
65
81
67
65
59
65
78
62
86
77
97
70
82
109
72
67
107
85
103
92
92
98
118
132
138
141
180
175
205
183
138
195
236
176
152
222
242
200
283
353
281
271
348
449
370
385
478
433
381
414
435
417
469
455
441
442
425
499
540
591
606
624
656
774
799
808
820
866
1044
1057
1071
892
947
989
1102
1050
1016
910
925
1022
1151
1245
1272
1305
1294
1412
1488
1668
1672
1674
1680
1750
1951
1957
1967
1960
1944
1951
1966
1960
1955
1950
1956
1953
1963
1953
1958
1959
1958
1958
1958
1943
1963
1968
1944
1951
1954
1958
1957
1963
1939
1968
1956
1948
1949
1942
1965
1967
1936
1949
1949
1952
1962
1959
1957
1953
1958
1953
1955
1959
1952
1964
1946
1959
1959
1957
1960
1950
1958
1958
1967
1959
1947
1945
1946
1955
1956
1949
1962
1962
1949
1954
1966
1949
1960
1950
1949
1955
1956
1962
1956
1946
1950
1951
1953
1956
1954
1955
1962
1940
1961
1946
1953
1950
1950
1958
1965
1941
1956
1954
1953
1963
1948
1954
1936
1942
1946
1962
1950
1945
1939
