964
1943
1952
1937
1954
1958
1935
1949
1948
1947
1962
1952
1947
1953
1948
1949
1952
1962
1955
1967
1948
1959
1960
1949
1951
1954
1957
1956
1945
1959
1952
1953
1957
1946
1960
1959
1963
1958
1953
1969
1961
1957
1948
1945
1956
1968
1952
1953
1958
1957
1965
1957
1954
1954
1955
1964
1958
1964
1958
1964
1958
1967
1950
1963
1958
1944
1960
1955
1968
1967
1948
1962
1951
1958
1947
1948
1943
1967
1958
1949
1962
1960
1963
1962
1968
1953
1954
1952
1967
1955
1946
1961
1958
1959
1962
1953
1951
1950
1972
1969
1948
1957
1969
1962
1964
1970
1952
1957
1962
1956
1960
1756
1612
1468
1478
1454
1458
1370
1267
1252
1266
1322
1418
1222
1289
1399
1389
1083
932
976
895
947
882
803
639
763
816
771
664
574
590
621
590
525
473
394
534
556
468
497
518
516
543
447
385
424
382
344
398
447
331
257
299
282
244
268
317
276
264
341
311
261
312
327
263
222
267
264
254
288
289
271
230
227
204
246
181
134
228
177
184
195
162
154
119
137
155
154
149
170
149
162
155
156
134
116
106
107
83
98
81
83
76
82
69
84
69
74
86
86
93
104
115
113
127
101
110
108
108
84
90
75
65
57
64
51
35
48
47
47
40
55
41
40
39
49
75
57
74
52
71
62
70
63
62
48
36
42
57
48
53
40
51
44
60
77
82
76
61
77
69
76
53
66
77
87
56
64
72
70
89
68
63
82
86
91
99
90
101
79
89
101
79
104
91
98
142
144
167
154
165
144
146
152
157
137
160
176
191
224
187
193
270
196
203
253
201
212
199
261
232
217
236
254
242
208
303
279
309
267
303
345
254
226
313
310
270
289
343
357
448
409
328
339
369
408
321
349
394
471
516
468
539
532
577
586
596
667
706
682
661
598
657
650
772
724
650
861
918
940
927
897
981
1065
1256
1169
1079
1094
1253
1313
1436
1445
1453
1466
1642
1693
1673
1718
1884
1944
1965
1955
1957
1959
1952
1951
1954
1954
1957
1947
1978
1957
1964
1957
1954
1961
1948
1961
1971
1950
1951
1962
1959
1966
1946
1952
1961
1967
1954
1950
1964
1963
1947
1957
1955
1951
1960
1953
1963
1957
1956
1967
1962
1953
1956
1958
1958
1955
1953
1953
1958
1960
1958
1947
1953
1957
1956
1951
1957
1960
1949
1957
1972
1960
1955
1970
1958
1965
1962
1969
1955
1952
1944
1956
1939
1956
1952
1951
1950
1963
1957
1959
1951
1956
1967
1955
1957
1947
1954
1955
1945
1957
1959
1962
1958
1962
1951
1961
1951
1975
1963
1955
1956
1947
1950
1949
1948
1944
1936
1953
