975
1963
1931
1954
1957
1951
1962
1951
1954
1957
1970
1959
1961
1950
1948
1957
1947
1947
1956
1953
1964
1963
1949
1941
1956
1947
1959
1954
1961
1962
1957
1950
1943
1950
1960
1958
1960
1954
1969
1955
1959
1963
1949
1960
1953
1957
1957
1968
1954
1964
1957
1955
1952
1963
1954
1954
1957
1947
1957
1955
1960
1949
1955
1951
1959
1955
1956
1961
1956
1959
1966
1954
1950
1954
1961
1957
1959
1960
1955
1962
1951
1958
1946
1951
1952
1963
1958
1958
1958
1943
1951
1950
1955
1966
1954
1958
1960
1966
1957
1958
1964
1960
1948
1953
1960
1960
1915
1670
1683
1651
1670
1541
1439
1466
1467
1466
1255
1146
1105
1090
1193
1338
1399
1057
1055
1076
1099
1258
1118
1063
1108
1100
1089
902
778
872
867
793
786
677
685
776
771
771
706
667
655
637
587
636
594
617
584
486
431
478
516
481
528
489
509
443
483
411
396
436
515
368
376
435
348
286
346
378
302
292
277
263
281
268
364
391
298
313
246
239
235
199
280
255
240
261
253
256
261
199
178
165
204
146
149
134
155
152
123
101
110
106
95
131
105
126
116
100
101
87
99
88
77
89
58
74
66
65
68
70
66
72
58
58
60
60
59
81
58
56
40
49
46
45
39
42
37
48
41
44
50
57
59
66
51
63
58
50
65
42
72
49
36
38
38
43
43
45
40
50
63
68
50
59
66
65
75
73
72
60
73
68
59
67
55
89
75
64
69
110
77
81
104
80
96
125
110
121
85
116
116
119
141
134
113
113
115
147
155
139
135
110
143
207
228
179
241
195
225
247
181
253
177
247
283
292
305
278
238
225
237
284
299
227
332
332
304
317
382
422
398
419
411
399
443
408
417
418
426
488
502
546
495
574
639
653
588
638
650
546
624
637
689
616
666
605
656
844
1039
1015
904
934
1072
1152
1207
1092
1099
1256
1277
1238
1265
1249
1478
1428
1449
1434
1466
1676
1909
1953
1951
1956
1952
1962
1957
1967
1956
1966
1959
1949
1951
1961
1958
1958
1955
1957
1954
1959
1954
1953
1961
1946
1962
1950
1954
1960
1958
1966
1946
1968
1962
1957
1966
1954
1947
1956
1962
1947
1951
1952
1960
1959
1954
1951
1955
1969
1950
1953
1961
1959
1965
1958
1948
1957
1958
1961
1953
1958
1959
1966
1951
1944
1965
1956
1956
1954
1960
1956
1951
1953
1948
1954
1954
1959
1967
1961
1963
1958
1966
1954
1956
1967
1963
1960
1939
1949
1971
1958
1951
1957
1949
1962
1968
1957
1947
1956
1954
1964
1955
1955
1955
1964
1953
1951
1955
1964
1953
1947
1936
1962
1951
1945
1943
1954
