970
1940
1938
1953
1946
1963
1946
1948
1957
1958
1952
1949
1956
1957
1952
1970
1953
1949
1931
1963
1949
1955
1950
1957
1949
1938
1956
1960
1956
1953
1948
1959
1961
1952
1955
1938
1944
1965
1940
1960
1960
1955
1943
1953
1958
1958
1950
1948
1950
1954
1960
1956
1966
1955
1958
1953
1951
1953
1954
1955
1957
1945
1943
1951
1971
1941
1951
1955
1958
1965
1954
1960
1954
1958
1952
1955
1956
1958
1968
1970
1955
1952
1964
1947
1946
1966
1964
1966
1955
1956
1961
1950
1952
1959
1962
1964
1950
1969
1966
1958
1957
1950
1950
1964
1952
1962
1956
1959
1956
1952
1957
1961
1956
1953
1956
1954
1960
1951
1968
1958
1959
1961
1956
1944
1947
1957
1955
1956
1941
1960
1954
1813
1587
1459
1456
1407
1174
1049
895
827
811
830
789
765
784
696
591
575
509
503
442
371
326
325
324
251
311
259
238
236
198
158
206
183
167
181
181
153
148
157
137
113
156
164
105
98
108
104
85
109
87
87
93
100
101
83
98
80
107
96
82
107
109
102
113
131
106
116
133
108
111
95
102
86
108
101
66
98
64
97
84
98
79
89
83
95
95
101
130
124
103
110
115
86
103
94
87
85
85
70
73
63
69
73
64
68
62
74
69
70
74
65
69
82
89
86
115
137
100
121
108
119
116
109
104
87
61
64
75
77
63
72
69
69
68
73
71
69
72
68
70
61
69
59
63
55
65
81
90
73
73
83
82
74
95
96
82
92
63
72
73
93
88
102
107
104
108
104
121
96
133
116
103
100
93
95
139
146
125
123
119
116
153
135
165
180
171
244
245
261
281
240
243
200
219
199
213
222
311
322
382
409
382
310
441
365
302
355
384
321
316
431
364
306
420
473
424
421
427
412
459
542
612
572
542
595
679
712
771
659
572
574
764
798
811
784
780
899
964
1087
928
925
1023
1278
1095
978
958
928
1042
1061
1073
1101
1034
1057
1228
1430
1466
1473
1501
1598
1690
1965
1957
1960
1950
1954
1956
1953
1956
1959
1960
1960
1953
1948
1956
1960
1961
1948
1957
1949
1959
1953
1960
1956
1954
1961
1952
1955
1944
1946
1957
1956
1955
1955
1942
1951
1948
1962
1951
1966
1947
1956
1958
1962
1953
1959
1964
1960
1968
1956
1950
1957
1959
1959
1961
1963
1958
1953
1957
1959
1953
1951
1970
1959
1949
1956
1950
1942
1950
1948
1947
1950
1958
1953
1943
1948
1956
1963
1948
1957
1954
1951
1955
1949
1964
1951
1956
1958
1962
1957
1945
1939
1963
1955
1959
1945
1949
1950
1954
1947
1952
1961
1948
1943
1941
1960
1957
1939
1939
1940
