0 0 2.699997
0 1 3.050001
0 2 3.050001
0 3 3.050001
0 4 3.050001
0 5 3.050001
0 6 3.050001
0 7 3.050001
0 8 3.050001
0 9 3.050001
0 10 3.050001
0 11 3.050001
0 12 3.050001
0 13 3.050001
0 14 3.050001
0 15 3.050001
0 16 3.050001
0 17 3.050000
0 18 3.050001
0 19 3.050001
0 20 3.050001
0 21 3.050000
0 22 3.050000
0 23 3.050001
0 24 3.050001
0 25 3.050001
0 26 3.050001
0 27 3.050001
0 28 3.050000
0 29 3.050001
0 30 3.050000
0 31 3.050001
1 0 4.266548
1 1 4.283519
1 2 4.346282
1 3 4.357595
1 4 4.422297
1 5 4.439267
1 6 4.456239
1 7 4.473208
1 8 4.490179
1 9 4.607151
1 10 4.624121
1 11 4.641090
1 12 4.658062
1 13 4.675032
1 14 4.740624
1 15 4.751939
1 16 4.813812
1 17 4.830783
1 18 4.847754
1 19 4.864725
1 20 4.881695
1 21 4.898666
1 22 5.015635
1 23 5.032606
1 24 5.049578
1 25 5.066547
1 26 5.083518
1 27 5.146281
1 28 5.157597
1 29 5.222298
1 30 5.239268
1 31 5.256238
2 0 3.080669
2 1 3.020734
2 2 3.009419
2 3 2.998106
2 4 2.986792
2 5 2.975478
2 6 2.917438
2 7 2.911782
2 8 2.906124
2 9 2.900467
2 10 2.894810
2 11 2.889153
2 12 2.883497
2 13 2.826390
2 14 2.815076
2 15 2.803763
2 16 2.792449
2 17 2.781135
2 18 2.669821
2 19 2.658508
2 20 2.647193
2 21 2.635880
2 22 2.624566
2 23 2.613252
2 24 2.601939
2 25 2.590625
2 26 2.525033
2 27 2.508062
2 28 2.491092
2 29 2.474121
2 30 2.457151
2 31 2.340180
3 0 0.000000
3 1 0.000000
3 2 0.000000
3 3 0.000000
3 4 0.000000
3 5 0.000000
3 6 0.000000
3 7 0.000000
3 8 0.000000
3 9 0.000000
3 10 0.000000
3 11 0.000000
3 12 0.000000
3 13 0.000000
3 14 0.000000
3 15 0.000000
3 16 0.000000
3 17 0.000000
3 18 0.000000
3 19 0.000000
3 20 0.000000
3 21 0.000000
3 22 0.000000
3 23 0.000000
3 24 0.000000
3 25 0.000000
3 26 0.000000
3 27 0.000000
3 28 0.000000
3 29 0.000000
3 30 0.000000
3 31 0.000000
4 0 0.000000
4 1 0.000000
4 2 0.000000
4 3 0.000000
4 4 0.000000
4 5 0.000000
4 6 0.000000
4 7 0.000000
4 8 0.000000
4 9 0.000000
4 10 0.000000
4 11 0.000000
4 12 0.000000
4 13 0.000000
4 14 0.000000
4 15 0.000000
4 16 0.000000
4 17 0.000000
4 18 0.000000
4 19 0.000000
4 20 0.000000
4 21 0.000000
4 22 0.000000
4 23 0.000000
4 24 0.000000
4 25 0.000000
4 26 0.000000
4 27 0.000000
4 28 0.000000
4 29 0.000000
4 30 0.000000
4 31 0.000000
5 0 0.000000
5 1 0.000000
5 2 0.000000
5 3 0.000000
5 4 0.000000
5 5 0.000000
5 6 0.000000
5 7 0.000000
5 8 0.000000
5 9 0.000000
5 10 0.000000
5 11 0.000000
5 12 0.000000
5 13 0.000000
5 14 0.000000
5 15 0.000000
5 16 0.000000
5 17 0.000000
5 18 0.000000
5 19 0.000000
5 20 0.000000
5 21 0.000000
5 22 0.000000
5 23 0.000000
5 24 0.000000
5 25 0.000000
5 26 0.000000
5 27 0.000000
5 28 0.000000
5 29 0.000000
5 30 0.000000
5 31 0.000000
6 0 0.000000
6 1 0.000000
6 2 0.000000
6 3 0.000000
6 4 0.000000
6 5 0.000000
6 6 0.000000
6 7 0.000000
6 8 0.000000
6 9 0.000000
6 10 0.000000
6 11 0.000000
6 12 0.000000
6 13 0.000000
6 14 0.000000
6 15 0.000000
6 16 0.000000
6 17 0.000000
6 18 0.000000
6 19 0.000000
6 20 0.000000
6 21 0.000000
6 22 0.000000
6 23 0.000000
6 24 0.000000
6 25 0.000000
6 26 0.000000
6 27 0.000000
6 28 0.000000
6 29 0.000000
6 30 0.000000
6 31 0.000000
7 0 0.000000
7 1 0.000000
7 2 0.000000
7 3 0.000000
7 4 0.000000
7 5 0.000000
7 6 0.000000
7 7 0.000000
7 8 0.000000
7 9 0.000000
7 10 0.000000
7 11 0.000000
7 12 0.000000
7 13 0.000000
7 14 0.000000
7 15 0.000000
7 16 0.000000
7 17 0.000000
7 18 0.000000
7 19 0.000000
7 20 0.000000
7 21 0.000000
7 22 0.000000
7 23 0.000000
7 24 0.000000
7 25 0.000000
7 26 0.000000
7 27 0.000000
7 28 0.000000
7 29 0.000000
7 30 0.000000
7 31 0.000000
8 0 0.000000
8 1 0.000000
8 2 0.000000
8 3 0.000000
8 4 0.000000
8 5 0.000000
8 6 0.000000
8 7 0.000000
8 8 75075059831461696765952.000000
8 9 3770456392231039270912.000000
8 10 -4371529879447995940864.000000
8 11 329602676114152296022016.000000
8 12 -3148530112839450361856.000000
8 13 4512810051558422085632.000000
8 14 -2679504418496810319872.000000
8 15 -8329653519951377465344.000000
8 16 -8046827463352510316544.000000
8 17 -6256834636757180874752.000000
8 18 -7518107681848981192704.000000
8 19 -32695090711396064690176.000000
8 20 -8831200833103166701568.000000
8 21 325497663068202598400000.000000
8 22 -43333500506570091397120.000000
8 23 -24217654384422291505152.000000
8 24 0.000000
8 25 0.000000
8 26 0.000000
8 27 0.000000
8 28 0.000000
8 29 0.000000
8 30 0.000000
8 31 0.000000
9 0 0.000000
9 1 0.000000
9 2 0.000000
9 3 0.000000
9 4 0.000000
9 5 0.000000
9 6 0.000000
9 7 0.000000
9 8 42279072725813837168640.000000
9 9 2606117981093831376896.000000
9 10 20398876619989380497408.000000
9 11 14082262890628343922688.000000
9 12 12277700919238470926336.000000
9 13 1422606479705512083456.000000
9 14 -666416073472986841088.000000
9 15 -5745698597048766431232.000000
9 16 -5611066300938292559872.000000
9 17 -4554845524580391452672.000000
9 18 -4742415382510791819264.000000
9 19 -14819448106433365671936.000000
9 20 -26788324814324066418688.000000
9 21 -13373065294707616120832.000000
9 22 -20795691034956808585216.000000
9 23 -12011654148951279403008.000000
9 24 0.000000
9 25 0.000000
9 26 0.000000
9 27 0.000000
9 28 0.000000
9 29 0.000000
9 30 0.000000
9 31 0.000000
10 0 0.000000
10 1 0.000000
10 2 0.000000
10 3 0.000000
10 4 0.000000
10 5 0.000000
10 6 0.000000
10 7 0.000000
10 8 42210789148263645708288.000000
10 9 2526101119139456221184.000000
10 10 17574365300690494947328.000000
10 11 16899954634191483699200.000000
10 12 5202085974527476498432.000000
10 13 673656806142635933696.000000
10 14 -2098222281317310005248.000000
10 15 -5825744450925742784512.000000
10 16 -4947685512876665077760.000000
10 17 -5407868952300916572160.000000
10 18 -4243500986291154059264.000000
10 19 -13649424182241579237376.000000
10 20 -15652167055233890910208.000000
10 21 -30658281484922415742976.000000
10 22 -22578828257019373289472.000000
10 23 -11811791152888017846272.000000
10 24 0.000000
10 25 0.000000
10 26 0.000000
10 27 0.000000
10 28 0.000000
10 29 0.000000
10 30 0.000000
10 31 0.000000
11 0 0.000000
11 1 0.000000
11 2 0.000000
11 3 0.000000
11 4 0.000000
11 5 0.000000
11 6 0.000000
11 7 0.000000
11 8 347310829848973086294016.000000
11 9 15185069464481718861824.000000
11 10 15143915571086807269376.000000
11 11 8059411646611290324992.000000
11 12 3756911253401769082880.000000
11 13 1181902308946464473088.000000
11 14 -1978458619376599826432.000000
11 15 -5817656548944938795008.000000
11 16 -4556654001305757417472.000000
11 17 -5106175065063180730368.000000
11 18 -4307733294501549047808.000000
11 19 -14385466609641155723264.000000
11 20 -13075178075054915190784.000000
11 21 -25002836713256014315520.000000
11 22 -31601504131879823998976.000000
11 23 -18970278523192117035008.000000
11 24 0.000000
11 25 0.000000
11 26 0.000000
11 27 0.000000
11 28 0.000000
11 29 0.000000
11 30 0.000000
11 31 0.000000
12 0 0.000000
12 1 0.000000
12 2 0.000000
12 3 0.000000
12 4 0.000000
12 5 0.000000
12 6 0.000000
12 7 0.000000
12 8 60614118521565345742848.000000
12 9 20009844425178048626688.000000
12 10 6504241571136639336448.000000
12 11 6871865342169312133120.000000
12 12 3539046806677954232320.000000
12 13 1781763764913705058304.000000
12 14 -1680957442654457561088.000000
12 15 -5591551077852989358080.000000
12 16 -5246768438230432874496.000000
12 17 -4941759901666952347648.000000
12 18 -3704072770773644738560.000000
12 19 -15123586322368856850432.000000
12 20 -12533834140845913145344.000000
12 21 -26030060500463137062912.000000
12 22 -23951665035030348955648.000000
12 23 -17199820059980507119616.000000
12 24 0.000000
12 25 0.000000
12 26 0.000000
12 27 0.000000
12 28 0.000000
12 29 0.000000
12 30 0.000000
12 31 0.000000
13 0 0.000000
13 1 0.000000
13 2 0.000000
13 3 0.000000
13 4 0.000000
13 5 0.000000
13 6 0.000000
13 7 0.000000
13 8 66562198189819027259392.000000
13 9 14903077699713822097408.000000
13 10 8080480048618082926592.000000
13 11 6287000310011261878272.000000
13 12 3664817426096646520832.000000
13 13 1990319411945233448960.000000
13 14 -2461373414970050478080.000000
13 15 -3873153100433875533824.000000
13 16 -4150253674531471228928.000000
13 17 -4632588350197921218560.000000
13 18 -6338965094311676346368.000000
13 19 -16015463429974614081536.000000
13 20 -15695657190935500947456.000000
13 21 -28099412737844165214208.000000
13 22 -16805134721736918433792.000000
13 23 -8320492072409399033856.000000
13 24 0.000000
13 25 0.000000
13 26 0.000000
13 27 0.000000
13 28 0.000000
13 29 0.000000
13 30 0.000000
13 31 0.000000
14 0 0.000000
14 1 0.000000
14 2 0.000000
14 3 0.000000
14 4 0.000000
14 5 0.000000
14 6 0.000000
14 7 0.000000
14 8 57898533514653856694272.000000
14 9 13904866101306220085248.000000
14 10 8562751392414773018624.000000
14 11 6892850427582998380544.000000
14 12 3522691421681204854784.000000
14 13 1950838887286866706432.000000
14 14 -2619702244944864346112.000000
14 15 -3627870739178629103616.000000
14 16 -3895355002171881947136.000000
14 17 -4232129678707020267520.000000
14 18 -7562497974526111907840.000000
14 19 -15568688332540951396352.000000
14 20 -15286380189899231854592.000000
14 21 -26837373517865758490624.000000
14 22 -16363229141400350097408.000000
14 23 -7376553353111238868992.000000
14 24 0.000000
14 25 0.000000
14 26 0.000000
14 27 0.000000
14 28 0.000000
14 29 0.000000
14 30 0.000000
14 31 0.000000
15 0 0.000000
15 1 0.000000
15 2 0.000000
15 3 0.000000
15 4 0.000000
15 5 0.000000
15 6 0.000000
15 7 0.000000
15 8 77825417131096113414144.000000
15 9 14950968978151279951872.000000
15 10 8923077080251291926528.000000
15 11 6515779793381962547200.000000
15 12 3472010726224544399360.000000
15 13 2574965175096426102784.000000
15 14 -2293158761600693305344.000000
15 15 -3525542200245330378752.000000
15 16 -4177586302144959479808.000000
15 17 -3430262076203843190784.000000
15 18 -8315104641355157078016.000000
15 19 -15468538409927393148928.000000
15 20 -15293732316290914189312.000000
15 21 -26328631141359291465728.000000
15 22 -16010747035264850329600.000000
15 23 -7205815698788135731200.000000
15 24 0.000000
15 25 0.000000
15 26 0.000000
15 27 0.000000
15 28 0.000000
15 29 0.000000
15 30 0.000000
15 31 0.000000
16 0 0.000000
16 1 0.000000
16 2 0.000000
16 3 0.000000
16 4 0.000000
16 5 0.000000
16 6 0.000000
16 7 0.000000
16 8 1784051488815717933907968.000000
16 9 18111493865648278208512.000000
16 10 9138082867111633354752.000000
16 11 5854196504521609314304.000000
16 12 4173548543604045119488.000000
16 13 2236774397953456472064.000000
16 14 -2387233187579440398336.000000
16 15 -2668001662098552651776.000000
16 16 -4068678848581002592256.000000
16 17 -4004346616753875320832.000000
16 18 -8520654557847880728576.000000
16 19 -14355201294245319147520.000000
16 20 -16571981117228134170624.000000
16 21 -26030533378424010964992.000000
16 22 -15316867307576716427264.000000
16 23 -7277630098446185660416.000000
16 24 0.000000
16 25 0.000000
16 26 0.000000
16 27 0.000000
16 28 0.000000
16 29 0.000000
16 30 0.000000
16 31 0.000000
17 0 0.000000
17 1 0.000000
17 2 0.000000
17 3 0.000000
17 4 0.000000
17 5 0.000000
17 6 0.000000
17 7 0.000000
17 8 5325226210288807706624.000000
17 9 18021933031658574839808.000000
17 10 9542704272033108197376.000000
17 11 6794103376253366042624.000000
17 12 4615278202080169295872.000000
17 13 1709971461041326915584.000000
17 14 -2219296490749584998400.000000
17 15 -2568027098395485143040.000000
17 16 -4402532940757791145984.000000
17 17 -3794255945936855367680.000000
17 18 -9397163694675189563392.000000
17 19 -13590800825892097490944.000000
17 20 -17497041872788264058880.000000
17 21 -25648999676992250970112.000000
17 22 -14847820784085799796736.000000
17 23 -6944894024876891832320.000000
17 24 0.000000
17 25 0.000000
17 26 0.000000
17 27 0.000000
17 28 0.000000
17 29 0.000000
17 30 0.000000
17 31 0.000000
18 0 0.000000
18 1 0.000000
18 2 0.000000
18 3 0.000000
18 4 0.000000
18 5 0.000000
18 6 0.000000
18 7 0.000000
18 8 6349094252823586013184.000000
18 9 18441587452136212398080.000000
18 10 10169609843762708611072.000000
18 11 6581522777792363626496.000000
18 12 3811301226101522563072.000000
18 13 1477533928873294561280.000000
18 14 -1840083550500804362240.000000
18 15 -2979453160878940094464.000000
18 16 -4035124779557278711808.000000
18 17 -2420447234831297806336.000000
18 18 -10241885862382564016128.000000
18 19 -13206843061960905326592.000000
18 20 -17758202237479758594048.000000
18 21 -25121603390829215350784.000000
18 22 -14368676064330411671552.000000
18 23 -6666674587746871279616.000000
18 24 0.000000
18 25 0.000000
18 26 0.000000
18 27 0.000000
18 28 0.000000
18 29 0.000000
18 30 0.000000
18 31 0.000000
19 0 0.000000
19 1 0.000000
19 2 0.000000
19 3 0.000000
19 4 0.000000
19 5 0.000000
19 6 0.000000
19 7 0.000000
19 8 15497316411546290618368.000000
19 9 20774046735147665981440.000000
19 10 10664890960982965223424.000000
19 11 5827786270406801883136.000000
19 12 4213729940954421395456.000000
19 13 1541081408465352523776.000000
19 14 -1530619828005947572224.000000
19 15 -2961781317416114978816.000000
19 16 -3811008492125743480832.000000
19 17 -2727592729417965633536.000000
19 18 -10962303050874978566144.000000
19 19 -12294747043828068253696.000000
19 20 -18894584272455087423488.000000
19 21 -24338402645831535558656.000000
19 22 -13722879018063898869760.000000
19 23 -6983264693702088458240.000000
19 24 0.000000
19 25 0.000000
19 26 0.000000
19 27 0.000000
19 28 0.000000
19 29 0.000000
19 30 0.000000
19 31 0.000000
20 0 0.000000
20 1 0.000000
20 2 0.000000
20 3 0.000000
20 4 0.000000
20 5 0.000000
20 6 0.000000
20 7 0.000000
20 8 21956138054540991660032.000000
20 9 30473217317234693636096.000000
20 10 11445031510033846763520.000000
20 11 6039600693981197893632.000000
20 12 3908056279020973588480.000000
20 13 854173745581597392896.000000
20 14 -766146950214967099392.000000
20 15 -2011033436956347334656.000000
20 16 -3755702036901820104704.000000
20 17 -3340288036948328579072.000000
20 18 -11099372357333813297152.000000
20 19 -11532224576519460093952.000000
20 20 -19733519314641290788864.000000
20 21 -23798452575707204681728.000000
20 22 -13435834214514092408832.000000
20 23 -10313661981443781296128.000000
20 24 0.000000
20 25 0.000000
20 26 0.000000
20 27 0.000000
20 28 0.000000
20 29 0.000000
20 30 0.000000
20 31 0.000000
21 0 0.000000
21 1 0.000000
21 2 0.000000
21 3 0.000000
21 4 0.000000
21 5 0.000000
21 6 0.000000
21 7 0.000000
21 8 876296652493289867444224.000000
21 9 32791051160456261533696.000000
21 10 21377547099613821927424.000000
21 11 7542600508422435635200.000000
21 12 3334477549004090507264.000000
21 13 863833544569842040832.000000
21 14 -273351327407809757184.000000
21 15 -2534012536309862629376.000000
21 16 -3370359697560188223488.000000
21 17 -2979543232871487504384.000000
21 18 -12085551463436988186624.000000
21 19 -10987182061116480028672.000000
21 20 -20360701857747974488064.000000
21 21 -23553528813572287627264.000000
21 22 -16189028781913752469504.000000
21 23 -6207617611179415830528.000000
21 24 0.000000
21 25 0.000000
21 26 0.000000
21 27 0.000000
21 28 0.000000
21 29 0.000000
21 30 0.000000
21 31 0.000000
22 0 0.000000
22 1 0.000000
22 2 0.000000
22 3 0.000000
22 4 0.000000
22 5 0.000000
22 6 0.000000
22 7 0.000000
22 8 -1283896877819896004608.000000
22 9 13313984822995956269056.000000
22 10 37707446226071909826560.000000
22 11 16982613701752241782784.000000
22 12 4170146918510496841728.000000
22 13 1924651440616125759488.000000
22 14 -629648263902669045760.000000
22 15 -3377560108939423514624.000000
22 16 -2762367273940706918400.000000
22 17 -2744538648915853967360.000000
22 18 -12032119631557957779456.000000
22 19 -10890390697925033328640.000000
22 20 -20967431303146955079680.000000
22 21 -23818304442864653828096.000000
22 22 -19823435933001556426752.000000
22 23 -4102942797495990747136.000000
22 24 0.000000
22 25 0.000000
22 26 0.000000
22 27 0.000000
22 28 0.000000
22 29 0.000000
22 30 0.000000
22 31 0.000000
23 0 0.000000
23 1 0.000000
23 2 0.000000
23 3 0.000000
23 4 0.000000
23 5 0.000000
23 6 0.000000
23 7 0.000000
23 8 -1277901460815959031808.000000
23 9 13672710044114898386944.000000
23 10 3449137225192106360832.000000
23 11 24625626467466529996800.000000
23 12 14572463947468926615552.000000
23 13 2594124613811167035392.000000
23 14 -1015394590204624896000.000000
23 15 -2442817740080353902592.000000
23 16 -2755019088198698532864.000000
23 17 -3430721443365834981376.000000
23 18 -12433484933948843753472.000000
23 19 -10991471739761550426112.000000
23 20 -21480355271907435610112.000000
23 21 -30840010737086069997568.000000
23 22 -10550672919033408389120.000000
23 23 -5485995709786679672832.000000
23 24 0.000000
23 25 0.000000
23 26 0.000000
23 27 0.000000
23 28 0.000000
23 29 0.000000
23 30 0.000000
23 31 0.000000
24 0 0.000000
24 1 0.000000
24 2 0.000000
24 3 0.000000
24 4 0.000000
24 5 0.000000
24 6 0.000000
24 7 0.000000
24 8 0.000000
24 9 0.000000
24 10 0.000000
24 11 0.000000
24 12 0.000000
24 13 0.000000
24 14 0.000000
24 15 0.000000
24 16 0.000000
24 17 0.000000
24 18 0.000000
24 19 0.000000
24 20 0.000000
24 21 0.000000
24 22 0.000000
24 23 0.000000
24 24 0.000000
24 25 0.000000
24 26 0.000000
24 27 0.000000
24 28 0.000000
24 29 0.000000
24 30 0.000000
24 31 0.000000
25 0 0.000000
25 1 0.000000
25 2 0.000000
25 3 0.000000
25 4 0.000000
25 5 0.000000
25 6 0.000000
25 7 0.000000
25 8 0.000000
25 9 0.000000
25 10 0.000000
25 11 0.000000
25 12 0.000000
25 13 0.000000
25 14 0.000000
25 15 0.000000
25 16 0.000000
25 17 0.000000
25 18 0.000000
25 19 0.000000
25 20 0.000000
25 21 0.000000
25 22 0.000000
25 23 0.000000
25 24 0.000000
25 25 0.000000
25 26 0.000000
25 27 0.000000
25 28 0.000000
25 29 0.000000
25 30 0.000000
25 31 0.000000
26 0 0.000000
26 1 0.000000
26 2 0.000000
26 3 0.000000
26 4 0.000000
26 5 0.000000
26 6 0.000000
26 7 0.000000
26 8 0.000000
26 9 0.000000
26 10 0.000000
26 11 0.000000
26 12 0.000000
26 13 0.000000
26 14 0.000000
26 15 0.000000
26 16 0.000000
26 17 0.000000
26 18 0.000000
26 19 0.000000
26 20 0.000000
26 21 0.000000
26 22 0.000000
26 23 0.000000
26 24 0.000000
26 25 0.000000
26 26 0.000000
26 27 0.000000
26 28 0.000000
26 29 0.000000
26 30 0.000000
26 31 0.000000
27 0 0.000000
27 1 0.000000
27 2 0.000000
27 3 0.000000
27 4 0.000000
27 5 0.000000
27 6 0.000000
27 7 0.000000
27 8 0.000000
27 9 0.000000
27 10 0.000000
27 11 0.000000
27 12 0.000000
27 13 0.000000
27 14 0.000000
27 15 0.000000
27 16 0.000000
27 17 0.000000
27 18 0.000000
27 19 0.000000
27 20 0.000000
27 21 0.000000
27 22 0.000000
27 23 0.000000
27 24 0.000000
27 25 0.000000
27 26 0.000000
27 27 0.000000
27 28 0.000000
27 29 0.000000
27 30 0.000000
27 31 0.000000
28 0 0.000000
28 1 0.000000
28 2 0.000000
28 3 0.000000
28 4 0.000000
28 5 0.000000
28 6 0.000000
28 7 0.000000
28 8 0.000000
28 9 0.000000
28 10 0.000000
28 11 0.000000
28 12 0.000000
28 13 0.000000
28 14 0.000000
28 15 0.000000
28 16 0.000000
28 17 0.000000
28 18 0.000000
28 19 0.000000
28 20 0.000000
28 21 0.000000
28 22 0.000000
28 23 0.000000
28 24 0.000000
28 25 0.000000
28 26 0.000000
28 27 0.000000
28 28 0.000000
28 29 0.000000
28 30 0.000000
28 31 0.000000
29 0 0.000000
29 1 0.000000
29 2 0.000000
29 3 0.000000
29 4 0.000000
29 5 0.000000
29 6 0.000000
29 7 0.000000
29 8 0.000000
29 9 0.000000
29 10 0.000000
29 11 0.000000
29 12 0.000000
29 13 0.000000
29 14 0.000000
29 15 0.000000
29 16 0.000000
29 17 0.000000
29 18 0.000000
29 19 0.000000
29 20 0.000000
29 21 0.000000
29 22 0.000000
29 23 0.000000
29 24 0.000000
29 25 0.000000
29 26 0.000000
29 27 0.000000
29 28 0.000000
29 29 0.000000
29 30 0.000000
29 31 0.000000
30 0 0.000000
30 1 0.000000
30 2 0.000000
30 3 0.000000
30 4 0.000000
30 5 0.000000
30 6 0.000000
30 7 0.000000
30 8 0.000000
30 9 0.000000
30 10 0.000000
30 11 0.000000
30 12 0.000000
30 13 0.000000
30 14 0.000000
30 15 0.000000
30 16 0.000000
30 17 0.000000
30 18 0.000000
30 19 0.000000
30 20 0.000000
30 21 0.000000
30 22 0.000000
30 23 0.000000
30 24 0.000000
30 25 0.000000
30 26 0.000000
30 27 0.000000
30 28 0.000000
30 29 0.000000
30 30 0.000000
30 31 0.000000
31 0 0.000000
31 1 0.000000
31 2 0.000000
31 3 0.000000
31 4 0.000000
31 5 0.000000
31 6 0.000000
31 7 0.000000
31 8 0.000000
31 9 0.000000
31 10 0.000000
31 11 0.000000
31 12 0.000000
31 13 0.000000
31 14 0.000000
31 15 0.000000
31 16 0.000000
31 17 0.000000
31 18 0.000000
31 19 0.000000
31 20 0.000000
31 21 0.000000
31 22 0.000000
31 23 0.000000
31 24 0.000000
31 25 0.000000
31 26 0.000000
31 27 0.000000
31 28 0.000000
31 29 0.000000
31 30 0.000000
31 31 0.000000
