0 0 2.699997
0 1 3.050001
0 2 3.050001
0 3 3.050001
0 4 3.050001
0 5 3.050001
0 6 3.050001
0 7 3.050001
0 8 3.050001
0 9 3.050001
0 10 3.050001
0 11 3.050001
0 12 3.050001
0 13 3.050001
0 14 3.050001
0 15 3.050001
0 16 3.050001
0 17 3.050000
0 18 3.050001
0 19 3.050001
0 20 3.050001
0 21 3.050000
0 22 3.050000
0 23 3.050001
0 24 3.050001
0 25 3.050001
0 26 3.050001
0 27 3.050001
0 28 3.050000
0 29 3.050001
0 30 3.050000
0 31 3.050001
1 0 4.266548
1 1 4.283519
1 2 4.346282
1 3 4.357595
1 4 4.422297
1 5 4.439267
1 6 4.456239
1 7 4.473208
1 8 4.490179
1 9 4.607151
1 10 4.624121
1 11 4.641090
1 12 4.658062
1 13 4.675032
1 14 4.740624
1 15 4.751939
1 16 4.813812
1 17 4.830783
1 18 4.847754
1 19 4.864725
1 20 4.881695
1 21 4.898666
1 22 5.015635
1 23 5.032606
1 24 5.049578
1 25 5.066547
1 26 5.083518
1 27 5.146281
1 28 5.157597
1 29 5.222298
1 30 5.239268
1 31 5.256238
2 0 3.080669
2 1 3.020734
2 2 3.009419
2 3 2.998106
2 4 2.986792
2 5 2.975478
2 6 2.917438
2 7 2.911782
2 8 2.906124
2 9 2.900467
2 10 2.894810
2 11 2.889153
2 12 2.883497
2 13 2.826390
2 14 2.815076
2 15 2.803763
2 16 2.792449
2 17 2.781135
2 18 2.669821
2 19 2.658508
2 20 2.647193
2 21 2.635880
2 22 2.624566
2 23 2.613252
2 24 2.601939
2 25 2.590625
2 26 2.525033
2 27 2.508062
2 28 2.491092
2 29 2.474121
2 30 2.457151
2 31 2.340180
3 0 0.000000
3 1 0.000000
3 2 0.000000
3 3 0.000000
3 4 0.000000
3 5 0.000000
3 6 0.000000
3 7 0.000000
3 8 0.000000
3 9 0.000000
3 10 0.000000
3 11 0.000000
3 12 0.000000
3 13 0.000000
3 14 0.000000
3 15 0.000000
3 16 0.000000
3 17 0.000000
3 18 0.000000
3 19 0.000000
3 20 0.000000
3 21 0.000000
3 22 0.000000
3 23 0.000000
3 24 0.000000
3 25 0.000000
3 26 0.000000
3 27 0.000000
3 28 0.000000
3 29 0.000000
3 30 0.000000
3 31 0.000000
4 0 0.000000
4 1 0.000000
4 2 0.000000
4 3 0.000000
4 4 0.000000
4 5 0.000000
4 6 0.000000
4 7 0.000000
4 8 0.000000
4 9 0.000000
4 10 0.000000
4 11 0.000000
4 12 0.000000
4 13 0.000000
4 14 0.000000
4 15 0.000000
4 16 0.000000
4 17 0.000000
4 18 0.000000
4 19 0.000000
4 20 0.000000
4 21 0.000000
4 22 0.000000
4 23 0.000000
4 24 0.000000
4 25 0.000000
4 26 0.000000
4 27 0.000000
4 28 0.000000
4 29 0.000000
4 30 0.000000
4 31 0.000000
5 0 0.000000
5 1 0.000000
5 2 0.000000
5 3 0.000000
5 4 0.000000
5 5 0.000000
5 6 0.000000
5 7 0.000000
5 8 0.000000
5 9 0.000000
5 10 0.000000
5 11 0.000000
5 12 0.000000
5 13 0.000000
5 14 0.000000
5 15 0.000000
5 16 0.000000
5 17 0.000000
5 18 0.000000
5 19 0.000000
5 20 0.000000
5 21 0.000000
5 22 0.000000
5 23 0.000000
5 24 0.000000
5 25 0.000000
5 26 0.000000
5 27 0.000000
5 28 0.000000
5 29 0.000000
5 30 0.000000
5 31 0.000000
6 0 0.000000
6 1 0.000000
6 2 0.000000
6 3 0.000000
6 4 0.000000
6 5 0.000000
6 6 0.000000
6 7 0.000000
6 8 0.000000
6 9 0.000000
6 10 0.000000
6 11 0.000000
6 12 0.000000
6 13 0.000000
6 14 0.000000
6 15 0.000000
6 16 0.000000
6 17 0.000000
6 18 0.000000
6 19 0.000000
6 20 0.000000
6 21 0.000000
6 22 0.000000
6 23 0.000000
6 24 0.000000
6 25 0.000000
6 26 0.000000
6 27 0.000000
6 28 0.000000
6 29 0.000000
6 30 0.000000
6 31 0.000000
7 0 0.000000
7 1 0.000000
7 2 0.000000
7 3 0.000000
7 4 0.000000
7 5 0.000000
7 6 0.000000
7 7 0.000000
7 8 0.000000
7 9 0.000000
7 10 0.000000
7 11 0.000000
7 12 0.000000
7 13 0.000000
7 14 0.000000
7 15 0.000000
7 16 0.000000
7 17 0.000000
7 18 0.000000
7 19 0.000000
7 20 0.000000
7 21 0.000000
7 22 0.000000
7 23 0.000000
7 24 0.000000
7 25 0.000000
7 26 0.000000
7 27 0.000000
7 28 0.000000
7 29 0.000000
7 30 0.000000
7 31 0.000000
8 0 0.000000
8 1 0.000000
8 2 0.000000
8 3 0.000000
8 4 0.000000
8 5 0.000000
8 6 0.000000
8 7 0.000000
8 8 11029918057243041454144618496.000000
8 9 553950116723299427324788736.000000
8 10 -642258812674819561850142720.000000
8 11 48424756242316000570256654336.000000
8 12 -462577637942065020790636544.000000
8 13 663015531828415318357704704.000000
8 14 -393668866224031157832384512.000000
8 15 -1223780687469282297269714944.000000
8 16 -1182228142064654520005165056.000000
8 17 -919245012869889796081713152.000000
8 18 -1104549345492121367179427840.000000
8 19 -4803515038215466838342500352.000000
8 20 -1297467534837288408287543296.000000
8 21 47821634484589820962144256000.000000
8 22 -6366494972220954434594668544.000000
8 23 -3558022459184452103982546944.000000
8 24 0.000000
8 25 0.000000
8 26 0.000000
8 27 0.000000
8 28 0.000000
8 29 0.000000
8 30 0.000000
8 31 0.000000
9 0 0.000000
9 1 0.000000
9 2 0.000000
9 3 0.000000
9 4 0.000000
9 5 0.000000
9 6 0.000000
9 7 0.000000
9 8 6211578920342036440770674688.000000
9 9 382887039460853104265658368.000000
9 10 2996973149897873703137443840.000000
9 11 2068945789748443379207766016.000000
9 12 1803821952797412809238380544.000000
9 13 209007236612071701222522880.000000
9 14 -97908879629568575344214016.000000
9 15 -844149498337438928864280576.000000
9 16 -824369644963010535372095488.000000
9 17 -669191206596388096885915648.000000
9 18 -696748576207173911530438656.000000
9 19 -2177251641719580205743341568.000000
9 20 -3935701982793297001827008512.000000
9 21 -1964751495670407527212777472.000000
9 22 -3055273125312140908123127808.000000
9 23 -1764734630270795576451792896.000000
9 24 0.000000
9 25 0.000000
9 26 0.000000
9 27 0.000000
9 28 0.000000
9 29 0.000000
9 30 0.000000
9 31 0.000000
10 0 0.000000
10 1 0.000000
10 2 0.000000
10 3 0.000000
10 4 0.000000
10 5 0.000000
10 6 0.000000
10 7 0.000000
10 8 6201548613932421314336784384.000000
10 9 371131298397559481211813888.000000
10 10 2582000507877996858334773248.000000
10 11 2482916994926046679872307200.000000
10 12 764282917917763823216885760.000000
10 13 98972767923903663169339392.000000
10 14 -308267746073409122832744448.000000
10 15 -855909887980239126725132288.000000
10 16 -726906789158400183276404736.000000
10 17 -794516319797834535095238656.000000
10 18 -623448741529834226905513984.000000
10 19 -2005353664820357788378071040.000000
10 20 -2299593252321521155912499200.000000
10 21 -4504270480112224595263619072.000000
10 22 -3317248767132575911175520256.000000
10 23 -1735371250628217301865857024.000000
10 24 0.000000
10 25 0.000000
10 26 0.000000
10 27 0.000000
10 28 0.000000
10 29 0.000000
10 30 0.000000
10 31 0.000000
11 0 0.000000
11 1 0.000000
11 2 0.000000
11 3 0.000000
11 4 0.000000
11 5 0.000000
11 6 0.000000
11 7 0.000000
11 8 51026407107425028381031268352.000000
11 9 2230968412888269830372720640.000000
11 10 2224922308050670787735060480.000000
11 11 1184077169903626870620946432.000000
11 12 551959860611698756381835264.000000
11 13 173643389376732741429624832.000000
11 14 -290672337685445340733374464.000000
11 15 -854721474940034462571823104.000000
11 16 -669456987285002104105598976.000000
11 17 -750191892841714865766662144.000000
11 18 -632886022010967738674053120.000000
11 19 -2113491577633447563155734528.000000
11 20 -1920986226420650141812785152.000000
11 21 -3673379837332181438557061120.000000
11 22 -4642847143960413616648224768.000000
11 23 -2787085800679301245497769984.000000
11 24 0.000000
11 25 0.000000
11 26 0.000000
11 27 0.000000
11 28 0.000000
11 29 0.000000
11 30 0.000000
11 31 0.000000
12 0 0.000000
12 1 0.000000
12 2 0.000000
12 3 0.000000
12 4 0.000000
12 5 0.000000
12 6 0.000000
12 7 0.000000
12 8 8905338363107815964027125760.000000
12 9 2939817167764081669704777728.000000
12 10 955593657984347813997182976.000000
12 11 1009604617827524958555734016.000000
12 12 519951697484296448542507008.000000
12 13 261774277162126389586952192.000000
12 14 -246963681493250169947291648.000000
12 15 -821502283064193122668904448.000000
12 16 -770847450050810399093161984.000000
12 17 -726036176625097387278336000.000000
12 18 -544196843516183270937067520.000000
12 19 -2221935116102350557784571904.000000
12 20 -1841452867985922525505781760.000000
12 21 -3824297815687539919002009600.000000
12 22 -3518944286242895431133560832.000000
12 23 -2526973132436358317482180608.000000
12 24 0.000000
12 25 0.000000
12 26 0.000000
12 27 0.000000
12 28 0.000000
12 29 0.000000
12 30 0.000000
12 31 0.000000
13 0 0.000000
13 1 0.000000
13 2 0.000000
13 3 0.000000
13 4 0.000000
13 5 0.000000
13 6 0.000000
13 7 0.000000
13 8 9779219954608378473995042816.000000
13 9 2189538796586149253560139776.000000
13 10 1187172607346171628220317696.000000
13 11 923677175174991842629386240.000000
13 12 538429616555490569300738048.000000
13 13 292414872470880166107676672.000000
13 14 -361621448425239996067217408.000000
13 15 -569037930062115354106134528.000000
13 16 -609749230150005680978788352.000000
13 17 -680613209165900166731923456.000000
13 18 -931311249529432098308358144.000000
13 19 -2352968389789965679645949952.000000
13 20 -2305982909320748965239455744.000000
13 21 -4128325540742118753976713216.000000
13 22 -2468986161375533816168316928.000000
13 23 -1222434739234688153545605120.000000
13 24 0.000000
13 25 0.000000
13 26 0.000000
13 27 0.000000
13 28 0.000000
13 29 0.000000
13 30 0.000000
13 31 0.000000
14 0 0.000000
14 1 0.000000
14 2 0.000000
14 3 0.000000
14 4 0.000000
14 5 0.000000
14 6 0.000000
14 7 0.000000
14 8 8506368050210953270736715776.000000
14 9 2042882753981580627920551936.000000
14 10 1258026920268171490168406016.000000
14 11 1012687732845028478174625792.000000
14 12 517548787707766894929903616.000000
14 13 286614496711087008407093248.000000
14 14 -384882829595675888074096640.000000
14 15 -533001293176920059546697728.000000
14 16 -572299794029693119280185344.000000
14 17 -621778204386519089911169024.000000
14 18 -1111071154965893231734161408.000000
14 19 -2287329118991556097616117760.000000
14 20 -2245852869320417183057051648.000000
14 21 -3942908609194061259775934464.000000
14 22 -2404062033951373806035533824.000000
14 23 -1083752560010397513525755904.000000
14 24 0.000000
14 25 0.000000
14 26 0.000000
14 27 0.000000
14 28 0.000000
14 29 0.000000
14 30 0.000000
14 31 0.000000
15 0 0.000000
15 1 0.000000
15 2 0.000000
15 3 0.000000
15 4 0.000000
15 5 0.000000
15 6 0.000000
15 7 0.000000
15 8 11433996790082748386144944128.000000
15 9 2196574679923767255899308032.000000
15 10 1310965533984855751072415744.000000
15 11 957288913764721721790693376.000000
15 12 510102907036366624096518144.000000
15 13 378310254682213174833315840.000000
15 14 -336907275478535034613268480.000000
15 15 -517967270543823069817864192.000000
15 16 -613764791186947071012765696.000000
15 17 -503968885016512281735856128.000000
15 18 -1221643004979044539590246400.000000
15 19 -2272615110474649821188718592.000000
15 20 -2246932963079421024723271680.000000
15 21 -3868164173094821232744857600.000000
15 22 -2352275677656509738563665920.000000
15 23 -1058667939549204316856254464.000000
15 24 0.000000
15 25 0.000000
15 26 0.000000
15 27 0.000000
15 28 0.000000
15 29 0.000000
15 30 0.000000
15 31 0.000000
16 0 0.000000
16 1 0.000000
16 2 0.000000
16 3 0.000000
16 4 0.000000
16 5 0.000000
16 6 0.000000
16 7 0.000000
16 8 262110248154662719419563638784.000000
16 9 2660914498433705602736717824.000000
16 10 1342554033684581166612480000.000000
16 11 860090067761294300797730816.000000
16 12 613171617684512866671001600.000000
16 13 328623801945723907879206912.000000
16 14 -350728756730178948095279104.000000
16 15 -391978849318974183551533056.000000
16 16 -597764343631828437874769920.000000
16 17 -588312674690317432655970304.000000
16 18 -1251842095915138151702593536.000000
16 19 -2109045174441920612834213888.000000
16 20 -2434732033370181075581534208.000000
16 21 -3824367470593162246268911616.000000
16 22 -2250331886355466451865829376.000000
16 23 -1069218886863555821674954752.000000
16 24 0.000000
16 25 0.000000
16 26 0.000000
16 27 0.000000
16 28 0.000000
16 29 0.000000
16 30 0.000000
16 31 0.000000
17 0 0.000000
17 1 0.000000
17 2 0.000000
17 3 0.000000
17 4 0.000000
17 5 0.000000
17 6 0.000000
17 7 0.000000
17 8 782374525274566318545174528.000000
17 9 2647756214524999695054405632.000000
17 10 1402000068414659798620962816.000000
17 11 998180032713842569372499968.000000
17 12 678070141027898567946141696.000000
17 13 251226613368220005068439552.000000
17 14 -326055498661829474426814464.000000
17 15 -377290666243771100496396288.000000
17 16 -646813535147547334658752512.000000
17 17 -557446401914565893480775680.000000
17 18 -1380617783276036403798999040.000000
17 19 -1996740511077461324537528320.000000
17 20 -2570640265007643568067575808.000000
17 21 -3768314456181025454346469376.000000
17 22 -2181420310732333385055731712.000000
17 23 -1020333686902652202804838400.000000
17 24 0.000000
17 25 0.000000
17 26 0.000000
17 27 0.000000
17 28 0.000000
17 29 0.000000
17 30 0.000000
17 31 0.000000
18 0 0.000000
18 1 0.000000
18 2 0.000000
18 3 0.000000
18 4 0.000000
18 5 0.000000
18 6 0.000000
18 7 0.000000
18 8 932799901776180459123769344.000000
18 9 2709411136177440603611594752.000000
18 10 1494104514000739000163237888.000000
18 11 966947924109621222369656832.000000
18 12 559950990144429734141886464.000000
18 13 217077225975717787315732480.000000
18 14 -270342347062506707283345408.000000
18 15 -437736920331014411812601856.000000
18 16 -592834672639058444720013312.000000
18 17 -355608510833485483203362816.000000
18 18 -1504722755037471397426233344.000000
18 19 -1940330072552152336342974464.000000
18 20 -2609009492680959435428855808.000000
18 21 -3690829571782195136327319552.000000
18 22 -2111025026589863711590055936.000000
18 23 -979458137005529566084595712.000000
18 24 0.000000
18 25 0.000000
18 26 0.000000
18 27 0.000000
18 28 0.000000
18 29 0.000000
18 30 0.000000
18 31 0.000000
19 0 0.000000
19 1 0.000000
19 2 0.000000
19 3 0.000000
19 4 0.000000
19 5 0.000000
19 6 0.000000
19 7 0.000000
19 8 2276843251790296640095518720.000000
19 9 3052092316338023022718877696.000000
19 10 1566870426117609235526189056.000000
19 11 856209832038877644034408448.000000
19 12 619075092296933987055566848.000000
19 13 226413510533047739289174016.000000
19 14 -224876361796129596062564352.000000
19 15 -435140577996127939841753088.000000
19 16 -559907750976320958952898560.000000
19 17 -400733895417285621263106048.000000
19 18 -1610565302591981345277214720.000000
19 19 -1806326577920764797318594560.000000
19 20 -2775964627612143231019515904.000000
19 21 -3575763209468972643639099392.000000
19 22 -2016145452825335645102669824.000000
19 23 -1025971159465530431455100928.000000
19 24 0.000000
19 25 0.000000
19 26 0.000000
19 27 0.000000
19 28 0.000000
19 29 0.000000
19 30 0.000000
19 31 0.000000
20 0 0.000000
20 1 0.000000
20 2 0.000000
20 3 0.000000
20 4 0.000000
20 5 0.000000
20 6 0.000000
20 7 0.000000
20 8 3225763836999468171214716928.000000
20 9 4477081159939197433592938496.000000
20 10 1681487425745196163537043456.000000
20 11 887329489291225657610600448.000000
20 12 574165977340654019778969600.000000
20 13 125494030036929396573470720.000000
20 14 -112561146894060145902354432.000000
20 15 -295458124074440399385526272.000000
20 16 -551782255359757080818876416.000000
20 17 -490750022000268311886036992.000000
20 18 -1630703834458178947291021312.000000
20 19 -1694297435125790434884845568.000000
20 20 -2899220458850377226566762496.000000
20 21 -3496435126402297267222478848.000000
20 22 -1973973096819831226903822336.000000
20 23 -1515268389689529673894068224.000000
20 24 0.000000
20 25 0.000000
20 26 0.000000
20 27 0.000000
20 28 0.000000
20 29 0.000000
20 30 0.000000
20 31 0.000000
21 0 0.000000
21 1 0.000000
21 2 0.000000
21 3 0.000000
21 4 0.000000
21 5 0.000000
21 6 0.000000
21 7 0.000000
21 8 128744215149473167345878827008.000000
21 9 4817613663350074164127989760.000000
21 10 3140757993680857584487104512.000000
21 11 1108148010112996921346883584.000000
21 12 489896638725930360609177600.000000
21 13 126913248738984314636599296.000000
21 14 -40160351182640843694538752.000000
21 15 -372293295700250593287208960.000000
21 16 -495168275460338781431791616.000000
21 17 -437750091306283040432455680.000000
21 18 -1775591941110723249503731712.000000
21 19 -1614220709397627630025441280.000000
21 20 -2991364749403655640740528128.000000
21 21 -3460450398654925391341289472.000000
21 22 -2378469021223509174123495424.000000
21 23 -912014184340900831201067008.000000
21 24 0.000000
21 25 0.000000
21 26 0.000000
21 27 0.000000
21 28 0.000000
21 29 0.000000
21 30 0.000000
21 31 0.000000
22 0 0.000000
22 1 0.000000
22 2 0.000000
22 3 0.000000
22 4 0.000000
22 5 0.000000
22 6 0.000000
22 7 0.000000
22 8 -188628103862920705526988800.000000
22 9 1956071343353035350280765440.000000
22 10 5539922638441590389083209728.000000
22 11 2495060855484651151892152320.000000
22 12 612672079854996812013240320.000000
22 13 282767151533353775774302208.000000
22 14 -92506861308047175410778112.000000
22 15 -496226085552501581959659520.000000
22 16 -405842905655940218678673408.000000
22 17 -403223504890961609768304640.000000
22 18 -1767741744702715412718026752.000000
22 19 -1600000483326086410875699200.000000
22 20 -3080505024578018601852731392.000000
22 21 -3499350597409658914436284416.000000
22 22 -2912430983938299879699251200.000000
22 23 -602798496983031921929879552.000000
22 24 0.000000
22 25 0.000000
22 26 0.000000
22 27 0.000000
22 28 0.000000
22 29 0.000000
22 30 0.000000
22 31 0.000000
23 0 0.000000
23 1 0.000000
23 2 0.000000
23 3 0.000000
23 4 0.000000
23 5 0.000000
23 6 0.000000
23 7 0.000000
23 8 -187747216493168853308669952.000000
23 9 2008774576615339077306155008.000000
23 10 506742316094506365402218496.000000
23 11 3617961095768275075857383424.000000
23 12 2140965420387067620950540288.000000
23 13 381125154040884957571710976.000000
23 14 -149180147489662451006308352.000000
23 15 -358895167225098314014785536.000000
23 16 -404763475979723030556311552.000000
23 17 -504036547673774648371183616.000000
23 18 -1826709787400356082825035776.000000
23 19 -1614851145323090727661469696.000000
23 20 -3155862482876316144703111168.000000
23 21 -4530969559614748851890552832.000000
23 22 -1550089496820731951259320320.000000
23 23 -805994474256306976816365568.000000
23 24 0.000000
23 25 0.000000
23 26 0.000000
23 27 0.000000
23 28 0.000000
23 29 0.000000
23 30 0.000000
23 31 0.000000
24 0 0.000000
24 1 0.000000
24 2 0.000000
24 3 0.000000
24 4 0.000000
24 5 0.000000
24 6 0.000000
24 7 0.000000
24 8 0.000000
24 9 0.000000
24 10 0.000000
24 11 0.000000
24 12 0.000000
24 13 0.000000
24 14 0.000000
24 15 0.000000
24 16 0.000000
24 17 0.000000
24 18 0.000000
24 19 0.000000
24 20 0.000000
24 21 0.000000
24 22 0.000000
24 23 0.000000
24 24 0.000000
24 25 0.000000
24 26 0.000000
24 27 0.000000
24 28 0.000000
24 29 0.000000
24 30 0.000000
24 31 0.000000
25 0 0.000000
25 1 0.000000
25 2 0.000000
25 3 0.000000
25 4 0.000000
25 5 0.000000
25 6 0.000000
25 7 0.000000
25 8 0.000000
25 9 0.000000
25 10 0.000000
25 11 0.000000
25 12 0.000000
25 13 0.000000
25 14 0.000000
25 15 0.000000
25 16 0.000000
25 17 0.000000
25 18 0.000000
25 19 0.000000
25 20 0.000000
25 21 0.000000
25 22 0.000000
25 23 0.000000
25 24 0.000000
25 25 0.000000
25 26 0.000000
25 27 0.000000
25 28 0.000000
25 29 0.000000
25 30 0.000000
25 31 0.000000
26 0 0.000000
26 1 0.000000
26 2 0.000000
26 3 0.000000
26 4 0.000000
26 5 0.000000
26 6 0.000000
26 7 0.000000
26 8 0.000000
26 9 0.000000
26 10 0.000000
26 11 0.000000
26 12 0.000000
26 13 0.000000
26 14 0.000000
26 15 0.000000
26 16 0.000000
26 17 0.000000
26 18 0.000000
26 19 0.000000
26 20 0.000000
26 21 0.000000
26 22 0.000000
26 23 0.000000
26 24 0.000000
26 25 0.000000
26 26 0.000000
26 27 0.000000
26 28 0.000000
26 29 0.000000
26 30 0.000000
26 31 0.000000
27 0 0.000000
27 1 0.000000
27 2 0.000000
27 3 0.000000
27 4 0.000000
27 5 0.000000
27 6 0.000000
27 7 0.000000
27 8 0.000000
27 9 0.000000
27 10 0.000000
27 11 0.000000
27 12 0.000000
27 13 0.000000
27 14 0.000000
27 15 0.000000
27 16 0.000000
27 17 0.000000
27 18 0.000000
27 19 0.000000
27 20 0.000000
27 21 0.000000
27 22 0.000000
27 23 0.000000
27 24 0.000000
27 25 0.000000
27 26 0.000000
27 27 0.000000
27 28 0.000000
27 29 0.000000
27 30 0.000000
27 31 0.000000
28 0 0.000000
28 1 0.000000
28 2 0.000000
28 3 0.000000
28 4 0.000000
28 5 0.000000
28 6 0.000000
28 7 0.000000
28 8 0.000000
28 9 0.000000
28 10 0.000000
28 11 0.000000
28 12 0.000000
28 13 0.000000
28 14 0.000000
28 15 0.000000
28 16 0.000000
28 17 0.000000
28 18 0.000000
28 19 0.000000
28 20 0.000000
28 21 0.000000
28 22 0.000000
28 23 0.000000
28 24 0.000000
28 25 0.000000
28 26 0.000000
28 27 0.000000
28 28 0.000000
28 29 0.000000
28 30 0.000000
28 31 0.000000
29 0 0.000000
29 1 0.000000
29 2 0.000000
29 3 0.000000
29 4 0.000000
29 5 0.000000
29 6 0.000000
29 7 0.000000
29 8 0.000000
29 9 0.000000
29 10 0.000000
29 11 0.000000
29 12 0.000000
29 13 0.000000
29 14 0.000000
29 15 0.000000
29 16 0.000000
29 17 0.000000
29 18 0.000000
29 19 0.000000
29 20 0.000000
29 21 0.000000
29 22 0.000000
29 23 0.000000
29 24 0.000000
29 25 0.000000
29 26 0.000000
29 27 0.000000
29 28 0.000000
29 29 0.000000
29 30 0.000000
29 31 0.000000
30 0 0.000000
30 1 0.000000
30 2 0.000000
30 3 0.000000
30 4 0.000000
30 5 0.000000
30 6 0.000000
30 7 0.000000
30 8 0.000000
30 9 0.000000
30 10 0.000000
30 11 0.000000
30 12 0.000000
30 13 0.000000
30 14 0.000000
30 15 0.000000
30 16 0.000000
30 17 0.000000
30 18 0.000000
30 19 0.000000
30 20 0.000000
30 21 0.000000
30 22 0.000000
30 23 0.000000
30 24 0.000000
30 25 0.000000
30 26 0.000000
30 27 0.000000
30 28 0.000000
30 29 0.000000
30 30 0.000000
30 31 0.000000
31 0 0.000000
31 1 0.000000
31 2 0.000000
31 3 0.000000
31 4 0.000000
31 5 0.000000
31 6 0.000000
31 7 0.000000
31 8 0.000000
31 9 0.000000
31 10 0.000000
31 11 0.000000
31 12 0.000000
31 13 0.000000
31 14 0.000000
31 15 0.000000
31 16 0.000000
31 17 0.000000
31 18 0.000000
31 19 0.000000
31 20 0.000000
31 21 0.000000
31 22 0.000000
31 23 0.000000
31 24 0.000000
31 25 0.000000
31 26 0.000000
31 27 0.000000
31 28 0.000000
31 29 0.000000
31 30 0.000000
31 31 0.000000
