0 0 2.699997
0 1 3.050001
0 2 3.050001
0 3 3.050001
0 4 3.050001
0 5 3.050001
0 6 3.050001
0 7 3.050001
0 8 3.050001
0 9 3.050001
0 10 3.050001
0 11 3.050001
0 12 3.050001
0 13 3.050001
0 14 3.050001
0 15 3.050001
0 16 3.050001
0 17 3.050000
0 18 3.050001
0 19 3.050001
0 20 3.050001
0 21 3.050000
0 22 3.050000
0 23 3.050001
0 24 3.050001
0 25 3.050001
0 26 3.050001
0 27 3.050001
0 28 3.050000
0 29 3.050001
0 30 3.050000
0 31 3.050001
1 0 4.266548
1 1 4.283519
1 2 4.346282
1 3 4.357595
1 4 4.422297
1 5 4.439267
1 6 4.456239
1 7 4.473208
1 8 4.490179
1 9 4.607151
1 10 4.624121
1 11 4.641090
1 12 4.658062
1 13 4.675032
1 14 4.740624
1 15 4.751939
1 16 4.813812
1 17 4.830783
1 18 4.847754
1 19 4.864725
1 20 4.881695
1 21 4.898666
1 22 5.015635
1 23 5.032606
1 24 5.049578
1 25 5.066547
1 26 5.083518
1 27 5.146281
1 28 5.157597
1 29 5.222298
1 30 5.239268
1 31 5.256238
2 0 3.080669
2 1 3.020734
2 2 3.009419
2 3 2.998106
2 4 2.986792
2 5 2.975478
2 6 2.917438
2 7 2.911782
2 8 2.906124
2 9 2.900467
2 10 2.894810
2 11 2.889153
2 12 2.883497
2 13 2.826390
2 14 2.815076
2 15 2.803763
2 16 2.792449
2 17 2.781135
2 18 2.669821
2 19 2.658508
2 20 2.647193
2 21 2.635880
2 22 2.624566
2 23 2.613252
2 24 2.601939
2 25 2.590625
2 26 2.525033
2 27 2.508062
2 28 2.491092
2 29 2.474121
2 30 2.457151
2 31 2.340180
3 0 0.000000
3 1 0.000000
3 2 0.000000
3 3 0.000000
3 4 0.000000
3 5 0.000000
3 6 0.000000
3 7 0.000000
3 8 0.000000
3 9 0.000000
3 10 0.000000
3 11 0.000000
3 12 0.000000
3 13 0.000000
3 14 0.000000
3 15 0.000000
3 16 0.000000
3 17 0.000000
3 18 0.000000
3 19 0.000000
3 20 0.000000
3 21 0.000000
3 22 0.000000
3 23 0.000000
3 24 0.000000
3 25 0.000000
3 26 0.000000
3 27 0.000000
3 28 0.000000
3 29 0.000000
3 30 0.000000
3 31 0.000000
4 0 0.000000
4 1 0.000000
4 2 0.000000
4 3 0.000000
4 4 0.000000
4 5 0.000000
4 6 0.000000
4 7 0.000000
4 8 0.000000
4 9 0.000000
4 10 0.000000
4 11 0.000000
4 12 0.000000
4 13 0.000000
4 14 0.000000
4 15 0.000000
4 16 0.000000
4 17 0.000000
4 18 0.000000
4 19 0.000000
4 20 0.000000
4 21 0.000000
4 22 0.000000
4 23 0.000000
4 24 0.000000
4 25 0.000000
4 26 0.000000
4 27 0.000000
4 28 0.000000
4 29 0.000000
4 30 0.000000
4 31 0.000000
5 0 0.000000
5 1 0.000000
5 2 0.000000
5 3 0.000000
5 4 0.000000
5 5 0.000000
5 6 0.000000
5 7 0.000000
5 8 0.000000
5 9 0.000000
5 10 0.000000
5 11 0.000000
5 12 0.000000
5 13 0.000000
5 14 0.000000
5 15 0.000000
5 16 0.000000
5 17 0.000000
5 18 0.000000
5 19 0.000000
5 20 0.000000
5 21 0.000000
5 22 0.000000
5 23 0.000000
5 24 0.000000
5 25 0.000000
5 26 0.000000
5 27 0.000000
5 28 0.000000
5 29 0.000000
5 30 0.000000
5 31 0.000000
6 0 0.000000
6 1 0.000000
6 2 0.000000
6 3 0.000000
6 4 0.000000
6 5 0.000000
6 6 0.000000
6 7 0.000000
6 8 0.000000
6 9 0.000000
6 10 0.000000
6 11 0.000000
6 12 0.000000
6 13 0.000000
6 14 0.000000
6 15 0.000000
6 16 0.000000
6 17 0.000000
6 18 0.000000
6 19 0.000000
6 20 0.000000
6 21 0.000000
6 22 0.000000
6 23 0.000000
6 24 0.000000
6 25 0.000000
6 26 0.000000
6 27 0.000000
6 28 0.000000
6 29 0.000000
6 30 0.000000
6 31 0.000000
7 0 0.000000
7 1 0.000000
7 2 0.000000
7 3 0.000000
7 4 0.000000
7 5 0.000000
7 6 0.000000
7 7 0.000000
7 8 0.000000
7 9 0.000000
7 10 0.000000
7 11 0.000000
7 12 0.000000
7 13 0.000000
7 14 0.000000
7 15 0.000000
7 16 0.000000
7 17 0.000000
7 18 0.000000
7 19 0.000000
7 20 0.000000
7 21 0.000000
7 22 0.000000
7 23 0.000000
7 24 0.000000
7 25 0.000000
7 26 0.000000
7 27 0.000000
7 28 0.000000
7 29 0.000000
7 30 0.000000
7 31 0.000000
8 0 0.000000
8 1 0.000000
8 2 0.000000
8 3 0.000000
8 4 0.000000
8 5 0.000000
8 6 0.000000
8 7 0.000000
8 8 4569049837488894132835319808.000000
8 9 229469121455137357966606336.000000
8 10 -266050232438412263651540992.000000
8 11 20059543203221882893139705856.000000
8 12 -191618874479591235130490880.000000
8 13 274648518105585317593481216.000000
8 14 -163073976871563453349756928.000000
8 15 -506940729273763185339400192.000000
8 16 -489727887911144065630994432.000000
8 17 -380789386405255296313196544.000000
8 18 -457550162312216219593211904.000000
8 19 -1989815160630332989831643136.000000
8 20 -537464962520900002008530944.000000
8 21 19809708765628905747931725824.000000
8 22 -2637266362827020316270657536.000000
8 23 -1473880536815991975506345984.000000
8 24 0.000000
8 25 0.000000
8 26 0.000000
8 27 0.000000
8 28 0.000000
8 29 0.000000
8 30 0.000000
8 31 0.000000
9 0 0.000000
9 1 0.000000
9 2 0.000000
9 3 0.000000
9 4 0.000000
9 5 0.000000
9 6 0.000000
9 7 0.000000
9 8 2573093534395494348756090880.000000
9 9 158607724983413191550697472.000000
9 10 1241470598527135693402013696.000000
9 11 857043108362175251900006400.000000
9 12 747217982549127706693337088.000000
9 13 86579452045190416882991104.000000
9 14 -40557929245975487233130496.000000
9 15 -349681793323531488783761408.000000
9 16 -341488118540871180146966528.000000
9 17 -277206767913959579340242944.000000
9 18 -288622203442581408585875456.000000
9 19 -901907951132678316252725248.000000
9 20 -1630330915079984834995552256.000000
9 21 -813881416578509643028889600.000000
9 22 -1265620780720531059024855040.000000
9 23 -731026316044941000343289856.000000
9 24 0.000000
9 25 0.000000
9 26 0.000000
9 27 0.000000
9 28 0.000000
9 29 0.000000
9 30 0.000000
9 31 0.000000
10 0 0.000000
10 1 0.000000
10 2 0.000000
10 3 0.000000
10 4 0.000000
10 5 0.000000
10 6 0.000000
10 7 0.000000
10 8 2568938737334284599026515968.000000
10 9 153737950568650533310038016.000000
10 10 1069571588610245148301852672.000000
10 11 1028527361685312511441633280.000000
10 12 316597668507797850217775104.000000
10 13 40998580456722242574745600.000000
10 14 -127697272255605117999382528.000000
10 15 -354553357072469296850927616.000000
10 16 -301114947271851949355433984.000000
10 17 -329121605781297033839116288.000000
10 18 -258258401528653643887149056.000000
10 19 -830700788890036538001326080.000000
10 20 -952586986274285746760187904.000000
10 21 -1865855549212198827471142912.000000
10 22 -1374141943088496223446892544.000000
10 23 -718862754363665806522318848.000000
10 24 0.000000
10 25 0.000000
10 26 0.000000
10 27 0.000000
10 28 0.000000
10 29 0.000000
10 30 0.000000
10 31 0.000000
11 0 0.000000
11 1 0.000000
11 2 0.000000
11 3 0.000000
11 4 0.000000
11 5 0.000000
11 6 0.000000
11 7 0.000000
11 8 21137248625377013236292911104.000000
11 9 924159668212983789661454336.000000
11 10 921655116876608096419446784.000000
11 11 490493907405548928471400448.000000
11 12 228644718015739204395335680.000000
11 13 71930320727191376948625408.000000
11 14 -120408502503480631417110528.000000
11 15 -354061050366630136337399808.000000
11 16 -277316913422823699072942080.000000
11 17 -310760602174042084219027456.000000
11 18 -262167617086010098356060160.000000
11 19 -875495976754917275087142912.000000
11 20 -795752177863796780215304192.000000
11 21 -1521666163256149915423735808.000000
11 22 -1923259750734246696630353920.000000
11 23 -1154526518915212296667004928.000000
11 24 0.000000
11 25 0.000000
11 26 0.000000
11 27 0.000000
11 28 0.000000
11 29 0.000000
11 30 0.000000
11 31 0.000000
12 0 0.000000
12 1 0.000000
12 2 0.000000
12 3 0.000000
12 4 0.000000
12 5 0.000000
12 6 0.000000
12 7 0.000000
12 8 3688960990394504653586825216.000000
12 9 1217794423869458368417497088.000000
12 10 395846615042397012657963008.000000
12 11 418220117527077116526460928.000000
12 12 215385548863694179175235584.000000
12 13 108437727744519776120078336.000000
12 14 -102302608143393048041095168.000000
12 15 -340300369583453169537515520.000000
12 16 -319317013732167817478799360.000000
12 17 -300754276531722780202237952.000000
12 18 -225428934014857565681221632.000000
12 19 -920417635497167364858839040.000000
12 20 -762806145374198931352715264.000000
12 21 -1584182769217761944556011520.000000
12 22 -1457692707234572600743034880.000000
12 23 -1046776946958362255369961472.000000
12 24 0.000000
12 25 0.000000
12 26 0.000000
12 27 0.000000
12 28 0.000000
12 29 0.000000
12 30 0.000000
12 31 0.000000
13 0 0.000000
13 1 0.000000
13 2 0.000000
13 3 0.000000
13 4 0.000000
13 5 0.000000
13 6 0.000000
13 7 0.000000
13 8 4050959010653265356440731648.000000
13 9 906997702970519960896405504.000000
13 10 491776140586112479404228608.000000
13 11 382625390842911607985537024.000000
13 12 223039896189871441651433472.000000
13 13 121130378939317107300499456.000000
13 14 -149798629924965784852889600.000000
13 15 -235719136601727185987829760.000000
13 16 -252583408288329490008899584.000000
13 17 -281938228641657563362885632.000000
13 18 -385787716179467636419067904.000000
13 19 -974697179934057720488919040.000000
13 20 -955233872687934182902464512.000000
13 21 -1710123413375459923083657216.000000
13 22 -1022756482269293215314083840.000000
13 23 -506383157987391240432254976.000000
13 24 0.000000
13 25 0.000000
13 26 0.000000
13 27 0.000000
13 28 0.000000
13 29 0.000000
13 30 0.000000
13 31 0.000000
14 0 0.000000
14 1 0.000000
14 2 0.000000
14 3 0.000000
14 4 0.000000
14 5 0.000000
14 6 0.000000
14 7 0.000000
14 8 3523690559706084603926151168.000000
14 9 846246893138619704883019776.000000
14 10 521126976442720631495065600.000000
14 11 419497296299764471042146304.000000
14 12 214390181000220885479587840.000000
14 13 118727644406856253928636416.000000
14 14 -159434434265820558815920128.000000
14 15 -220791256534030321018994688.000000
14 16 -237070323711638263224598528.000000
14 17 -257566390371472503767826432.000000
14 18 -460251724875299130846478336.000000
14 19 -947506531595457251730522112.000000
14 20 -930325381739156765031792640.000000
14 21 -1633316040992968809476259840.000000
14 22 -995862162427492816792846336.000000
14 23 -448935311468864974473920512.000000
14 24 0.000000
14 25 0.000000
14 26 0.000000
14 27 0.000000
14 28 0.000000
14 29 0.000000
14 30 0.000000
14 31 0.000000
15 0 0.000000
15 1 0.000000
15 2 0.000000
15 3 0.000000
15 4 0.000000
15 5 0.000000
15 6 0.000000
15 7 0.000000
15 8 4736436773805355321610207232.000000
15 9 909912436108118659728146432.000000
15 10 543056355117082104198856704.000000
15 11 396548735015330545611571200.000000
15 12 211305774710632206192082944.000000
15 13 156711768627517323835604992.000000
15 14 -139561019005450310477938688.000000
15 15 -214563561947769681555226624.000000
15 16 -254246935668896617373630464.000000
15 17 -208764864841687231423840256.000000
15 18 -506055211771248832023625728.000000
15 19 -941411505992574731361976320.000000
15 20 -930772752176432369077583872.000000
15 21 -1602353845148033980632662016.000000
15 22 -974410222383247094703980544.000000
15 23 -438544186745168089210421248.000000
15 24 0.000000
15 25 0.000000
15 26 0.000000
15 27 0.000000
15 28 0.000000
15 29 0.000000
15 30 0.000000
15 31 0.000000
16 0 0.000000
16 1 0.000000
16 2 0.000000
16 3 0.000000
16 4 0.000000
16 5 0.000000
16 6 0.000000
16 7 0.000000
16 8 108576933516127854932011253760.000000
16 9 1102261285144194729235185664.000000
16 10 556141553025767974637666304.000000
16 11 356284989832156559880224768.000000
16 12 254001114357370363888795648.000000
16 13 136129592566347007105433600.000000
16 14 -145286445644071986270306304.000000
16 15 -162373941380710249575481344.000000
16 16 -247618817609027964672933888.000000
16 17 -243703588413103480890195968.000000
16 18 -518564908158323111871119360.000000
16 19 -873653958678692934100975616.000000
16 20 -1008566951579890648858230784.000000
16 21 -1584211841286422110809358336.000000
16 22 -932180829045066766571536384.000000
16 23 -442914810712040240693903360.000000
16 24 0.000000
16 25 0.000000
16 26 0.000000
16 27 0.000000
16 28 0.000000
16 29 0.000000
16 30 0.000000
16 31 0.000000
17 0 0.000000
17 1 0.000000
17 2 0.000000
17 3 0.000000
17 4 0.000000
17 5 0.000000
17 6 0.000000
17 7 0.000000
17 8 324091953435647534914600960.000000
17 9 1096810567418318736085483520.000000
17 10 580766554411620624119103488.000000
17 11 413487605334966931059376128.000000
17 12 280884771981096158289199104.000000
17 13 104068478060081115998191616.000000
17 14 -135065768835616177263738880.000000
17 15 -156289467315437891070459904.000000
17 16 -267937094549479792557686784.000000
17 17 -230917449119340589702184960.000000
17 18 -571909091990211950976958464.000000
17 19 -827132598290370752013139968.000000
17 20 -1064865824197041841684611072.000000
17 21 -1560991965290152065293615104.000000
17 22 -903634787738906414798602240.000000
17 23 -422664602257220401054613504.000000
17 24 0.000000
17 25 0.000000
17 26 0.000000
17 27 0.000000
17 28 0.000000
17 29 0.000000
17 30 0.000000
17 31 0.000000
18 0 0.000000
18 1 0.000000
18 2 0.000000
18 3 0.000000
18 4 0.000000
18 5 0.000000
18 6 0.000000
18 7 0.000000
18 8 386404464620828041567797248.000000
18 9 1122350527310227379327074304.000000
18 10 618920102753226679402889216.000000
18 11 400549944485382589614391296.000000
18 12 231954894006046014885068800.000000
18 13 89922389452972135536394240.000000
18 14 -111986991984765936108306432.000000
18 15 -181328782573186057081192448.000000
18 16 -245576744593324243599491072.000000
18 17 -147307802966180931517284352.000000
18 18 -623318581303650132309311488.000000
18 19 -803765222128487324922675200.000000
18 20 -1080759907825831465547988992.000000
18 21 -1528894630601897445481775104.000000
18 22 -874474100920210060765822976.000000
18 23 -405732225191497961368977408.000000
18 24 0.000000
18 25 0.000000
18 26 0.000000
18 27 0.000000
18 28 0.000000
18 29 0.000000
18 30 0.000000
18 31 0.000000
19 0 0.000000
19 1 0.000000
19 2 0.000000
19 3 0.000000
19 4 0.000000
19 5 0.000000
19 6 0.000000
19 7 0.000000
19 8 943162913661909011030605824.000000
19 9 1264303388045763017686646784.000000
19 10 649062709758966592868188160.000000
19 11 354677614340549804390612992.000000
19 12 256446599219222039146528768.000000
19 13 93789832358373674725670912.000000
19 14 -93153106093181442132541440.000000
19 15 -180253300500200642802876416.000000
19 16 -231937056004526737748656128.000000
19 17 -166000589712345621132738560.000000
19 18 -667163023978971879104839680.000000
19 19 -748255353648856837038014464.000000
19 20 -1149919629050244073246425088.000000
19 21 -1481229276933100091840921600.000000
19 22 -835171172848859310739947520.000000
19 23 -424999812482999440612786176.000000
19 24 0.000000
19 25 0.000000
19 26 0.000000
19 27 0.000000
19 28 0.000000
19 29 0.000000
19 30 0.000000
19 31 0.000000
20 0 0.000000
20 1 0.000000
20 2 0.000000
20 3 0.000000
20 4 0.000000
20 5 0.000000
20 6 0.000000
20 7 0.000000
20 8 1336245247211372499959808000.000000
20 9 1854592705150554723636477952.000000
20 10 696541898886572069714132992.000000
20 11 367568715608092102927319040.000000
20 12 237843352968791135694618624.000000
20 13 51984824814353108537704448.000000
20 14 -46627502953722306847834112.000000
20 15 -122390992535826270638833664.000000
20 16 -228571133953629176993939456.000000
20 17 -203289041097126919574388736.000000
20 18 -675505158157937402213040128.000000
20 19 -701848289286815359331991552.000000
20 20 -1200977265167220318591254528.000000
20 21 -1448368247040193896592179200.000000
20 22 -817701515915246006653943808.000000
20 23 -627687065448209733484806144.000000
20 24 0.000000
20 25 0.000000
20 26 0.000000
20 27 0.000000
20 28 0.000000
20 29 0.000000
20 30 0.000000
20 31 0.000000
21 0 0.000000
21 1 0.000000
21 2 0.000000
21 3 0.000000
21 4 0.000000
21 5 0.000000
21 6 0.000000
21 7 0.000000
21 8 53331200570687904554382524416.000000
21 9 1995655252230116844196855808.000000
21 10 1301032183662092042041819136.000000
21 11 459040880594300835878404096.000000
21 12 202935546140442423436771328.000000
21 13 52572713324610195092930560.000000
21 14 -16636103909154590577131520.000000
21 15 -154219355248742131478560768.000000
21 16 -205119234810400012737970176.000000
21 17 -181334242809431875108470784.000000
21 18 -735523853611040273541890048.000000
21 19 -668677132732541959101480960.000000
21 20 -1239147341791516417633288192.000000
21 21 -1433461949663063271798734848.000000
21 22 -985260449673450463288098816.000000
21 23 -377794077889542634159996928.000000
21 24 0.000000
21 25 0.000000
21 26 0.000000
21 27 0.000000
21 28 0.000000
21 29 0.000000
21 30 0.000000
21 31 0.000000
22 0 0.000000
22 1 0.000000
22 2 0.000000
22 3 0.000000
22 4 0.000000
22 5 0.000000
22 6 0.000000
22 7 0.000000
22 8 -78137603991134456793530368.000000
22 9 810285924797614766904311808.000000
22 10 2294866163472168641053589504.000000
22 11 1033557788794213106167316480.000000
22 12 253794215675839637557870592.000000
22 13 117133854942259785523789824.000000
22 14 -38320191615881928945696768.000000
22 15 -205557474109359130555711488.000000
22 16 -168116984659922317989642240.000000
22 17 -167031928726762648454037504.000000
22 18 -732271987778750458944815104.000000
22 19 -662786497053996140564840448.000000
22 20 -1276072853486647480646893568.000000
22 21 -1449576139842140398031994880.000000
22 22 -1206449750051103289011863552.000000
22 23 -249704129792840460935364608.000000
22 24 0.000000
22 25 0.000000
22 26 0.000000
22 27 0.000000
22 28 0.000000
22 29 0.000000
22 30 0.000000
22 31 0.000000
23 0 0.000000
23 1 0.000000
23 2 0.000000
23 3 0.000000
23 4 0.000000
23 5 0.000000
23 6 0.000000
23 7 0.000000
23 8 -77772699723240371298238464.000000
23 9 832117793982802610918260736.000000
23 10 209913691169109714879381504.000000
23 11 1498709559191299852628656128.000000
23 12 886876658617704235537530880.000000
23 13 157877861107392799431458816.000000
23 14 -61796638763787182187479040.000000
23 15 -148669320252773286102958080.000000
23 16 -167669835583575598458470400.000000
23 17 -208792866999191122523193344.000000
23 18 -756698871133251467841896448.000000
23 19 -668938338628625686352363520.000000
23 20 -1307289171677941732273553408.000000
23 21 -1876915626662984715914444800.000000
23 22 -642111386296182475113627648.000000
23 23 -333876364746760113025449984.000000
23 24 0.000000
23 25 0.000000
23 26 0.000000
23 27 0.000000
23 28 0.000000
23 29 0.000000
23 30 0.000000
23 31 0.000000
24 0 0.000000
24 1 0.000000
24 2 0.000000
24 3 0.000000
24 4 0.000000
24 5 0.000000
24 6 0.000000
24 7 0.000000
24 8 0.000000
24 9 0.000000
24 10 0.000000
24 11 0.000000
24 12 0.000000
24 13 0.000000
24 14 0.000000
24 15 0.000000
24 16 0.000000
24 17 0.000000
24 18 0.000000
24 19 0.000000
24 20 0.000000
24 21 0.000000
24 22 0.000000
24 23 0.000000
24 24 0.000000
24 25 0.000000
24 26 0.000000
24 27 0.000000
24 28 0.000000
24 29 0.000000
24 30 0.000000
24 31 0.000000
25 0 0.000000
25 1 0.000000
25 2 0.000000
25 3 0.000000
25 4 0.000000
25 5 0.000000
25 6 0.000000
25 7 0.000000
25 8 0.000000
25 9 0.000000
25 10 0.000000
25 11 0.000000
25 12 0.000000
25 13 0.000000
25 14 0.000000
25 15 0.000000
25 16 0.000000
25 17 0.000000
25 18 0.000000
25 19 0.000000
25 20 0.000000
25 21 0.000000
25 22 0.000000
25 23 0.000000
25 24 0.000000
25 25 0.000000
25 26 0.000000
25 27 0.000000
25 28 0.000000
25 29 0.000000
25 30 0.000000
25 31 0.000000
26 0 0.000000
26 1 0.000000
26 2 0.000000
26 3 0.000000
26 4 0.000000
26 5 0.000000
26 6 0.000000
26 7 0.000000
26 8 0.000000
26 9 0.000000
26 10 0.000000
26 11 0.000000
26 12 0.000000
26 13 0.000000
26 14 0.000000
26 15 0.000000
26 16 0.000000
26 17 0.000000
26 18 0.000000
26 19 0.000000
26 20 0.000000
26 21 0.000000
26 22 0.000000
26 23 0.000000
26 24 0.000000
26 25 0.000000
26 26 0.000000
26 27 0.000000
26 28 0.000000
26 29 0.000000
26 30 0.000000
26 31 0.000000
27 0 0.000000
27 1 0.000000
27 2 0.000000
27 3 0.000000
27 4 0.000000
27 5 0.000000
27 6 0.000000
27 7 0.000000
27 8 0.000000
27 9 0.000000
27 10 0.000000
27 11 0.000000
27 12 0.000000
27 13 0.000000
27 14 0.000000
27 15 0.000000
27 16 0.000000
27 17 0.000000
27 18 0.000000
27 19 0.000000
27 20 0.000000
27 21 0.000000
27 22 0.000000
27 23 0.000000
27 24 0.000000
27 25 0.000000
27 26 0.000000
27 27 0.000000
27 28 0.000000
27 29 0.000000
27 30 0.000000
27 31 0.000000
28 0 0.000000
28 1 0.000000
28 2 0.000000
28 3 0.000000
28 4 0.000000
28 5 0.000000
28 6 0.000000
28 7 0.000000
28 8 0.000000
28 9 0.000000
28 10 0.000000
28 11 0.000000
28 12 0.000000
28 13 0.000000
28 14 0.000000
28 15 0.000000
28 16 0.000000
28 17 0.000000
28 18 0.000000
28 19 0.000000
28 20 0.000000
28 21 0.000000
28 22 0.000000
28 23 0.000000
28 24 0.000000
28 25 0.000000
28 26 0.000000
28 27 0.000000
28 28 0.000000
28 29 0.000000
28 30 0.000000
28 31 0.000000
29 0 0.000000
29 1 0.000000
29 2 0.000000
29 3 0.000000
29 4 0.000000
29 5 0.000000
29 6 0.000000
29 7 0.000000
29 8 0.000000
29 9 0.000000
29 10 0.000000
29 11 0.000000
29 12 0.000000
29 13 0.000000
29 14 0.000000
29 15 0.000000
29 16 0.000000
29 17 0.000000
29 18 0.000000
29 19 0.000000
29 20 0.000000
29 21 0.000000
29 22 0.000000
29 23 0.000000
29 24 0.000000
29 25 0.000000
29 26 0.000000
29 27 0.000000
29 28 0.000000
29 29 0.000000
29 30 0.000000
29 31 0.000000
30 0 0.000000
30 1 0.000000
30 2 0.000000
30 3 0.000000
30 4 0.000000
30 5 0.000000
30 6 0.000000
30 7 0.000000
30 8 0.000000
30 9 0.000000
30 10 0.000000
30 11 0.000000
30 12 0.000000
30 13 0.000000
30 14 0.000000
30 15 0.000000
30 16 0.000000
30 17 0.000000
30 18 0.000000
30 19 0.000000
30 20 0.000000
30 21 0.000000
30 22 0.000000
30 23 0.000000
30 24 0.000000
30 25 0.000000
30 26 0.000000
30 27 0.000000
30 28 0.000000
30 29 0.000000
30 30 0.000000
30 31 0.000000
31 0 0.000000
31 1 0.000000
31 2 0.000000
31 3 0.000000
31 4 0.000000
31 5 0.000000
31 6 0.000000
31 7 0.000000
31 8 0.000000
31 9 0.000000
31 10 0.000000
31 11 0.000000
31 12 0.000000
31 13 0.000000
31 14 0.000000
31 15 0.000000
31 16 0.000000
31 17 0.000000
31 18 0.000000
31 19 0.000000
31 20 0.000000
31 21 0.000000
31 22 0.000000
31 23 0.000000
31 24 0.000000
31 25 0.000000
31 26 0.000000
31 27 0.000000
31 28 0.000000
31 29 0.000000
31 30 0.000000
31 31 0.000000
