0 0 2.699997
0 1 3.050001
0 2 3.050001
0 3 3.050001
0 4 3.050001
0 5 3.050001
0 6 3.050001
0 7 3.050001
0 8 3.050001
0 9 3.050001
0 10 3.050001
0 11 3.050001
0 12 3.050001
0 13 3.050001
0 14 3.050001
0 15 3.050001
0 16 3.050001
0 17 3.050000
0 18 3.050001
0 19 3.050001
0 20 3.050001
0 21 3.050000
0 22 3.050000
0 23 3.050001
0 24 3.050001
0 25 3.050001
0 26 3.050001
0 27 3.050001
0 28 3.050000
0 29 3.050001
0 30 3.050000
0 31 3.050001
1 0 4.266548
1 1 4.283519
1 2 4.346282
1 3 4.357595
1 4 4.422297
1 5 4.439267
1 6 4.456239
1 7 4.473208
1 8 4.490179
1 9 4.607151
1 10 4.624121
1 11 4.641090
1 12 4.658062
1 13 4.675032
1 14 4.740624
1 15 4.751939
1 16 4.813812
1 17 4.830783
1 18 4.847754
1 19 4.864725
1 20 4.881695
1 21 4.898666
1 22 5.015635
1 23 5.032606
1 24 5.049578
1 25 5.066547
1 26 5.083518
1 27 5.146281
1 28 5.157597
1 29 5.222298
1 30 5.239268
1 31 5.256238
2 0 3.080669
2 1 3.020734
2 2 3.009419
2 3 2.998106
2 4 2.986792
2 5 2.975478
2 6 2.917438
2 7 2.911782
2 8 2.906124
2 9 2.900467
2 10 2.894810
2 11 2.889153
2 12 2.883497
2 13 2.826390
2 14 2.815076
2 15 2.803763
2 16 2.792449
2 17 2.781135
2 18 2.669821
2 19 2.658508
2 20 2.647193
2 21 2.635880
2 22 2.624566
2 23 2.613252
2 24 2.601939
2 25 2.590625
2 26 2.525033
2 27 2.508062
2 28 2.491092
2 29 2.474121
2 30 2.457151
2 31 2.340180
3 0 0.000000
3 1 0.000000
3 2 0.000000
3 3 0.000000
3 4 0.000000
3 5 0.000000
3 6 0.000000
3 7 0.000000
3 8 0.000000
3 9 0.000000
3 10 0.000000
3 11 0.000000
3 12 0.000000
3 13 0.000000
3 14 0.000000
3 15 0.000000
3 16 0.000000
3 17 0.000000
3 18 0.000000
3 19 0.000000
3 20 0.000000
3 21 0.000000
3 22 0.000000
3 23 0.000000
3 24 0.000000
3 25 0.000000
3 26 0.000000
3 27 0.000000
3 28 0.000000
3 29 0.000000
3 30 0.000000
3 31 0.000000
4 0 0.000000
4 1 0.000000
4 2 0.000000
4 3 0.000000
4 4 0.000000
4 5 0.000000
4 6 0.000000
4 7 0.000000
4 8 0.000000
4 9 0.000000
4 10 0.000000
4 11 0.000000
4 12 0.000000
4 13 0.000000
4 14 0.000000
4 15 0.000000
4 16 0.000000
4 17 0.000000
4 18 0.000000
4 19 0.000000
4 20 0.000000
4 21 0.000000
4 22 0.000000
4 23 0.000000
4 24 0.000000
4 25 0.000000
4 26 0.000000
4 27 0.000000
4 28 0.000000
4 29 0.000000
4 30 0.000000
4 31 0.000000
5 0 0.000000
5 1 0.000000
5 2 0.000000
5 3 0.000000
5 4 0.000000
5 5 0.000000
5 6 0.000000
5 7 0.000000
5 8 0.000000
5 9 0.000000
5 10 0.000000
5 11 0.000000
5 12 0.000000
5 13 0.000000
5 14 0.000000
5 15 0.000000
5 16 0.000000
5 17 0.000000
5 18 0.000000
5 19 0.000000
5 20 0.000000
5 21 0.000000
5 22 0.000000
5 23 0.000000
5 24 0.000000
5 25 0.000000
5 26 0.000000
5 27 0.000000
5 28 0.000000
5 29 0.000000
5 30 0.000000
5 31 0.000000
6 0 0.000000
6 1 0.000000
6 2 0.000000
6 3 0.000000
6 4 0.000000
6 5 0.000000
6 6 0.000000
6 7 0.000000
6 8 0.000000
6 9 0.000000
6 10 0.000000
6 11 0.000000
6 12 0.000000
6 13 0.000000
6 14 0.000000
6 15 0.000000
6 16 0.000000
6 17 0.000000
6 18 0.000000
6 19 0.000000
6 20 0.000000
6 21 0.000000
6 22 0.000000
6 23 0.000000
6 24 0.000000
6 25 0.000000
6 26 0.000000
6 27 0.000000
6 28 0.000000
6 29 0.000000
6 30 0.000000
6 31 0.000000
7 0 0.000000
7 1 0.000000
7 2 0.000000
7 3 0.000000
7 4 0.000000
7 5 0.000000
7 6 0.000000
7 7 0.000000
7 8 0.000000
7 9 0.000000
7 10 0.000000
7 11 0.000000
7 12 0.000000
7 13 0.000000
7 14 0.000000
7 15 0.000000
7 16 0.000000
7 17 0.000000
7 18 0.000000
7 19 0.000000
7 20 0.000000
7 21 0.000000
7 22 0.000000
7 23 0.000000
7 24 0.000000
7 25 0.000000
7 26 0.000000
7 27 0.000000
7 28 0.000000
7 29 0.000000
7 30 0.000000
7 31 0.000000
8 0 0.000000
8 1 0.000000
8 2 0.000000
8 3 0.000000
8 4 0.000000
8 5 0.000000
8 6 0.000000
8 7 0.000000
8 8 8885636699418263552.000000
8 9 356024648212676608.000000
8 10 -590588652086624256.000000
8 11 39795213682329255936.000000
8 12 419739903933284352.000000
8 13 896497938262392832.000000
8 14 -210258028031639552.000000
8 15 -844463069441556480.000000
8 16 -812321183465734144.000000
8 17 -587576333823901696.000000
8 18 -708536631652515840.000000
8 19 -3626376540259876864.000000
8 20 -1776346659140141056.000000
8 21 30171615014917505024.000000
8 22 -5762810371278635008.000000
8 23 -3180002582051422208.000000
8 24 0.000000
8 25 0.000000
8 26 0.000000
8 27 0.000000
8 28 0.000000
8 29 0.000000
8 30 0.000000
8 31 0.000000
9 0 0.000000
9 1 0.000000
9 2 0.000000
9 3 0.000000
9 4 0.000000
9 5 0.000000
9 6 0.000000
9 7 0.000000
9 8 4988129112963940352.000000
9 9 228561013983674368.000000
9 10 2494851806807457792.000000
9 11 1639390803589595136.000000
9 12 1704544564116717568.000000
9 13 360231104822640640.000000
9 14 3158888316665856.000000
9 15 -535578264282857472.000000
9 16 -508562919991017472.000000
9 17 -396155585675919360.000000
9 18 -439054096985489408.000000
9 19 -1730029182064263168.000000
9 20 -2600792775800651776.000000
9 21 -2132714183181991936.000000
9 22 -2813502096286941184.000000
9 23 -1609957289630892032.000000
9 24 0.000000
9 25 0.000000
9 26 0.000000
9 27 0.000000
9 28 0.000000
9 29 0.000000
9 30 0.000000
9 31 0.000000
10 0 0.000000
10 1 0.000000
10 2 0.000000
10 3 0.000000
10 4 0.000000
10 5 0.000000
10 6 0.000000
10 7 0.000000
10 8 4990336932312514560.000000
10 9 223158357442166784.000000
10 10 2101389921540374528.000000
10 11 2059841713588928512.000000
10 12 733014096949018624.000000
10 13 251001668349460480.000000
10 14 -104179345207066624.000000
10 15 -567658371449094144.000000
10 16 -490333257720659968.000000
10 17 -458645332608155648.000000
10 18 -370407222376660992.000000
10 19 -1666987995690958848.000000
10 20 -1849038121631481856.000000
10 21 -3562414925215170560.000000
10 22 -3246181912049352704.000000
10 23 -1571598215155810304.000000
10 24 0.000000
10 25 0.000000
10 26 0.000000
10 27 0.000000
10 28 0.000000
10 29 0.000000
10 30 0.000000
10 31 0.000000
11 0 0.000000
11 1 0.000000
11 2 0.000000
11 3 0.000000
11 4 0.000000
11 5 0.000000
11 6 0.000000
11 7 0.000000
11 8 42258159310966095872.000000
11 9 1766194593402978304.000000
11 10 1847049242535788544.000000
11 11 947765829003378688.000000
11 12 571810848910082048.000000
11 13 291690367445630976.000000
11 14 -84056066215641088.000000
11 15 -549258147437477888.000000
11 16 -453455843883483136.000000
11 17 -430843150307688448.000000
11 18 -368667485743874048.000000
11 19 -1753242758744637440.000000
11 20 -1616598614740566016.000000
11 21 -3182132061196517376.000000
11 22 -3682041240561385472.000000
11 23 -2585087901465313280.000000
11 24 0.000000
11 25 0.000000
11 26 0.000000
11 27 0.000000
11 28 0.000000
11 29 0.000000
11 30 0.000000
11 31 0.000000
12 0 0.000000
12 1 0.000000
12 2 0.000000
12 3 0.000000
12 4 0.000000
12 5 0.000000
12 6 0.000000
12 7 0.000000
12 8 7266052223413518336.000000
12 9 2412609436561440768.000000
12 10 758932472233721856.000000
12 11 797918749372973056.000000
12 12 569131785749790720.000000
12 13 372145790778343424.000000
12 14 -67950230913417216.000000
12 15 -515840587455266816.000000
12 16 -474816846550269952.000000
12 17 -436049750182068224.000000
12 18 -347206839835820032.000000
12 19 -1813381096981659648.000000
12 20 -1564157545092743168.000000
12 21 -3375116967714226176.000000
12 22 -3037227148894011392.000000
12 23 -2137615531140710400.000000
12 24 0.000000
12 25 0.000000
12 26 0.000000
12 27 0.000000
12 28 0.000000
12 29 0.000000
12 30 0.000000
12 31 0.000000
13 0 0.000000
13 1 0.000000
13 2 0.000000
13 3 0.000000
13 4 0.000000
13 5 0.000000
13 6 0.000000
13 7 0.000000
13 8 8121663584846479360.000000
13 9 1747242586352910336.000000
13 10 932215573490696192.000000
13 11 758823276985188352.000000
13 12 570729376144949248.000000
13 13 358944195181805568.000000
13 14 -151728550183960576.000000
13 15 -337378133596438528.000000
13 16 -344256540900851712.000000
13 17 -399685533397155840.000000
13 18 -754689456862134272.000000
13 19 -1971761211477327872.000000
13 20 -1943827156501004288.000000
13 21 -3631050014433738752.000000
13 22 -2151600082095439872.000000
13 23 -1074303949319700480.000000
13 24 0.000000
13 25 0.000000
13 26 0.000000
13 27 0.000000
13 28 0.000000
13 29 0.000000
13 30 0.000000
13 31 0.000000
14 0 0.000000
14 1 0.000000
14 2 0.000000
14 3 0.000000
14 4 0.000000
14 5 0.000000
14 6 0.000000
14 7 0.000000
14 8 7042534703626190848.000000
14 9 1621221373940596736.000000
14 10 990949423062188032.000000
14 11 844946442240917504.000000
14 12 544640782716370944.000000
14 13 345835027281477632.000000
14 14 -147517592448270336.000000
14 15 -303753246952914944.000000
14 16 -328312557146210304.000000
14 17 -349258700331941888.000000
14 18 -847810257714413568.000000
14 19 -1928026624654049280.000000
14 20 -1951546827639619584.000000
14 21 -3452903841966587904.000000
14 22 -2092707765410594816.000000
14 23 -965230196821065728.000000
14 24 0.000000
14 25 0.000000
14 26 0.000000
14 27 0.000000
14 28 0.000000
14 29 0.000000
14 30 0.000000
14 31 0.000000
15 0 0.000000
15 1 0.000000
15 2 0.000000
15 3 0.000000
15 4 0.000000
15 5 0.000000
15 6 0.000000
15 7 0.000000
15 8 9498049832682520576.000000
15 9 1745703682390884352.000000
15 10 1034546021176180736.000000
15 11 806583588194615296.000000
15 12 563467342361657344.000000
15 13 462444282721075200.000000
15 14 -133447743443042304.000000
15 15 -324302466441019392.000000
15 16 -343494098306465792.000000
15 17 -280636805252907008.000000
15 18 -929193497062277120.000000
15 19 -1897088016715874304.000000
15 20 -1992382414617313280.000000
15 21 -3388596980270759936.000000
15 22 -2036671979934711808.000000
15 23 -948897157748883456.000000
15 24 0.000000
15 25 0.000000
15 26 0.000000
15 27 0.000000
15 28 0.000000
15 29 0.000000
15 30 0.000000
15 31 0.000000
16 0 0.000000
16 1 0.000000
16 2 0.000000
16 3 0.000000
16 4 0.000000
16 5 0.000000
16 6 0.000000
16 7 0.000000
16 8 219429588331814453248.000000
16 9 2128606957496434688.000000
16 10 1058877526304096256.000000
16 11 725181657149079552.000000
16 12 652237032105443328.000000
16 13 442206671700230144.000000
16 14 -156956710794166272.000000
16 15 -230671835790835712.000000
16 16 -317191031390994432.000000
16 17 -351412231293894656.000000
16 18 -985880330860756992.000000
16 19 -1769118194821234688.000000
16 20 -2115435220512538624.000000
16 21 -3367671074970927104.000000
16 22 -1982921254499254272.000000
16 23 -957752349521084416.000000
16 24 0.000000
16 25 0.000000
16 26 0.000000
16 27 0.000000
16 28 0.000000
16 29 0.000000
16 30 0.000000
16 31 0.000000
17 0 0.000000
17 1 0.000000
17 2 0.000000
17 3 0.000000
17 4 0.000000
17 5 0.000000
17 6 0.000000
17 7 0.000000
17 8 593916805064425472.000000
17 9 2121279262253121536.000000
17 10 1110406825934585856.000000
17 11 851313714077368320.000000
17 12 686510527530139648.000000
17 13 381794898665275392.000000
17 14 -119577576057339904.000000
17 15 -186425735542472704.000000
17 16 -371122214172360704.000000
17 17 -362558255542566912.000000
17 18 -1091482650272595968.000000
17 19 -1704297448878374912.000000
17 20 -2229860433542512640.000000
17 21 -3313466800989011968.000000
17 22 -1928418325671444480.000000
17 23 -918983706964656128.000000
17 24 0.000000
17 25 0.000000
17 26 0.000000
17 27 0.000000
17 28 0.000000
17 29 0.000000
17 30 0.000000
17 31 0.000000
18 0 0.000000
18 1 0.000000
18 2 0.000000
18 3 0.000000
18 4 0.000000
18 5 0.000000
18 6 0.000000
18 7 0.000000
18 8 719782711459315712.000000
18 9 2174444497746788352.000000
18 10 1186303914576707584.000000
18 11 828806985934700544.000000
18 12 602903869512482816.000000
18 13 336119742538448896.000000
18 14 -87404560158556160.000000
18 15 -202907827159695360.000000
18 16 -340857675581489152.000000
18 17 -209080829035413504.000000
18 18 -1169079102854922240.000000
18 19 -1645784601144066048.000000
18 20 -2291709474433400832.000000
18 21 -3248576648374648832.000000
18 22 -1859847008127287296.000000
18 23 -888598565692112896.000000
18 24 0.000000
18 25 0.000000
18 26 0.000000
18 27 0.000000
18 28 0.000000
18 29 0.000000
18 30 0.000000
18 31 0.000000
19 0 0.000000
19 1 0.000000
19 2 0.000000
19 3 0.000000
19 4 0.000000
19 5 0.000000
19 6 0.000000
19 7 0.000000
19 8 1859863638240657408.000000
19 9 2464903583968002048.000000
19 10 1244035146982621184.000000
19 11 735806925203046400.000000
19 12 661211520889257984.000000
19 13 360988427816009728.000000
19 14 -69670313775857664.000000
19 15 -201982759923613696.000000
19 16 -297591996107718656.000000
19 17 -212146782849728512.000000
19 18 -1289567435317313536.000000
19 19 -1576836151111581696.000000
19 20 -2424903350949511168.000000
19 21 -3163814197477769216.000000
19 22 -1775742065183817728.000000
19 23 -935246652170567680.000000
19 24 0.000000
19 25 0.000000
19 26 0.000000
19 27 0.000000
19 28 0.000000
19 29 0.000000
19 30 0.000000
19 31 0.000000
20 0 0.000000
20 1 0.000000
20 2 0.000000
20 3 0.000000
20 4 0.000000
20 5 0.000000
20 6 0.000000
20 7 0.000000
20 8 2704882167212670976.000000
20 9 3667346267656159232.000000
20 10 1334627483407876096.000000
20 11 767366688491438080.000000
20 12 651805405072064512.000000
20 13 293752570223001600.000000
20 14 -9357934874066944.000000
20 15 -106177140654866432.000000
20 16 -289889779716194304.000000
20 17 -254888630932209664.000000
20 18 -1332778792044724224.000000
20 19 -1490603378290458624.000000
20 20 -2545369968057253888.000000
20 21 -3098322886880919552.000000
20 22 -1751553221689606144.000000
20 23 -1389347290904264704.000000
20 24 0.000000
20 25 0.000000
20 26 0.000000
20 27 0.000000
20 28 0.000000
20 29 0.000000
20 30 0.000000
20 31 0.000000
21 0 0.000000
21 1 0.000000
21 2 0.000000
21 3 0.000000
21 4 0.000000
21 5 0.000000
21 6 0.000000
21 7 0.000000
21 8 110541222289715757056.000000
21 9 3993024910338293760.000000
21 10 2558804625759141888.000000
21 11 962577899896963072.000000
21 12 587926253399441408.000000
21 13 267216681720348672.000000
21 14 51711947409719296.000000
21 15 -146945124847321088.000000
21 16 -270659115187961856.000000
21 17 -218735279861661696.000000
21 18 -1440230764892389376.000000
21 19 -1431642617006784512.000000
21 20 -2642256458795712512.000000
21 21 -3062440874664263680.000000
21 22 -2115148660294549504.000000
21 23 -826255088166109184.000000
21 24 0.000000
21 25 0.000000
21 26 0.000000
21 27 0.000000
21 28 0.000000
21 29 0.000000
21 30 0.000000
21 31 0.000000
22 0 0.000000
22 1 0.000000
22 2 0.000000
22 3 0.000000
22 4 0.000000
22 5 0.000000
22 6 0.000000
22 7 0.000000
22 8 -227637097798828032.000000
22 9 1537352001363378176.000000
22 10 4651613683678445568.000000
22 11 2140775390119985152.000000
22 12 715935245395820544.000000
22 13 389892664364892160.000000
22 14 45288351372148736.000000
22 15 -241890926023147520.000000
22 16 -241539219741212672.000000
22 17 -199743948091031552.000000
22 18 -1439316658412847104.000000
22 19 -1379612764707749888.000000
22 20 -2747015727666954240.000000
22 21 -3152387522886107136.000000
22 22 -2147812814293565440.000000
22 23 -559362350059094016.000000
22 24 0.000000
22 25 0.000000
22 26 0.000000
22 27 0.000000
22 28 0.000000
22 29 0.000000
22 30 0.000000
22 31 0.000000
23 0 0.000000
23 1 0.000000
23 2 0.000000
23 3 0.000000
23 4 0.000000
23 5 0.000000
23 6 0.000000
23 7 0.000000
23 8 -226671675050033152.000000
23 9 1582952047102132224.000000
23 10 333895705393364992.000000
23 11 3196030163049512960.000000
23 12 1990692740123328512.000000
23 13 486602889645522944.000000
23 14 7615870369005568.000000
23 15 -158192286985879552.000000
23 16 -230578858338811904.000000
23 17 -257699137271627776.000000
23 18 -1529830517195669504.000000
23 19 -1403164166335758336.000000
23 20 -2826029656895913984.000000
23 21 -3662881150935760896.000000
23 22 -1423960604141420544.000000
23 23 -738333328045768704.000000
23 24 0.000000
23 25 0.000000
23 26 0.000000
23 27 0.000000
23 28 0.000000
23 29 0.000000
23 30 0.000000
23 31 0.000000
24 0 0.000000
24 1 0.000000
24 2 0.000000
24 3 0.000000
24 4 0.000000
24 5 0.000000
24 6 0.000000
24 7 0.000000
24 8 0.000000
24 9 0.000000
24 10 0.000000
24 11 0.000000
24 12 0.000000
24 13 0.000000
24 14 0.000000
24 15 0.000000
24 16 0.000000
24 17 0.000000
24 18 0.000000
24 19 0.000000
24 20 0.000000
24 21 0.000000
24 22 0.000000
24 23 0.000000
24 24 0.000000
24 25 0.000000
24 26 0.000000
24 27 0.000000
24 28 0.000000
24 29 0.000000
24 30 0.000000
24 31 0.000000
25 0 0.000000
25 1 0.000000
25 2 0.000000
25 3 0.000000
25 4 0.000000
25 5 0.000000
25 6 0.000000
25 7 0.000000
25 8 0.000000
25 9 0.000000
25 10 0.000000
25 11 0.000000
25 12 0.000000
25 13 0.000000
25 14 0.000000
25 15 0.000000
25 16 0.000000
25 17 0.000000
25 18 0.000000
25 19 0.000000
25 20 0.000000
25 21 0.000000
25 22 0.000000
25 23 0.000000
25 24 0.000000
25 25 0.000000
25 26 0.000000
25 27 0.000000
25 28 0.000000
25 29 0.000000
25 30 0.000000
25 31 0.000000
26 0 0.000000
26 1 0.000000
26 2 0.000000
26 3 0.000000
26 4 0.000000
26 5 0.000000
26 6 0.000000
26 7 0.000000
26 8 0.000000
26 9 0.000000
26 10 0.000000
26 11 0.000000
26 12 0.000000
26 13 0.000000
26 14 0.000000
26 15 0.000000
26 16 0.000000
26 17 0.000000
26 18 0.000000
26 19 0.000000
26 20 0.000000
26 21 0.000000
26 22 0.000000
26 23 0.000000
26 24 0.000000
26 25 0.000000
26 26 0.000000
26 27 0.000000
26 28 0.000000
26 29 0.000000
26 30 0.000000
26 31 0.000000
27 0 0.000000
27 1 0.000000
27 2 0.000000
27 3 0.000000
27 4 0.000000
27 5 0.000000
27 6 0.000000
27 7 0.000000
27 8 0.000000
27 9 0.000000
27 10 0.000000
27 11 0.000000
27 12 0.000000
27 13 0.000000
27 14 0.000000
27 15 0.000000
27 16 0.000000
27 17 0.000000
27 18 0.000000
27 19 0.000000
27 20 0.000000
27 21 0.000000
27 22 0.000000
27 23 0.000000
27 24 0.000000
27 25 0.000000
27 26 0.000000
27 27 0.000000
27 28 0.000000
27 29 0.000000
27 30 0.000000
27 31 0.000000
28 0 0.000000
28 1 0.000000
28 2 0.000000
28 3 0.000000
28 4 0.000000
28 5 0.000000
28 6 0.000000
28 7 0.000000
28 8 0.000000
28 9 0.000000
28 10 0.000000
28 11 0.000000
28 12 0.000000
28 13 0.000000
28 14 0.000000
28 15 0.000000
28 16 0.000000
28 17 0.000000
28 18 0.000000
28 19 0.000000
28 20 0.000000
28 21 0.000000
28 22 0.000000
28 23 0.000000
28 24 0.000000
28 25 0.000000
28 26 0.000000
28 27 0.000000
28 28 0.000000
28 29 0.000000
28 30 0.000000
28 31 0.000000
29 0 0.000000
29 1 0.000000
29 2 0.000000
29 3 0.000000
29 4 0.000000
29 5 0.000000
29 6 0.000000
29 7 0.000000
29 8 0.000000
29 9 0.000000
29 10 0.000000
29 11 0.000000
29 12 0.000000
29 13 0.000000
29 14 0.000000
29 15 0.000000
29 16 0.000000
29 17 0.000000
29 18 0.000000
29 19 0.000000
29 20 0.000000
29 21 0.000000
29 22 0.000000
29 23 0.000000
29 24 0.000000
29 25 0.000000
29 26 0.000000
29 27 0.000000
29 28 0.000000
29 29 0.000000
29 30 0.000000
29 31 0.000000
30 0 0.000000
30 1 0.000000
30 2 0.000000
30 3 0.000000
30 4 0.000000
30 5 0.000000
30 6 0.000000
30 7 0.000000
30 8 0.000000
30 9 0.000000
30 10 0.000000
30 11 0.000000
30 12 0.000000
30 13 0.000000
30 14 0.000000
30 15 0.000000
30 16 0.000000
30 17 0.000000
30 18 0.000000
30 19 0.000000
30 20 0.000000
30 21 0.000000
30 22 0.000000
30 23 0.000000
30 24 0.000000
30 25 0.000000
30 26 0.000000
30 27 0.000000
30 28 0.000000
30 29 0.000000
30 30 0.000000
30 31 0.000000
31 0 0.000000
31 1 0.000000
31 2 0.000000
31 3 0.000000
31 4 0.000000
31 5 0.000000
31 6 0.000000
31 7 0.000000
31 8 0.000000
31 9 0.000000
31 10 0.000000
31 11 0.000000
31 12 0.000000
31 13 0.000000
31 14 0.000000
31 15 0.000000
31 16 0.000000
31 17 0.000000
31 18 0.000000
31 19 0.000000
31 20 0.000000
31 21 0.000000
31 22 0.000000
31 23 0.000000
31 24 0.000000
31 25 0.000000
31 26 0.000000
31 27 0.000000
31 28 0.000000
31 29 0.000000
31 30 0.000000
31 31 0.000000
