0 0 2.699997
0 1 3.050001
0 2 3.050001
0 3 3.050001
0 4 3.050001
0 5 3.050001
0 6 3.050001
0 7 3.050001
0 8 3.050001
0 9 3.050001
0 10 3.050001
0 11 3.050001
0 12 3.050001
0 13 3.050001
0 14 3.050001
0 15 3.050001
0 16 3.050001
0 17 3.050000
0 18 3.050001
0 19 3.050001
0 20 3.050001
0 21 3.050000
0 22 3.050000
0 23 3.050001
0 24 3.050001
0 25 3.050001
0 26 3.050001
0 27 3.050001
0 28 3.050000
0 29 3.050001
0 30 3.050000
0 31 3.050001
1 0 4.266548
1 1 4.283519
1 2 4.346282
1 3 4.357595
1 4 4.422297
1 5 4.439267
1 6 4.456239
1 7 4.473208
1 8 4.490179
1 9 4.607151
1 10 4.624121
1 11 4.641090
1 12 4.658062
1 13 4.675032
1 14 4.740624
1 15 4.751939
1 16 4.813812
1 17 4.830783
1 18 4.847754
1 19 4.864725
1 20 4.881695
1 21 4.898666
1 22 5.015635
1 23 5.032606
1 24 5.049578
1 25 5.066547
1 26 5.083518
1 27 5.146281
1 28 5.157597
1 29 5.222298
1 30 5.239268
1 31 5.256238
2 0 3.080669
2 1 3.020734
2 2 3.009419
2 3 2.998106
2 4 2.986792
2 5 2.975478
2 6 2.917438
2 7 2.911782
2 8 2.906124
2 9 2.900467
2 10 2.894810
2 11 2.889153
2 12 2.883497
2 13 2.826390
2 14 2.815076
2 15 2.803763
2 16 2.792449
2 17 2.781135
2 18 2.669821
2 19 2.658508
2 20 2.647193
2 21 2.635880
2 22 2.624566
2 23 2.613252
2 24 2.601939
2 25 2.590625
2 26 2.525033
2 27 2.508062
2 28 2.491092
2 29 2.474121
2 30 2.457151
2 31 2.340180
3 0 0.000000
3 1 0.000000
3 2 0.000000
3 3 0.000000
3 4 0.000000
3 5 0.000000
3 6 0.000000
3 7 0.000000
3 8 0.000000
3 9 0.000000
3 10 0.000000
3 11 0.000000
3 12 0.000000
3 13 0.000000
3 14 0.000000
3 15 0.000000
3 16 0.000000
3 17 0.000000
3 18 0.000000
3 19 0.000000
3 20 0.000000
3 21 0.000000
3 22 0.000000
3 23 0.000000
3 24 0.000000
3 25 0.000000
3 26 0.000000
3 27 0.000000
3 28 0.000000
3 29 0.000000
3 30 0.000000
3 31 0.000000
4 0 0.000000
4 1 0.000000
4 2 0.000000
4 3 0.000000
4 4 0.000000
4 5 0.000000
4 6 0.000000
4 7 0.000000
4 8 0.000000
4 9 0.000000
4 10 0.000000
4 11 0.000000
4 12 0.000000
4 13 0.000000
4 14 0.000000
4 15 0.000000
4 16 0.000000
4 17 0.000000
4 18 0.000000
4 19 0.000000
4 20 0.000000
4 21 0.000000
4 22 0.000000
4 23 0.000000
4 24 0.000000
4 25 0.000000
4 26 0.000000
4 27 0.000000
4 28 0.000000
4 29 0.000000
4 30 0.000000
4 31 0.000000
5 0 0.000000
5 1 0.000000
5 2 0.000000
5 3 0.000000
5 4 0.000000
5 5 0.000000
5 6 0.000000
5 7 0.000000
5 8 0.000000
5 9 0.000000
5 10 0.000000
5 11 0.000000
5 12 0.000000
5 13 0.000000
5 14 0.000000
5 15 0.000000
5 16 0.000000
5 17 0.000000
5 18 0.000000
5 19 0.000000
5 20 0.000000
5 21 0.000000
5 22 0.000000
5 23 0.000000
5 24 0.000000
5 25 0.000000
5 26 0.000000
5 27 0.000000
5 28 0.000000
5 29 0.000000
5 30 0.000000
5 31 0.000000
6 0 0.000000
6 1 0.000000
6 2 0.000000
6 3 0.000000
6 4 0.000000
6 5 0.000000
6 6 0.000000
6 7 0.000000
6 8 0.000000
6 9 0.000000
6 10 0.000000
6 11 0.000000
6 12 0.000000
6 13 0.000000
6 14 0.000000
6 15 0.000000
6 16 0.000000
6 17 0.000000
6 18 0.000000
6 19 0.000000
6 20 0.000000
6 21 0.000000
6 22 0.000000
6 23 0.000000
6 24 0.000000
6 25 0.000000
6 26 0.000000
6 27 0.000000
6 28 0.000000
6 29 0.000000
6 30 0.000000
6 31 0.000000
7 0 0.000000
7 1 0.000000
7 2 0.000000
7 3 0.000000
7 4 0.000000
7 5 0.000000
7 6 0.000000
7 7 0.000000
7 8 0.000000
7 9 0.000000
7 10 0.000000
7 11 0.000000
7 12 0.000000
7 13 0.000000
7 14 0.000000
7 15 0.000000
7 16 0.000000
7 17 0.000000
7 18 0.000000
7 19 0.000000
7 20 0.000000
7 21 0.000000
7 22 0.000000
7 23 0.000000
7 24 0.000000
7 25 0.000000
7 26 0.000000
7 27 0.000000
7 28 0.000000
7 29 0.000000
7 30 0.000000
7 31 0.000000
8 0 0.000000
8 1 0.000000
8 2 0.000000
8 3 0.000000
8 4 0.000000
8 5 0.000000
8 6 0.000000
8 7 0.000000
8 8 55730611442588533234073600.000000
8 9 2798930242911473300930560.000000
8 10 -3245126429634635273076736.000000
8 11 244674643467887625396813824.000000
8 12 -2337256373219340559843328.000000
8 13 3350003087222701715095552.000000
8 14 -1989081284587476565884928.000000
8 15 -6183368789633772321505280.000000
8 16 -5973417748419599363211264.000000
8 17 -4644648044244097659043840.000000
8 18 -5580932139370804267712512.000000
8 19 -24270609456237569216872448.000000
8 20 -6555682884037966022311936.000000
8 21 241627333580631176017608704.000000
8 22 -32167840449947346931810304.000000
8 23 -17977537303136693888483328.000000
8 24 0.000000
8 25 0.000000
8 26 0.000000
8 27 0.000000
8 28 0.000000
8 29 0.000000
8 30 0.000000
8 31 0.000000
9 0 0.000000
9 1 0.000000
9 2 0.000000
9 3 0.000000
9 4 0.000000
9 5 0.000000
9 6 0.000000
9 7 0.000000
9 8 31385096676196657169170432.000000
9 9 1934604302342922287710208.000000
9 10 15142738519295396971282432.000000
9 11 10453714526338981772132352.000000
9 12 9114129265528763236483072.000000
9 13 1056045689915187824427008.000000
9 14 -494702044380169313976320.000000
9 15 -4265214947779332829872128.000000
9 16 -4165273947152488299757568.000000
9 17 -3381208348896766787059712.000000
9 18 -3520446390777759544639488.000000
9 19 -11000951024343630902984704.000000
9 20 -19885829919131854866219008.000000
9 21 -9927253673847348023787520.000000
9 22 -15437305352036427946262528.000000
9 23 -8916632658868105742647296.000000
9 24 0.000000
9 25 0.000000
9 26 0.000000
9 27 0.000000
9 28 0.000000
9 29 0.000000
9 30 0.000000
9 31 0.000000
10 0 0.000000
10 1 0.000000
10 2 0.000000
10 3 0.000000
10 4 0.000000
10 5 0.000000
10 6 0.000000
10 7 0.000000
10 8 31334418858540158603493376.000000
10 9 1875205642310389455650816.000000
10 10 13046013565508797530636288.000000
10 11 12545377001798852547706880.000000
10 12 3861674262653238830432256.000000
10 13 500076964434646434578432.000000
10 14 -1557576920712707720609792.000000
10 15 -4324636233896393571303424.000000
10 16 -3672824279046756537204736.000000
10 17 -4014434632631389144481792.000000
10 18 -3150085921863122146033664.000000
10 19 -10132404526377090374696960.000000
10 20 -11619102571175142584483840.000000
10 21 -22758619772392956604973056.000000
10 22 -16760984907769090421030912.000000
10 23 -8768270107969278246387712.000000
10 24 0.000000
10 25 0.000000
10 26 0.000000
10 27 0.000000
10 28 0.000000
10 29 0.000000
10 30 0.000000
10 31 0.000000
11 0 0.000000
11 1 0.000000
11 2 0.000000
11 3 0.000000
11 4 0.000000
11 5 0.000000
11 6 0.000000
11 7 0.000000
11 8 257819922422021567845236736.000000
11 9 11272361428664633356451840.000000
11 10 11241812467557065732128768.000000
11 11 5982759871371428644257792.000000
11 12 2788875038009044685029376.000000
11 13 877363753403397542248448.000000
11 14 -1468673414110216840019968.000000
11 15 -4318631242239648808828928.000000
11 16 -3382550637758505308651520.000000
11 17 -3790477324518499905699840.000000
11 18 -3197768449450652123267072.000000
11 19 -10678790168311339652481024.000000
11 20 -9706122176342250166943744.000000
11 21 -18560402534398208411435008.000000
11 22 -23458807448884768483049472.000000
11 23 -14082242120026862489960448.000000
11 24 0.000000
11 25 0.000000
11 26 0.000000
11 27 0.000000
11 28 0.000000
11 29 0.000000
11 30 0.000000
11 31 0.000000
12 0 0.000000
12 1 0.000000
12 2 0.000000
12 3 0.000000
12 4 0.000000
12 5 0.000000
12 6 0.000000
12 7 0.000000
12 8 44995796206682328459640832.000000
12 9 14853947823292446299652096.000000
12 10 4828306134084959168626688.000000
12 11 5101205536529161364963328.000000
12 12 2627147532798438466912256.000000
12 13 1322660373122590022041600.000000
12 14 -1247827697023073405370368.000000
12 15 -4150786047295222508945408.000000
12 16 -3894842949649649362796544.000000
12 17 -3668426171737057567703040.000000
12 18 -2749650919040062840635392.000000
12 19 -11226720725061762105212928.000000
12 20 -9304266774225515226071040.000000
12 21 -19322942511702167787667456.000000
12 22 -17780089119179229882220544.000000
12 23 -12767976168379314920751104.000000
12 24 0.000000
12 25 0.000000
12 26 0.000000
12 27 0.000000
12 28 0.000000
12 29 0.000000
12 30 0.000000
12 31 0.000000
13 0 0.000000
13 1 0.000000
13 2 0.000000
13 3 0.000000
13 4 0.000000
13 5 0.000000
13 6 0.000000
13 7 0.000000
13 8 49411241149967575726161920.000000
13 9 11063031235680691185254400.000000
13 10 5998398675120668220063744.000000
13 11 4667042103319204902993920.000000
13 12 2720510828011124783316992.000000
13 13 1477477843295335102808064.000000
13 14 -1827156053338830273511424.000000
13 15 -2875165736251720298659840.000000
13 16 -3080866244108783963865088.000000
13 17 -3438918123040238664155136.000000
13 18 -4705615398098836182269952.000000
13 19 -11888789357846757801721856.000000
13 20 -11651387832068648120352768.000000
13 21 -20859091665675816877948928.000000
13 22 -12474988838099595326128128.000000
13 23 -6176567705678096531193856.000000
13 24 0.000000
13 25 0.000000
13 26 0.000000
13 27 0.000000
13 28 0.000000
13 29 0.000000
13 30 0.000000
13 31 0.000000
14 0 0.000000
14 1 0.000000
14 2 0.000000
14 3 0.000000
14 4 0.000000
14 5 0.000000
14 6 0.000000
14 7 0.000000
14 8 42979931402621330231656448.000000
14 9 10322027832082787710533632.000000
14 10 6356404437191938646474752.000000
14 11 5116783811899409081303040.000000
14 12 2615006981124552216543232.000000
14 13 1448170290417852900966400.000000
14 14 -1944688618513342226497536.000000
14 15 -2693083978338032500604928.000000
14 16 -2891646749160075176181760.000000
14 17 -3141645383527895419322368.000000
14 18 -5613884365354724864557056.000000
14 19 -11557134193224029166370816.000000
14 20 -11347568804253147198390272.000000
14 21 -19922239180247339093721088.000000
14 22 -12146948082393809156046848.000000
14 23 -5475851991137174717202432.000000
14 24 0.000000
14 25 0.000000
14 26 0.000000
14 27 0.000000
14 28 0.000000
14 29 0.000000
14 30 0.000000
14 31 0.000000
15 0 0.000000
15 1 0.000000
15 2 0.000000
15 3 0.000000
15 4 0.000000
15 5 0.000000
15 6 0.000000
15 7 0.000000
15 8 57772301688352724834320384.000000
15 9 11098581570275243311759360.000000
15 10 6623885685025240965447680.000000
15 11 4836871187942683434811392.000000
15 12 2577384846586221586022400.000000
15 13 1911479435149082378633216.000000
15 14 -1702284422211555360243712.000000
15 15 -2617122015624753477320704.000000
15 16 -3101155356746855256948736.000000
15 17 -2546392875390508780748800.000000
15 18 -6172568797439367682457600.000000
15 19 -11482790355842465852817408.000000
15 20 -11353024428812946798280704.000000
15 21 -19544583600512301870874624.000000
15 22 -11885287935237266807455744.000000
15 23 -5349107294910477905166336.000000
15 24 0.000000
15 25 0.000000
15 26 0.000000
15 27 0.000000
15 28 0.000000
15 29 0.000000
15 30 0.000000
15 31 0.000000
16 0 0.000000
16 1 0.000000
16 2 0.000000
16 3 0.000000
16 4 0.000000
16 5 0.000000
16 6 0.000000
16 7 0.000000
16 8 1324358312904226654574870528.000000
16 9 13444741091583534095663104.000000
16 10 6783491526436994433417216.000000
16 11 4345757179400038704480256.000000
16 12 3098157760834877454811136.000000
16 13 1660429624599436842762240.000000
16 14 -1772119327703789371129856.000000
16 15 -1980542603809170181324800.000000
16 16 -3020310195000813933297664.000000
16 17 -2972555033358493724704768.000000
16 18 -6325154499809570059190272.000000
16 19 -10656323186951066025459712.000000
16 20 -12301911108906510851244032.000000
16 21 -19323294152761072875995136.000000
16 22 -11370200653388579604529152.000000
16 23 -5402417232361993902489600.000000
16 24 0.000000
16 25 0.000000
16 26 0.000000
16 27 0.000000
16 28 0.000000
16 29 0.000000
16 30 0.000000
16 31 0.000000
17 0 0.000000
17 1 0.000000
17 2 0.000000
17 3 0.000000
17 4 0.000000
17 5 0.000000
17 6 0.000000
17 7 0.000000
17 8 3953085661758625754906624.000000
17 9 13378255567177371051098112.000000
17 10 7083853519120931724722176.000000
17 11 5043480486175753447145472.000000
17 12 3426069101101771506319360.000000
17 13 1269366720687326596431872.000000
17 14 -1647453925410651007614976.000000
17 15 -1906328325981687062200320.000000
17 16 -3268140472248844848988160.000000
17 17 -2816597612048068623990784.000000
17 18 -6975814397845728701448192.000000
17 19 -10088885198342695721893888.000000
17 20 -12988614215480441047089152.000000
17 21 -19040074373468382488952832.000000
17 22 -11022011441468284176695296.000000
17 23 -5155416482136527613198336.000000
17 24 0.000000
17 25 0.000000
17 26 0.000000
17 27 0.000000
17 28 0.000000
17 29 0.000000
17 30 0.000000
17 31 0.000000
18 0 0.000000
18 1 0.000000
18 2 0.000000
18 3 0.000000
18 4 0.000000
18 5 0.000000
18 6 0.000000
18 7 0.000000
18 8 4713136481534138948517888.000000
18 9 13689779569408159531401216.000000
18 10 7549227402151723989467136.000000
18 11 4885675508154195874152448.000000
18 12 2829250925561128769552384.000000
18 13 1096820776538242029715456.000000
18 14 -1365953440311705581125632.000000
18 15 -2211743573620316163801088.000000
18 16 -2995402190584911459516416.000000
18 17 -1796774842310182945423360.000000
18 18 -7602879180829355916918784.000000
18 19 -9803861096895295619334144.000000
18 20 -13182481425244596186644480.000000
18 21 -18648567594776998606536704.000000
18 22 -10666328239768044243517440.000000
18 23 -4948885582565770866458624.000000
18 24 0.000000
18 25 0.000000
18 26 0.000000
18 27 0.000000
18 28 0.000000
18 29 0.000000
18 30 0.000000
18 31 0.000000
19 0 0.000000
19 1 0.000000
19 2 0.000000
19 3 0.000000
19 4 0.000000
19 5 0.000000
19 6 0.000000
19 7 0.000000
19 8 11504153991322830727282688.000000
19 9 15421238237948226926804992.000000
19 10 7916889458284829062725632.000000
19 11 4326151172753446968229888.000000
19 12 3127986722462818103197696.000000
19 13 1143993856935923856441344.000000
19 14 -1136227705623298097283072.000000
19 15 -2198624479819394852061184.000000
19 16 -2829033599857510378897408.000000
19 17 -2024779193134618368802816.000000
19 18 -8137667585348764920971264.000000
19 19 -9126784308424080292315136.000000
19 20 -14026052184656838588891136.000000
19 21 -18067174644276867027173376.000000
19 22 -10186930796015966595579904.000000
19 23 -5183901137290096678010880.000000
19 24 0.000000
19 25 0.000000
19 26 0.000000
19 27 0.000000
19 28 0.000000
19 29 0.000000
19 30 0.000000
19 31 0.000000
20 0 0.000000
20 1 0.000000
20 2 0.000000
20 3 0.000000
20 4 0.000000
20 5 0.000000
20 6 0.000000
20 7 0.000000
20 8 16298740630162553442402304.000000
20 9 22621242257590023146700800.000000
20 10 8496012306342389760393216.000000
20 11 4483388913394737972510720.000000
20 12 2901075341224749970751488.000000
20 13 634081030915100258598912.000000
20 14 -568734809128270892630016.000000
20 15 -1492854645632652772638720.000000
20 16 -2787977776848084406370304.000000
20 17 -2479601538555248770023424.000000
20 18 -8239420402120099111108608.000000
20 19 -8560739048993275059896320.000000
20 20 -14648822335035805299376128.000000
20 21 -17666354565671269034885120.000000
20 22 -9973848996456033744322560.000000
20 23 -7656160295243256743067648.000000
20 24 0.000000
20 25 0.000000
20 26 0.000000
20 27 0.000000
20 28 0.000000
20 29 0.000000
20 30 0.000000
20 31 0.000000
21 0 0.000000
21 1 0.000000
21 2 0.000000
21 3 0.000000
21 4 0.000000
21 5 0.000000
21 6 0.000000
21 7 0.000000
21 8 650502957749265539820158976.000000
21 9 24341846170164217077825536.000000
21 10 15869237017443841704198144.000000
21 11 5599113711498454244524032.000000
21 12 2475289323897643010621440.000000
21 13 641251770328190619222016.000000
21 14 -202917355344942736605184.000000
21 15 -1881077903878916354867200.000000
21 16 -2501925557648951148019712.000000
21 17 -2211810154837207209213952.000000
21 18 -8971492122821813342306304.000000
21 19 -8156135082009557395832832.000000
21 20 -15114399708712160672612352.000000
21 21 -17484535385630255446228992.000000
21 22 -12017635253515600592371712.000000
21 23 -4608112538223858981797888.000000
21 24 0.000000
21 25 0.000000
21 26 0.000000
21 27 0.000000
21 28 0.000000
21 29 0.000000
21 30 0.000000
21 31 0.000000
22 0 0.000000
22 1 0.000000
22 2 0.000000
22 3 0.000000
22 4 0.000000
22 5 0.000000
22 6 0.000000
22 7 0.000000
22 8 -953076973302057638297600.000000
22 9 9883395386890598957973504.000000
22 10 27991439945584274103599104.000000
22 11 12606738943038542764310528.000000
22 12 3095633439200540763357184.000000
22 13 1428730880928676854104064.000000
22 14 -467407924795294894522368.000000
22 15 -2507270789974684642312192.000000
22 16 -2050593682083517976018944.000000
22 17 -2037358143210631372734464.000000
22 18 -8931826434916567075520512.000000
22 19 -8084284437381706388865024.000000
22 20 -15564798870780366905409536.000000
22 21 -17681085443735630718697472.000000
22 22 -14715573031388027918745600.000000
22 23 -3045745949235450191282176.000000
22 24 0.000000
22 25 0.000000
22 26 0.000000
22 27 0.000000
22 28 0.000000
22 29 0.000000
22 30 0.000000
22 31 0.000000
23 0 0.000000
23 1 0.000000
23 2 0.000000
23 3 0.000000
23 4 0.000000
23 5 0.000000
23 6 0.000000
23 7 0.000000
23 8 -948626552179087133114368.000000
23 9 10149690278495660831408128.000000
23 10 2560404906896748095471616.000000
23 11 18280386723966820452139008.000000
23 12 10817606529152022455779328.000000
23 13 1925702307175476670496768.000000
23 14 -753759110952091515879424.000000
23 15 -1813381811892916120977408.000000
23 16 -2045139498675599134687232.000000
23 17 -2546734716616624710877184.000000
23 18 -9229774209969857629257728.000000
23 19 -8159321180587538417451008.000000
23 20 -15945554656441291939774464.000000
23 21 -22893525423490012983328768.000000
23 22 -7832101304993032322416640.000000
23 23 -4072430043077627367915520.000000
23 24 0.000000
23 25 0.000000
23 26 0.000000
23 27 0.000000
23 28 0.000000
23 29 0.000000
23 30 0.000000
23 31 0.000000
24 0 0.000000
24 1 0.000000
24 2 0.000000
24 3 0.000000
24 4 0.000000
24 5 0.000000
24 6 0.000000
24 7 0.000000
24 8 0.000000
24 9 0.000000
24 10 0.000000
24 11 0.000000
24 12 0.000000
24 13 0.000000
24 14 0.000000
24 15 0.000000
24 16 0.000000
24 17 0.000000
24 18 0.000000
24 19 0.000000
24 20 0.000000
24 21 0.000000
24 22 0.000000
24 23 0.000000
24 24 0.000000
24 25 0.000000
24 26 0.000000
24 27 0.000000
24 28 0.000000
24 29 0.000000
24 30 0.000000
24 31 0.000000
25 0 0.000000
25 1 0.000000
25 2 0.000000
25 3 0.000000
25 4 0.000000
25 5 0.000000
25 6 0.000000
25 7 0.000000
25 8 0.000000
25 9 0.000000
25 10 0.000000
25 11 0.000000
25 12 0.000000
25 13 0.000000
25 14 0.000000
25 15 0.000000
25 16 0.000000
25 17 0.000000
25 18 0.000000
25 19 0.000000
25 20 0.000000
25 21 0.000000
25 22 0.000000
25 23 0.000000
25 24 0.000000
25 25 0.000000
25 26 0.000000
25 27 0.000000
25 28 0.000000
25 29 0.000000
25 30 0.000000
25 31 0.000000
26 0 0.000000
26 1 0.000000
26 2 0.000000
26 3 0.000000
26 4 0.000000
26 5 0.000000
26 6 0.000000
26 7 0.000000
26 8 0.000000
26 9 0.000000
26 10 0.000000
26 11 0.000000
26 12 0.000000
26 13 0.000000
26 14 0.000000
26 15 0.000000
26 16 0.000000
26 17 0.000000
26 18 0.000000
26 19 0.000000
26 20 0.000000
26 21 0.000000
26 22 0.000000
26 23 0.000000
26 24 0.000000
26 25 0.000000
26 26 0.000000
26 27 0.000000
26 28 0.000000
26 29 0.000000
26 30 0.000000
26 31 0.000000
27 0 0.000000
27 1 0.000000
27 2 0.000000
27 3 0.000000
27 4 0.000000
27 5 0.000000
27 6 0.000000
27 7 0.000000
27 8 0.000000
27 9 0.000000
27 10 0.000000
27 11 0.000000
27 12 0.000000
27 13 0.000000
27 14 0.000000
27 15 0.000000
27 16 0.000000
27 17 0.000000
27 18 0.000000
27 19 0.000000
27 20 0.000000
27 21 0.000000
27 22 0.000000
27 23 0.000000
27 24 0.000000
27 25 0.000000
27 26 0.000000
27 27 0.000000
27 28 0.000000
27 29 0.000000
27 30 0.000000
27 31 0.000000
28 0 0.000000
28 1 0.000000
28 2 0.000000
28 3 0.000000
28 4 0.000000
28 5 0.000000
28 6 0.000000
28 7 0.000000
28 8 0.000000
28 9 0.000000
28 10 0.000000
28 11 0.000000
28 12 0.000000
28 13 0.000000
28 14 0.000000
28 15 0.000000
28 16 0.000000
28 17 0.000000
28 18 0.000000
28 19 0.000000
28 20 0.000000
28 21 0.000000
28 22 0.000000
28 23 0.000000
28 24 0.000000
28 25 0.000000
28 26 0.000000
28 27 0.000000
28 28 0.000000
28 29 0.000000
28 30 0.000000
28 31 0.000000
29 0 0.000000
29 1 0.000000
29 2 0.000000
29 3 0.000000
29 4 0.000000
29 5 0.000000
29 6 0.000000
29 7 0.000000
29 8 0.000000
29 9 0.000000
29 10 0.000000
29 11 0.000000
29 12 0.000000
29 13 0.000000
29 14 0.000000
29 15 0.000000
29 16 0.000000
29 17 0.000000
29 18 0.000000
29 19 0.000000
29 20 0.000000
29 21 0.000000
29 22 0.000000
29 23 0.000000
29 24 0.000000
29 25 0.000000
29 26 0.000000
29 27 0.000000
29 28 0.000000
29 29 0.000000
29 30 0.000000
29 31 0.000000
30 0 0.000000
30 1 0.000000
30 2 0.000000
30 3 0.000000
30 4 0.000000
30 5 0.000000
30 6 0.000000
30 7 0.000000
30 8 0.000000
30 9 0.000000
30 10 0.000000
30 11 0.000000
30 12 0.000000
30 13 0.000000
30 14 0.000000
30 15 0.000000
30 16 0.000000
30 17 0.000000
30 18 0.000000
30 19 0.000000
30 20 0.000000
30 21 0.000000
30 22 0.000000
30 23 0.000000
30 24 0.000000
30 25 0.000000
30 26 0.000000
30 27 0.000000
30 28 0.000000
30 29 0.000000
30 30 0.000000
30 31 0.000000
31 0 0.000000
31 1 0.000000
31 2 0.000000
31 3 0.000000
31 4 0.000000
31 5 0.000000
31 6 0.000000
31 7 0.000000
31 8 0.000000
31 9 0.000000
31 10 0.000000
31 11 0.000000
31 12 0.000000
31 13 0.000000
31 14 0.000000
31 15 0.000000
31 16 0.000000
31 17 0.000000
31 18 0.000000
31 19 0.000000
31 20 0.000000
31 21 0.000000
31 22 0.000000
31 23 0.000000
31 24 0.000000
31 25 0.000000
31 26 0.000000
31 27 0.000000
31 28 0.000000
31 29 0.000000
31 30 0.000000
31 31 0.000000
