0 0 0.000000
0 1 0.000000
0 2 0.000000
0 3 0.000000
0 4 0.000000
0 5 0.000000
0 6 0.000000
0 7 0.000000
0 8 0.000000
0 9 0.000000
0 10 0.000000
0 11 0.000000
0 12 0.000000
0 13 0.000000
0 14 0.000000
0 15 0.000000
1 0 0.000000
1 1 0.000000
1 2 0.000000
1 3 0.000000
1 4 0.000000
1 5 0.000000
1 6 0.000000
1 7 0.000000
1 8 0.000000
1 9 0.000000
1 10 0.000000
1 11 0.000000
1 12 0.000000
1 13 0.000000
1 14 0.000000
1 15 0.000000
2 0 0.000000
2 1 0.000000
2 2 0.000000
2 3 0.000000
2 4 0.000000
2 5 0.000000
2 6 0.000000
2 7 0.000000
2 8 0.000000
2 9 0.000000
2 10 0.000000
2 11 0.000000
2 12 0.000000
2 13 0.000000
2 14 0.000000
2 15 0.000000
3 0 0.000000
3 1 0.000000
3 2 0.000000
3 3 0.000000
3 4 0.000000
3 5 0.000000
3 6 0.000000
3 7 0.000000
3 8 0.000000
3 9 0.000000
3 10 0.000000
3 11 0.000000
3 12 0.000000
3 13 0.000000
3 14 0.000000
3 15 0.000000
4 0 0.000000
4 1 0.000000
4 2 0.000000
4 3 0.000000
4 4 8.940992
4 5 36.931206
4 6 22.074184
4 7 -46.004982
4 8 -46.484978
4 9 -45.414722
4 10 5.566195
4 11 11.762323
4 12 0.000000
4 13 0.000000
4 14 0.000000
4 15 0.000000
5 0 0.000000
5 1 0.000000
5 2 0.000000
5 3 0.000000
5 4 163.902969
5 5 -40.875465
5 6 18.199104
5 7 18.864254
5 8 21.361998
5 9 29.649488
5 10 15.981632
5 11 6.168387
5 12 0.000000
5 13 0.000000
5 14 0.000000
5 15 0.000000
6 0 0.000000
6 1 0.000000
6 2 0.000000
6 3 0.000000
6 4 -45.879707
6 5 -2.757751
6 6 5.644282
6 7 -17.551313
6 8 -12.831095
6 9 -10.467236
6 10 -8.156960
6 11 -9.391053
6 12 0.000000
6 13 0.000000
6 14 0.000000
6 15 0.000000
7 0 0.000000
7 1 0.000000
7 2 0.000000
7 3 0.000000
7 4 17.562801
7 5 0.975130
7 6 9.473860
7 7 9.639143
7 8 9.836673
7 9 2.345629
7 10 3.191902
7 11 10.783944
7 12 0.000000
7 13 0.000000
7 14 0.000000
7 15 0.000000
8 0 0.000000
8 1 0.000000
8 2 0.000000
8 3 0.000000
8 4 -14.241819
8 5 -4.150384
8 6 3.408868
8 7 -2.969271
8 8 -12.305749
8 9 -2.041545
8 10 2.313855
8 11 -1.903008
8 12 0.000000
8 13 0.000000
8 14 0.000000
8 15 0.000000
9 0 0.000000
9 1 0.000000
9 2 0.000000
9 3 0.000000
9 4 7.451058
9 5 -0.479100
9 6 -2.787134
9 7 -1.916080
9 8 -5.078640
9 9 -1.035858
9 10 5.176867
9 11 -3.142404
9 12 0.000000
9 13 0.000000
9 14 0.000000
9 15 0.000000
10 0 0.000000
10 1 0.000000
10 2 0.000000
10 3 0.000000
10 4 -97.033539
10 5 46.544464
10 6 -6.377801
10 7 4.098501
10 8 2.050370
10 9 -4.495025
10 10 3.301358
10 11 2.825956
10 12 0.000000
10 13 0.000000
10 14 0.000000
10 15 0.000000
11 0 0.000000
11 1 0.000000
11 2 0.000000
11 3 0.000000
11 4 80.796951
11 5 0.985525
11 6 -4.181601
11 7 -11.949339
11 8 4.215173
11 9 -0.565350
11 10 -0.371280
11 11 6.377335
11 12 0.000000
11 13 0.000000
11 14 0.000000
11 15 0.000000
12 0 0.000000
12 1 0.000000
12 2 0.000000
12 3 0.000000
12 4 0.000000
12 5 0.000000
12 6 0.000000
12 7 0.000000
12 8 0.000000
12 9 0.000000
12 10 0.000000
12 11 0.000000
12 12 0.000000
12 13 0.000000
12 14 0.000000
12 15 0.000000
13 0 0.000000
13 1 0.000000
13 2 0.000000
13 3 0.000000
13 4 0.000000
13 5 0.000000
13 6 0.000000
13 7 0.000000
13 8 0.000000
13 9 0.000000
13 10 0.000000
13 11 0.000000
13 12 0.000000
13 13 0.000000
13 14 0.000000
13 15 0.000000
14 0 0.000000
14 1 0.000000
14 2 0.000000
14 3 0.000000
14 4 0.000000
14 5 0.000000
14 6 0.000000
14 7 0.000000
14 8 0.000000
14 9 0.000000
14 10 0.000000
14 11 0.000000
14 12 0.000000
14 13 0.000000
14 14 0.000000
14 15 0.000000
15 0 0.000000
15 1 0.000000
15 2 0.000000
15 3 0.000000
15 4 0.000000
15 5 0.000000
15 6 0.000000
15 7 0.000000
15 8 0.000000
15 9 0.000000
15 10 0.000000
15 11 0.000000
15 12 0.000000
15 13 0.000000
15 14 0.000000
15 15 0.000000
