0 0 0.000000
0 1 0.000000
0 2 0.000000
0 3 0.000000
0 4 0.000000
0 5 0.000000
0 6 0.000000
0 7 0.000000
0 8 0.000000
0 9 0.000000
0 10 0.000000
0 11 0.000000
0 12 0.000000
0 13 0.000000
0 14 0.000000
0 15 0.000000
0 16 0.000000
0 17 0.000000
0 18 0.000000
0 19 0.000000
0 20 0.000000
0 21 0.000000
0 22 0.000000
0 23 0.000000
0 24 0.000000
0 25 0.000000
0 26 0.000000
0 27 0.000000
0 28 0.000000
0 29 0.000000
0 30 0.000000
0 31 0.000000
0 32 0.000000
0 33 0.000000
0 34 0.000000
0 35 0.000000
0 36 0.000000
0 37 0.000000
0 38 0.000000
0 39 0.000000
0 40 0.000000
0 41 0.000000
0 42 0.000000
0 43 0.000000
0 44 0.000000
0 45 0.000000
0 46 0.000000
0 47 0.000000
0 48 0.000000
0 49 0.000000
0 50 0.000000
0 51 0.000000
0 52 0.000000
0 53 0.000000
0 54 0.000000
0 55 0.000000
0 56 0.000000
0 57 0.000000
0 58 0.000000
0 59 0.000000
0 60 0.000000
0 61 0.000000
0 62 0.000000
0 63 0.000000
1 0 0.000000
1 1 0.000000
1 2 0.000000
1 3 0.000000
1 4 0.000000
1 5 0.000000
1 6 0.000000
1 7 0.000000
1 8 0.000000
1 9 0.000000
1 10 0.000000
1 11 0.000000
1 12 0.000000
1 13 0.000000
1 14 0.000000
1 15 0.000000
1 16 0.000000
1 17 0.000000
1 18 0.000000
1 19 0.000000
1 20 0.000000
1 21 0.000000
1 22 0.000000
1 23 0.000000
1 24 0.000000
1 25 0.000000
1 26 0.000000
1 27 0.000000
1 28 0.000000
1 29 0.000000
1 30 0.000000
1 31 0.000000
1 32 0.000000
1 33 0.000000
1 34 0.000000
1 35 0.000000
1 36 0.000000
1 37 0.000000
1 38 0.000000
1 39 0.000000
1 40 0.000000
1 41 0.000000
1 42 0.000000
1 43 0.000000
1 44 0.000000
1 45 0.000000
1 46 0.000000
1 47 0.000000
1 48 0.000000
1 49 0.000000
1 50 0.000000
1 51 0.000000
1 52 0.000000
1 53 0.000000
1 54 0.000000
1 55 0.000000
1 56 0.000000
1 57 0.000000
1 58 0.000000
1 59 0.000000
1 60 0.000000
1 61 0.000000
1 62 0.000000
1 63 0.000000
2 0 0.000000
2 1 0.000000
2 2 0.000000
2 3 0.000000
2 4 0.000000
2 5 0.000000
2 6 0.000000
2 7 0.000000
2 8 0.000000
2 9 0.000000
2 10 0.000000
2 11 0.000000
2 12 0.000000
2 13 0.000000
2 14 0.000000
2 15 0.000000
2 16 0.000000
2 17 0.000000
2 18 0.000000
2 19 0.000000
2 20 0.000000
2 21 0.000000
2 22 0.000000
2 23 0.000000
2 24 0.000000
2 25 0.000000
2 26 0.000000
2 27 0.000000
2 28 0.000000
2 29 0.000000
2 30 0.000000
2 31 0.000000
2 32 0.000000
2 33 0.000000
2 34 0.000000
2 35 0.000000
2 36 0.000000
2 37 0.000000
2 38 0.000000
2 39 0.000000
2 40 0.000000
2 41 0.000000
2 42 0.000000
2 43 0.000000
2 44 0.000000
2 45 0.000000
2 46 0.000000
2 47 0.000000
2 48 0.000000
2 49 0.000000
2 50 0.000000
2 51 0.000000
2 52 0.000000
2 53 0.000000
2 54 0.000000
2 55 0.000000
2 56 0.000000
2 57 0.000000
2 58 0.000000
2 59 0.000000
2 60 0.000000
2 61 0.000000
2 62 0.000000
2 63 0.000000
3 0 0.000000
3 1 0.000000
3 2 0.000000
3 3 0.000000
3 4 0.000000
3 5 0.000000
3 6 0.000000
3 7 0.000000
3 8 0.000000
3 9 0.000000
3 10 0.000000
3 11 0.000000
3 12 0.000000
3 13 0.000000
3 14 0.000000
3 15 0.000000
3 16 0.000000
3 17 0.000000
3 18 0.000000
3 19 0.000000
3 20 0.000000
3 21 0.000000
3 22 0.000000
3 23 0.000000
3 24 0.000000
3 25 0.000000
3 26 0.000000
3 27 0.000000
3 28 0.000000
3 29 0.000000
3 30 0.000000
3 31 0.000000
3 32 0.000000
3 33 0.000000
3 34 0.000000
3 35 0.000000
3 36 0.000000
3 37 0.000000
3 38 0.000000
3 39 0.000000
3 40 0.000000
3 41 0.000000
3 42 0.000000
3 43 0.000000
3 44 0.000000
3 45 0.000000
3 46 0.000000
3 47 0.000000
3 48 0.000000
3 49 0.000000
3 50 0.000000
3 51 0.000000
3 52 0.000000
3 53 0.000000
3 54 0.000000
3 55 0.000000
3 56 0.000000
3 57 0.000000
3 58 0.000000
3 59 0.000000
3 60 0.000000
3 61 0.000000
3 62 0.000000
3 63 0.000000
4 0 0.000000
4 1 0.000000
4 2 0.000000
4 3 0.000000
4 4 0.000000
4 5 0.000000
4 6 0.000000
4 7 0.000000
4 8 0.000000
4 9 0.000000
4 10 0.000000
4 11 0.000000
4 12 0.000000
4 13 0.000000
4 14 0.000000
4 15 0.000000
4 16 0.000000
4 17 0.000000
4 18 0.000000
4 19 0.000000
4 20 0.000000
4 21 0.000000
4 22 0.000000
4 23 0.000000
4 24 0.000000
4 25 0.000000
4 26 0.000000
4 27 0.000000
4 28 0.000000
4 29 0.000000
4 30 0.000000
4 31 0.000000
4 32 0.000000
4 33 0.000000
4 34 0.000000
4 35 0.000000
4 36 0.000000
4 37 0.000000
4 38 0.000000
4 39 0.000000
4 40 0.000000
4 41 0.000000
4 42 0.000000
4 43 0.000000
4 44 0.000000
4 45 0.000000
4 46 0.000000
4 47 0.000000
4 48 0.000000
4 49 0.000000
4 50 0.000000
4 51 0.000000
4 52 0.000000
4 53 0.000000
4 54 0.000000
4 55 0.000000
4 56 0.000000
4 57 0.000000
4 58 0.000000
4 59 0.000000
4 60 0.000000
4 61 0.000000
4 62 0.000000
4 63 0.000000
5 0 0.000000
5 1 0.000000
5 2 0.000000
5 3 0.000000
5 4 0.000000
5 5 0.000000
5 6 0.000000
5 7 0.000000
5 8 0.000000
5 9 0.000000
5 10 0.000000
5 11 0.000000
5 12 0.000000
5 13 0.000000
5 14 0.000000
5 15 0.000000
5 16 0.000000
5 17 0.000000
5 18 0.000000
5 19 0.000000
5 20 0.000000
5 21 0.000000
5 22 0.000000
5 23 0.000000
5 24 0.000000
5 25 0.000000
5 26 0.000000
5 27 0.000000
5 28 0.000000
5 29 0.000000
5 30 0.000000
5 31 0.000000
5 32 0.000000
5 33 0.000000
5 34 0.000000
5 35 0.000000
5 36 0.000000
5 37 0.000000
5 38 0.000000
5 39 0.000000
5 40 0.000000
5 41 0.000000
5 42 0.000000
5 43 0.000000
5 44 0.000000
5 45 0.000000
5 46 0.000000
5 47 0.000000
5 48 0.000000
5 49 0.000000
5 50 0.000000
5 51 0.000000
5 52 0.000000
5 53 0.000000
5 54 0.000000
5 55 0.000000
5 56 0.000000
5 57 0.000000
5 58 0.000000
5 59 0.000000
5 60 0.000000
5 61 0.000000
5 62 0.000000
5 63 0.000000
6 0 0.000000
6 1 0.000000
6 2 0.000000
6 3 0.000000
6 4 0.000000
6 5 0.000000
6 6 0.000000
6 7 0.000000
6 8 0.000000
6 9 0.000000
6 10 0.000000
6 11 0.000000
6 12 0.000000
6 13 0.000000
6 14 0.000000
6 15 0.000000
6 16 0.000000
6 17 0.000000
6 18 0.000000
6 19 0.000000
6 20 0.000000
6 21 0.000000
6 22 0.000000
6 23 0.000000
6 24 0.000000
6 25 0.000000
6 26 0.000000
6 27 0.000000
6 28 0.000000
6 29 0.000000
6 30 0.000000
6 31 0.000000
6 32 0.000000
6 33 0.000000
6 34 0.000000
6 35 0.000000
6 36 0.000000
6 37 0.000000
6 38 0.000000
6 39 0.000000
6 40 0.000000
6 41 0.000000
6 42 0.000000
6 43 0.000000
6 44 0.000000
6 45 0.000000
6 46 0.000000
6 47 0.000000
6 48 0.000000
6 49 0.000000
6 50 0.000000
6 51 0.000000
6 52 0.000000
6 53 0.000000
6 54 0.000000
6 55 0.000000
6 56 0.000000
6 57 0.000000
6 58 0.000000
6 59 0.000000
6 60 0.000000
6 61 0.000000
6 62 0.000000
6 63 0.000000
7 0 0.000000
7 1 0.000000
7 2 0.000000
7 3 0.000000
7 4 0.000000
7 5 0.000000
7 6 0.000000
7 7 0.000000
7 8 0.000000
7 9 0.000000
7 10 0.000000
7 11 0.000000
7 12 0.000000
7 13 0.000000
7 14 0.000000
7 15 0.000000
7 16 0.000000
7 17 0.000000
7 18 0.000000
7 19 0.000000
7 20 0.000000
7 21 0.000000
7 22 0.000000
7 23 0.000000
7 24 0.000000
7 25 0.000000
7 26 0.000000
7 27 0.000000
7 28 0.000000
7 29 0.000000
7 30 0.000000
7 31 0.000000
7 32 0.000000
7 33 0.000000
7 34 0.000000
7 35 0.000000
7 36 0.000000
7 37 0.000000
7 38 0.000000
7 39 0.000000
7 40 0.000000
7 41 0.000000
7 42 0.000000
7 43 0.000000
7 44 0.000000
7 45 0.000000
7 46 0.000000
7 47 0.000000
7 48 0.000000
7 49 0.000000
7 50 0.000000
7 51 0.000000
7 52 0.000000
7 53 0.000000
7 54 0.000000
7 55 0.000000
7 56 0.000000
7 57 0.000000
7 58 0.000000
7 59 0.000000
7 60 0.000000
7 61 0.000000
7 62 0.000000
7 63 0.000000
8 0 0.000000
8 1 0.000000
8 2 0.000000
8 3 0.000000
8 4 0.000000
8 5 0.000000
8 6 0.000000
8 7 0.000000
8 8 0.000000
8 9 0.000000
8 10 0.000000
8 11 0.000000
8 12 0.000000
8 13 0.000000
8 14 0.000000
8 15 0.000000
8 16 0.000000
8 17 0.000000
8 18 0.000000
8 19 0.000000
8 20 0.000000
8 21 0.000000
8 22 0.000000
8 23 0.000000
8 24 0.000000
8 25 0.000000
8 26 0.000000
8 27 0.000000
8 28 0.000000
8 29 0.000000
8 30 0.000000
8 31 0.000000
8 32 0.000000
8 33 0.000000
8 34 0.000000
8 35 0.000000
8 36 0.000000
8 37 0.000000
8 38 0.000000
8 39 0.000000
8 40 0.000000
8 41 0.000000
8 42 0.000000
8 43 0.000000
8 44 0.000000
8 45 0.000000
8 46 0.000000
8 47 0.000000
8 48 0.000000
8 49 0.000000
8 50 0.000000
8 51 0.000000
8 52 0.000000
8 53 0.000000
8 54 0.000000
8 55 0.000000
8 56 0.000000
8 57 0.000000
8 58 0.000000
8 59 0.000000
8 60 0.000000
8 61 0.000000
8 62 0.000000
8 63 0.000000
9 0 0.000000
9 1 0.000000
9 2 0.000000
9 3 0.000000
9 4 0.000000
9 5 0.000000
9 6 0.000000
9 7 0.000000
9 8 0.000000
9 9 0.000000
9 10 0.000000
9 11 0.000000
9 12 0.000000
9 13 0.000000
9 14 0.000000
9 15 0.000000
9 16 0.000000
9 17 0.000000
9 18 0.000000
9 19 0.000000
9 20 0.000000
9 21 0.000000
9 22 0.000000
9 23 0.000000
9 24 0.000000
9 25 0.000000
9 26 0.000000
9 27 0.000000
9 28 0.000000
9 29 0.000000
9 30 0.000000
9 31 0.000000
9 32 0.000000
9 33 0.000000
9 34 0.000000
9 35 0.000000
9 36 0.000000
9 37 0.000000
9 38 0.000000
9 39 0.000000
9 40 0.000000
9 41 0.000000
9 42 0.000000
9 43 0.000000
9 44 0.000000
9 45 0.000000
9 46 0.000000
9 47 0.000000
9 48 0.000000
9 49 0.000000
9 50 0.000000
9 51 0.000000
9 52 0.000000
9 53 0.000000
9 54 0.000000
9 55 0.000000
9 56 0.000000
9 57 0.000000
9 58 0.000000
9 59 0.000000
9 60 0.000000
9 61 0.000000
9 62 0.000000
9 63 0.000000
10 0 0.000000
10 1 0.000000
10 2 0.000000
10 3 0.000000
10 4 0.000000
10 5 0.000000
10 6 0.000000
10 7 0.000000
10 8 0.000000
10 9 0.000000
10 10 0.000000
10 11 0.000000
10 12 0.000000
10 13 0.000000
10 14 0.000000
10 15 0.000000
10 16 0.000000
10 17 0.000000
10 18 0.000000
10 19 0.000000
10 20 0.000000
10 21 0.000000
10 22 0.000000
10 23 0.000000
10 24 0.000000
10 25 0.000000
10 26 0.000000
10 27 0.000000
10 28 0.000000
10 29 0.000000
10 30 0.000000
10 31 0.000000
10 32 0.000000
10 33 0.000000
10 34 0.000000
10 35 0.000000
10 36 0.000000
10 37 0.000000
10 38 0.000000
10 39 0.000000
10 40 0.000000
10 41 0.000000
10 42 0.000000
10 43 0.000000
10 44 0.000000
10 45 0.000000
10 46 0.000000
10 47 0.000000
10 48 0.000000
10 49 0.000000
10 50 0.000000
10 51 0.000000
10 52 0.000000
10 53 0.000000
10 54 0.000000
10 55 0.000000
10 56 0.000000
10 57 0.000000
10 58 0.000000
10 59 0.000000
10 60 0.000000
10 61 0.000000
10 62 0.000000
10 63 0.000000
11 0 0.000000
11 1 0.000000
11 2 0.000000
11 3 0.000000
11 4 0.000000
11 5 0.000000
11 6 0.000000
11 7 0.000000
11 8 0.000000
11 9 0.000000
11 10 0.000000
11 11 0.000000
11 12 0.000000
11 13 0.000000
11 14 0.000000
11 15 0.000000
11 16 0.000000
11 17 0.000000
11 18 0.000000
11 19 0.000000
11 20 0.000000
11 21 0.000000
11 22 0.000000
11 23 0.000000
11 24 0.000000
11 25 0.000000
11 26 0.000000
11 27 0.000000
11 28 0.000000
11 29 0.000000
11 30 0.000000
11 31 0.000000
11 32 0.000000
11 33 0.000000
11 34 0.000000
11 35 0.000000
11 36 0.000000
11 37 0.000000
11 38 0.000000
11 39 0.000000
11 40 0.000000
11 41 0.000000
11 42 0.000000
11 43 0.000000
11 44 0.000000
11 45 0.000000
11 46 0.000000
11 47 0.000000
11 48 0.000000
11 49 0.000000
11 50 0.000000
11 51 0.000000
11 52 0.000000
11 53 0.000000
11 54 0.000000
11 55 0.000000
11 56 0.000000
11 57 0.000000
11 58 0.000000
11 59 0.000000
11 60 0.000000
11 61 0.000000
11 62 0.000000
11 63 0.000000
12 0 0.000000
12 1 0.000000
12 2 0.000000
12 3 0.000000
12 4 0.000000
12 5 0.000000
12 6 0.000000
12 7 0.000000
12 8 0.000000
12 9 0.000000
12 10 0.000000
12 11 0.000000
12 12 0.000000
12 13 0.000000
12 14 0.000000
12 15 0.000000
12 16 0.000000
12 17 0.000000
12 18 0.000000
12 19 0.000000
12 20 0.000000
12 21 0.000000
12 22 0.000000
12 23 0.000000
12 24 0.000000
12 25 0.000000
12 26 0.000000
12 27 0.000000
12 28 0.000000
12 29 0.000000
12 30 0.000000
12 31 0.000000
12 32 0.000000
12 33 0.000000
12 34 0.000000
12 35 0.000000
12 36 0.000000
12 37 0.000000
12 38 0.000000
12 39 0.000000
12 40 0.000000
12 41 0.000000
12 42 0.000000
12 43 0.000000
12 44 0.000000
12 45 0.000000
12 46 0.000000
12 47 0.000000
12 48 0.000000
12 49 0.000000
12 50 0.000000
12 51 0.000000
12 52 0.000000
12 53 0.000000
12 54 0.000000
12 55 0.000000
12 56 0.000000
12 57 0.000000
12 58 0.000000
12 59 0.000000
12 60 0.000000
12 61 0.000000
12 62 0.000000
12 63 0.000000
13 0 0.000000
13 1 0.000000
13 2 0.000000
13 3 0.000000
13 4 0.000000
13 5 0.000000
13 6 0.000000
13 7 0.000000
13 8 0.000000
13 9 0.000000
13 10 0.000000
13 11 0.000000
13 12 0.000000
13 13 0.000000
13 14 0.000000
13 15 0.000000
13 16 0.000000
13 17 0.000000
13 18 0.000000
13 19 0.000000
13 20 0.000000
13 21 0.000000
13 22 0.000000
13 23 0.000000
13 24 0.000000
13 25 0.000000
13 26 0.000000
13 27 0.000000
13 28 0.000000
13 29 0.000000
13 30 0.000000
13 31 0.000000
13 32 0.000000
13 33 0.000000
13 34 0.000000
13 35 0.000000
13 36 0.000000
13 37 0.000000
13 38 0.000000
13 39 0.000000
13 40 0.000000
13 41 0.000000
13 42 0.000000
13 43 0.000000
13 44 0.000000
13 45 0.000000
13 46 0.000000
13 47 0.000000
13 48 0.000000
13 49 0.000000
13 50 0.000000
13 51 0.000000
13 52 0.000000
13 53 0.000000
13 54 0.000000
13 55 0.000000
13 56 0.000000
13 57 0.000000
13 58 0.000000
13 59 0.000000
13 60 0.000000
13 61 0.000000
13 62 0.000000
13 63 0.000000
14 0 0.000000
14 1 0.000000
14 2 0.000000
14 3 0.000000
14 4 0.000000
14 5 0.000000
14 6 0.000000
14 7 0.000000
14 8 0.000000
14 9 0.000000
14 10 0.000000
14 11 0.000000
14 12 0.000000
14 13 0.000000
14 14 0.000000
14 15 0.000000
14 16 0.000000
14 17 0.000000
14 18 0.000000
14 19 0.000000
14 20 0.000000
14 21 0.000000
14 22 0.000000
14 23 0.000000
14 24 0.000000
14 25 0.000000
14 26 0.000000
14 27 0.000000
14 28 0.000000
14 29 0.000000
14 30 0.000000
14 31 0.000000
14 32 0.000000
14 33 0.000000
14 34 0.000000
14 35 0.000000
14 36 0.000000
14 37 0.000000
14 38 0.000000
14 39 0.000000
14 40 0.000000
14 41 0.000000
14 42 0.000000
14 43 0.000000
14 44 0.000000
14 45 0.000000
14 46 0.000000
14 47 0.000000
14 48 0.000000
14 49 0.000000
14 50 0.000000
14 51 0.000000
14 52 0.000000
14 53 0.000000
14 54 0.000000
14 55 0.000000
14 56 0.000000
14 57 0.000000
14 58 0.000000
14 59 0.000000
14 60 0.000000
14 61 0.000000
14 62 0.000000
14 63 0.000000
15 0 0.000000
15 1 0.000000
15 2 0.000000
15 3 0.000000
15 4 0.000000
15 5 0.000000
15 6 0.000000
15 7 0.000000
15 8 0.000000
15 9 0.000000
15 10 0.000000
15 11 0.000000
15 12 0.000000
15 13 0.000000
15 14 0.000000
15 15 0.000000
15 16 0.000000
15 17 0.000000
15 18 0.000000
15 19 0.000000
15 20 0.000000
15 21 0.000000
15 22 0.000000
15 23 0.000000
15 24 0.000000
15 25 0.000000
15 26 0.000000
15 27 0.000000
15 28 0.000000
15 29 0.000000
15 30 0.000000
15 31 0.000000
15 32 0.000000
15 33 0.000000
15 34 0.000000
15 35 0.000000
15 36 0.000000
15 37 0.000000
15 38 0.000000
15 39 0.000000
15 40 0.000000
15 41 0.000000
15 42 0.000000
15 43 0.000000
15 44 0.000000
15 45 0.000000
15 46 0.000000
15 47 0.000000
15 48 0.000000
15 49 0.000000
15 50 0.000000
15 51 0.000000
15 52 0.000000
15 53 0.000000
15 54 0.000000
15 55 0.000000
15 56 0.000000
15 57 0.000000
15 58 0.000000
15 59 0.000000
15 60 0.000000
15 61 0.000000
15 62 0.000000
15 63 0.000000
16 0 0.000000
16 1 0.000000
16 2 0.000000
16 3 0.000000
16 4 0.000000
16 5 0.000000
16 6 0.000000
16 7 0.000000
16 8 0.000000
16 9 0.000000
16 10 0.000000
16 11 0.000000
16 12 0.000000
16 13 0.000000
16 14 0.000000
16 15 0.000000
16 16 -0.396915
16 17 0.154703
16 18 0.178193
16 19 0.175237
16 20 0.138224
16 21 0.064413
16 22 -0.001290
16 23 -0.195156
16 24 0.273895
16 25 0.066656
16 26 -1.265345
16 27 -4.458497
16 28 -3.746990
16 29 1.892667
16 30 -0.684999
16 31 -2.646615
16 32 -3.708273
16 33 -3.522299
16 34 -2.531723
16 35 -1.664929
16 36 -1.209469
16 37 -1.146467
16 38 -1.097699
16 39 -0.417812
16 40 -0.633742
16 41 -1.005527
16 42 -0.695401
16 43 0.101264
16 44 0.254676
16 45 0.412508
16 46 0.166857
16 47 -0.225711
16 48 0.000000
16 49 0.000000
16 50 0.000000
16 51 0.000000
16 52 0.000000
16 53 0.000000
16 54 0.000000
16 55 0.000000
16 56 0.000000
16 57 0.000000
16 58 0.000000
16 59 0.000000
16 60 0.000000
16 61 0.000000
16 62 0.000000
16 63 0.000000
17 0 0.000000
17 1 0.000000
17 2 0.000000
17 3 0.000000
17 4 0.000000
17 5 0.000000
17 6 0.000000
17 7 0.000000
17 8 0.000000
17 9 0.000000
17 10 0.000000
17 11 0.000000
17 12 0.000000
17 13 0.000000
17 14 0.000000
17 15 0.000000
17 16 0.367089
17 17 0.657201
17 18 0.534497
17 19 0.528892
17 20 0.542780
17 21 1.191116
17 22 1.052419
17 23 -0.688096
17 24 12.597081
17 25 10.558605
17 26 -0.474091
17 27 1.935438
17 28 1.373379
17 29 0.855097
17 30 0.841661
17 31 0.890013
17 32 0.982373
17 33 1.031173
17 34 1.021635
17 35 0.766034
17 36 0.554394
17 37 0.250593
17 38 -0.015100
17 39 -0.140081
17 40 -0.332266
17 41 -0.284008
17 42 0.312695
17 43 0.243279
17 44 -0.187249
17 45 0.264451
17 46 0.275273
17 47 0.609683
17 48 0.000000
17 49 0.000000
17 50 0.000000
17 51 0.000000
17 52 0.000000
17 53 0.000000
17 54 0.000000
17 55 0.000000
17 56 0.000000
17 57 0.000000
17 58 0.000000
17 59 0.000000
17 60 0.000000
17 61 0.000000
17 62 0.000000
17 63 0.000000
18 0 0.000000
18 1 0.000000
18 2 0.000000
18 3 0.000000
18 4 0.000000
18 5 0.000000
18 6 0.000000
18 7 0.000000
18 8 0.000000
18 9 0.000000
18 10 0.000000
18 11 0.000000
18 12 0.000000
18 13 0.000000
18 14 0.000000
18 15 0.000000
18 16 0.269872
18 17 0.709585
18 18 0.549383
18 19 0.542639
18 20 0.322667
18 21 0.737763
18 22 9.291632
18 23 4.715332
18 24 -5.630164
18 25 -1.650496
18 26 -0.469062
18 27 -1.284011
18 28 -1.612776
18 29 -1.155383
18 30 -0.677907
18 31 -0.405354
18 32 -0.299183
18 33 -0.171345
18 34 -0.183017
18 35 -0.144845
18 36 0.067296
18 37 0.222449
18 38 0.280790
18 39 0.078907
18 40 -0.178318
18 41 -0.325465
18 42 -0.397214
18 43 0.001257
18 44 -0.112292
18 45 0.329288
18 46 0.337144
18 47 0.643116
18 48 0.000000
18 49 0.000000
18 50 0.000000
18 51 0.000000
18 52 0.000000
18 53 0.000000
18 54 0.000000
18 55 0.000000
18 56 0.000000
18 57 0.000000
18 58 0.000000
18 59 0.000000
18 60 0.000000
18 61 0.000000
18 62 0.000000
18 63 0.000000
19 0 0.000000
19 1 0.000000
19 2 0.000000
19 3 0.000000
19 4 0.000000
19 5 0.000000
19 6 0.000000
19 7 0.000000
19 8 0.000000
19 9 0.000000
19 10 0.000000
19 11 0.000000
19 12 0.000000
19 13 0.000000
19 14 0.000000
19 15 0.000000
19 16 0.217694
19 17 0.678652
19 18 0.509884
19 19 0.406592
19 20 1.044956
19 21 1.990742
19 22 -4.400975
19 23 -0.981549
19 24 1.087506
19 25 1.107479
19 26 0.000642
19 27 -0.487044
19 28 -0.319135
19 29 -0.158715
19 30 -0.132850
19 31 0.115619
19 32 0.349686
19 33 0.844544
19 34 1.147154
19 35 1.099745
19 36 0.866244
19 37 0.567827
19 38 0.443205
19 39 0.398518
19 40 0.523030
19 41 0.546895
19 42 0.482486
19 43 0.361134
19 44 0.650398
19 45 0.446082
19 46 0.281675
19 47 0.583479
19 48 0.000000
19 49 0.000000
19 50 0.000000
19 51 0.000000
19 52 0.000000
19 53 0.000000
19 54 0.000000
19 55 0.000000
19 56 0.000000
19 57 0.000000
19 58 0.000000
19 59 0.000000
19 60 0.000000
19 61 0.000000
19 62 0.000000
19 63 0.000000
20 0 0.000000
20 1 0.000000
20 2 0.000000
20 3 0.000000
20 4 0.000000
20 5 0.000000
20 6 0.000000
20 7 0.000000
20 8 0.000000
20 9 0.000000
20 10 0.000000
20 11 0.000000
20 12 0.000000
20 13 0.000000
20 14 0.000000
20 15 0.000000
20 16 0.442669
20 17 1.310946
20 18 0.855956
20 19 2.608814
20 20 -2.771942
20 21 -2.481489
20 22 0.283627
20 23 1.020465
20 24 0.247074
20 25 -0.463135
20 26 -0.156702
20 27 -0.254610
20 28 -0.301771
20 29 -0.116322
20 30 0.032045
20 31 0.022392
20 32 -0.028805
20 33 -0.094721
20 34 0.080161
20 35 0.432599
20 36 0.576373
20 37 0.398393
20 38 0.146753
20 39 -0.118979
20 40 -0.111642
20 41 0.180624
20 42 0.520861
20 43 0.619345
20 44 0.495225
20 45 -0.115120
20 46 -0.112703
20 47 -0.220151
20 48 0.000000
20 49 0.000000
20 50 0.000000
20 51 0.000000
20 52 0.000000
20 53 0.000000
20 54 0.000000
20 55 0.000000
20 56 0.000000
20 57 0.000000
20 58 0.000000
20 59 0.000000
20 60 0.000000
20 61 0.000000
20 62 0.000000
20 63 0.000000
21 0 0.000000
21 1 0.000000
21 2 0.000000
21 3 0.000000
21 4 0.000000
21 5 0.000000
21 6 0.000000
21 7 0.000000
21 8 0.000000
21 9 0.000000
21 10 0.000000
21 11 0.000000
21 12 0.000000
21 13 0.000000
21 14 0.000000
21 15 0.000000
21 16 1.374719
21 17 -0.504979
21 18 -1.153714
21 19 -9.937300
21 20 0.623877
21 21 0.191410
21 22 1.214362
21 23 0.759384
21 24 0.142910
21 25 0.496899
21 26 0.835878
21 27 0.563560
21 28 0.342796
21 29 0.158465
21 30 0.565899
21 31 0.711553
21 32 0.648802
21 33 0.140806
21 34 -0.415082
21 35 -0.489717
21 36 -0.073603
21 37 0.326745
21 38 0.606848
21 39 0.585065
21 40 0.351720
21 41 0.227360
21 42 0.235807
21 43 0.433058
21 44 0.511742
21 45 0.846557
21 46 -0.349052
21 47 0.142396
21 48 0.000000
21 49 0.000000
21 50 0.000000
21 51 0.000000
21 52 0.000000
21 53 0.000000
21 54 0.000000
21 55 0.000000
21 56 0.000000
21 57 0.000000
21 58 0.000000
21 59 0.000000
21 60 0.000000
21 61 0.000000
21 62 0.000000
21 63 0.000000
22 0 0.000000
22 1 0.000000
22 2 0.000000
22 3 0.000000
22 4 0.000000
22 5 0.000000
22 6 0.000000
22 7 0.000000
22 8 0.000000
22 9 0.000000
22 10 0.000000
22 11 0.000000
22 12 0.000000
22 13 0.000000
22 14 0.000000
22 15 0.000000
22 16 1.145797
22 17 -0.747746
22 18 7.746377
22 19 -0.534311
22 20 -0.705866
22 21 0.128650
22 22 -0.191027
22 23 -0.813917
22 24 -0.576224
22 25 -0.040897
22 26 0.099879
22 27 0.159162
22 28 0.467261
22 29 0.076047
22 30 -0.354411
22 31 -0.486389
22 32 -0.486608
22 33 -0.355587
22 34 -0.359770
22 35 -0.723120
22 36 -0.963933
22 37 -0.893074
22 38 -0.550628
22 39 -0.207474
22 40 0.027033
22 41 0.147624
22 42 0.061533
22 43 -0.035309
22 44 -0.136127
22 45 0.045859
22 46 0.294717
22 47 0.227370
22 48 0.000000
22 49 0.000000
22 50 0.000000
22 51 0.000000
22 52 0.000000
22 53 0.000000
22 54 0.000000
22 55 0.000000
22 56 0.000000
22 57 0.000000
22 58 0.000000
22 59 0.000000
22 60 0.000000
22 61 0.000000
22 62 0.000000
22 63 0.000000
23 0 0.000000
23 1 0.000000
23 2 0.000000
23 3 0.000000
23 4 0.000000
23 5 0.000000
23 6 0.000000
23 7 0.000000
23 8 0.000000
23 9 0.000000
23 10 0.000000
23 11 0.000000
23 12 0.000000
23 13 0.000000
23 14 0.000000
23 15 0.000000
23 16 1.012329
23 17 5.837423
23 18 -4.069322
23 19 0.245382
23 20 0.640302
23 21 0.244396
23 22 -0.723364
23 23 -0.120072
23 24 0.342087
23 25 0.290577
23 26 0.313013
23 27 0.212844
23 28 0.344370
23 29 0.343966
23 30 -0.012477
23 31 -0.314063
23 32 -0.482244
23 33 -0.355722
23 34 -0.254053
23 35 -0.191554
23 36 -0.303487
23 37 -0.457646
23 38 -0.494463
23 39 -0.528603
23 40 -0.411599
23 41 -0.172374
23 42 0.003533
23 43 0.191400
23 44 0.144075
23 45 0.022225
23 46 -0.133891
23 47 0.044844
23 48 0.000000
23 49 0.000000
23 50 0.000000
23 51 0.000000
23 52 0.000000
23 53 0.000000
23 54 0.000000
23 55 0.000000
23 56 0.000000
23 57 0.000000
23 58 0.000000
23 59 0.000000
23 60 0.000000
23 61 0.000000
23 62 0.000000
23 63 0.000000
24 0 0.000000
24 1 0.000000
24 2 0.000000
24 3 0.000000
24 4 0.000000
24 5 0.000000
24 6 0.000000
24 7 0.000000
24 8 0.000000
24 9 0.000000
24 10 0.000000
24 11 0.000000
24 12 0.000000
24 13 0.000000
24 14 0.000000
24 15 0.000000
24 16 0.466011
24 17 -3.378237
24 18 1.425958
24 19 0.564669
24 20 0.372233
24 21 -0.452316
24 22 -0.294498
24 23 0.487725
24 24 0.511402
24 25 0.084709
24 26 0.229837
24 27 0.334405
24 28 0.201524
24 29 0.149332
24 30 0.117020
24 31 -0.053535
24 32 -0.311359
24 33 -0.035713
24 34 0.131091
24 35 0.078571
24 36 -0.029101
24 37 -0.288956
24 38 -0.186451
24 39 -0.018832
24 40 -0.048513
24 41 -0.210323
24 42 -0.403501
24 43 -0.283111
24 44 -0.030844
24 45 0.177848
24 46 0.090440
24 47 -0.062020
24 48 0.000000
24 49 0.000000
24 50 0.000000
24 51 0.000000
24 52 0.000000
24 53 0.000000
24 54 0.000000
24 55 0.000000
24 56 0.000000
24 57 0.000000
24 58 0.000000
24 59 0.000000
24 60 0.000000
24 61 0.000000
24 62 0.000000
24 63 0.000000
25 0 0.000000
25 1 0.000000
25 2 0.000000
25 3 0.000000
25 4 0.000000
25 5 0.000000
25 6 0.000000
25 7 0.000000
25 8 0.000000
25 9 0.000000
25 10 0.000000
25 11 0.000000
25 12 0.000000
25 13 0.000000
25 14 0.000000
25 15 0.000000
25 16 2.542279
25 17 0.142182
25 18 0.819416
25 19 -0.348204
25 20 -0.194266
25 21 -0.199775
25 22 0.115763
25 23 0.394581
25 24 -0.001264
25 25 -0.533368
25 26 -0.155836
25 27 0.262076
25 28 0.225176
25 29 0.010421
25 30 0.028236
25 31 0.110875
25 32 -0.144195
25 33 -0.362732
25 34 -0.043569
25 35 0.281934
25 36 0.458737
25 37 0.192086
25 38 -0.256997
25 39 -0.311505
25 40 0.007970
25 41 0.147757
25 42 -0.034818
25 43 -0.278160
25 44 -0.510585
25 45 -0.325826
25 46 -0.216559
25 47 -0.142601
25 48 0.000000
25 49 0.000000
25 50 0.000000
25 51 0.000000
25 52 0.000000
25 53 0.000000
25 54 0.000000
25 55 0.000000
25 56 0.000000
25 57 0.000000
25 58 0.000000
25 59 0.000000
25 60 0.000000
25 61 0.000000
25 62 0.000000
25 63 0.000000
26 0 0.000000
26 1 0.000000
26 2 0.000000
26 3 0.000000
26 4 0.000000
26 5 0.000000
26 6 0.000000
26 7 0.000000
26 8 0.000000
26 9 0.000000
26 10 0.000000
26 11 0.000000
26 12 0.000000
26 13 0.000000
26 14 0.000000
26 15 0.000000
26 16 -4.928383
26 17 2.544543
26 18 -0.060864
26 19 -0.436993
26 20 -0.230616
26 21 0.056993
26 22 0.219870
26 23 0.182563
26 24 -0.113075
26 25 -0.445913
26 26 -0.086091
26 27 0.176971
26 28 0.131753
26 29 -0.035780
26 30 0.075421
26 31 0.156841
26 32 0.203058
26 33 -0.131196
26 34 -0.242548
26 35 0.104958
26 36 0.411997
26 37 0.523494
26 38 0.359321
26 39 -0.007284
26 40 -0.123887
26 41 -0.075148
26 42 -0.044287
26 43 0.030702
26 44 -0.053964
26 45 -0.103297
26 46 -0.347624
26 47 -0.454053
26 48 0.000000
26 49 0.000000
26 50 0.000000
26 51 0.000000
26 52 0.000000
26 53 0.000000
26 54 0.000000
26 55 0.000000
26 56 0.000000
26 57 0.000000
26 58 0.000000
26 59 0.000000
26 60 0.000000
26 61 0.000000
26 62 0.000000
26 63 0.000000
27 0 0.000000
27 1 0.000000
27 2 0.000000
27 3 0.000000
27 4 0.000000
27 5 0.000000
27 6 0.000000
27 7 0.000000
27 8 0.000000
27 9 0.000000
27 10 0.000000
27 11 0.000000
27 12 0.000000
27 13 0.000000
27 14 0.000000
27 15 0.000000
27 16 -8.630430
27 17 2.293509
27 18 -1.195300
27 19 -0.021971
27 20 -0.212693
27 21 0.042414
27 22 0.389781
27 23 0.072440
27 24 -0.220568
27 25 -0.200710
27 26 0.181352
27 27 0.321298
27 28 0.188033
27 29 -0.144133
27 30 -0.031973
27 31 0.045049
27 32 0.199374
27 33 0.236678
27 34 -0.034283
27 35 -0.068556
27 36 0.223224
27 37 0.441267
27 38 0.494957
27 39 0.370200
27 40 0.172694
27 41 0.135989
27 42 -0.004172
27 43 -0.094983
27 44 -0.105480
27 45 0.109131
27 46 0.142967
27 47 -0.094627
27 48 0.000000
27 49 0.000000
27 50 0.000000
27 51 0.000000
27 52 0.000000
27 53 0.000000
27 54 0.000000
27 55 0.000000
27 56 0.000000
27 57 0.000000
27 58 0.000000
27 59 0.000000
27 60 0.000000
27 61 0.000000
27 62 0.000000
27 63 0.000000
28 0 0.000000
28 1 0.000000
28 2 0.000000
28 3 0.000000
28 4 0.000000
28 5 0.000000
28 6 0.000000
28 7 0.000000
28 8 0.000000
28 9 0.000000
28 10 0.000000
28 11 0.000000
28 12 0.000000
28 13 0.000000
28 14 0.000000
28 15 0.000000
28 16 -5.517971
28 17 1.406561
28 18 -1.018470
28 19 0.103460
28 20 -0.276272
28 21 0.019380
28 22 0.418168
28 23 0.038946
28 24 -0.318463
28 25 -0.156391
28 26 0.235892
28 27 0.250645
28 28 0.229613
28 29 -0.046769
28 30 -0.088179
28 31 0.009716
28 32 -0.015746
28 33 0.025141
28 34 0.049255
28 35 0.017478
28 36 0.054324
28 37 0.246342
28 38 0.394484
28 39 0.383644
28 40 0.283112
28 41 0.126320
28 42 0.122045
28 43 0.224861
28 44 0.051328
28 45 0.043630
28 46 -0.068191
28 47 -0.116026
28 48 0.000000
28 49 0.000000
28 50 0.000000
28 51 0.000000
28 52 0.000000
28 53 0.000000
28 54 0.000000
28 55 0.000000
28 56 0.000000
28 57 0.000000
28 58 0.000000
28 59 0.000000
28 60 0.000000
28 61 0.000000
28 62 0.000000
28 63 0.000000
29 0 0.000000
29 1 0.000000
29 2 0.000000
29 3 0.000000
29 4 0.000000
29 5 0.000000
29 6 0.000000
29 7 0.000000
29 8 0.000000
29 9 0.000000
29 10 0.000000
29 11 0.000000
29 12 0.000000
29 13 0.000000
29 14 0.000000
29 15 0.000000
29 16 2.518334
29 17 -0.344140
29 18 -0.356364
29 19 0.053234
29 20 -0.268394
29 21 -0.119943
29 22 0.276936
29 23 -0.052151
29 24 -0.432691
29 25 -0.261002
29 26 0.145225
29 27 0.224305
29 28 0.105301
29 29 -0.111715
29 30 -0.226646
29 31 -0.055529
29 32 -0.008598
29 33 -0.093691
29 34 -0.223944
29 35 -0.174365
29 36 -0.104139
29 37 -0.121504
29 38 0.173866
29 39 0.254746
29 40 0.248609
29 41 0.192513
29 42 0.005878
29 43 -0.014301
29 44 0.010197
29 45 0.249291
29 46 0.172467
29 47 -0.054223
29 48 0.000000
29 49 0.000000
29 50 0.000000
29 51 0.000000
29 52 0.000000
29 53 0.000000
29 54 0.000000
29 55 0.000000
29 56 0.000000
29 57 0.000000
29 58 0.000000
29 59 0.000000
29 60 0.000000
29 61 0.000000
29 62 0.000000
29 63 0.000000
30 0 0.000000
30 1 0.000000
30 2 0.000000
30 3 0.000000
30 4 0.000000
30 5 0.000000
30 6 0.000000
30 7 0.000000
30 8 0.000000
30 9 0.000000
30 10 0.000000
30 11 0.000000
30 12 0.000000
30 13 0.000000
30 14 0.000000
30 15 0.000000
30 16 2.422939
30 17 -1.083356
30 18 0.013739
30 19 0.199160
30 20 0.152183
30 21 -0.095881
30 22 0.069374
30 23 0.051519
30 24 -0.242293
30 25 -0.124118
30 26 0.192133
30 27 0.153305
30 28 0.078325
30 29 -0.059458
30 30 -0.200480
30 31 -0.117097
30 32 -0.039618
30 33 -0.018598
30 34 -0.153649
30 35 -0.277508
30 36 -0.136298
30 37 -0.223095
30 38 -0.156273
30 39 0.042633
30 40 0.227003
30 41 0.340991
30 42 0.230026
30 43 -0.021312
30 44 -0.154348
30 45 0.102897
30 46 0.163277
30 47 0.231628
30 48 0.000000
30 49 0.000000
30 50 0.000000
30 51 0.000000
30 52 0.000000
30 53 0.000000
30 54 0.000000
30 55 0.000000
30 56 0.000000
30 57 0.000000
30 58 0.000000
30 59 0.000000
30 60 0.000000
30 61 0.000000
30 62 0.000000
30 63 0.000000
31 0 0.000000
31 1 0.000000
31 2 0.000000
31 3 0.000000
31 4 0.000000
31 5 0.000000
31 6 0.000000
31 7 0.000000
31 8 0.000000
31 9 0.000000
31 10 0.000000
31 11 0.000000
31 12 0.000000
31 13 0.000000
31 14 0.000000
31 15 0.000000
31 16 2.329391
31 17 -1.367385
31 18 -0.038895
31 19 0.152521
31 20 0.535177
31 21 0.091511
31 22 -0.253313
31 23 0.003793
31 24 -0.003156
31 25 -0.037292
31 26 0.288831
31 27 0.174731
31 28 0.030947
31 29 -0.102929
31 30 -0.170701
31 31 -0.116005
31 32 -0.028354
31 33 -0.035015
31 34 -0.074034
31 35 -0.239655
31 36 -0.188188
31 37 -0.038395
31 38 -0.171821
31 39 -0.268530
31 40 -0.013959
31 41 0.222181
31 42 0.280363
31 43 0.186358
31 44 -0.067405
31 45 0.021603
31 46 0.104380
31 47 0.218520
31 48 0.000000
31 49 0.000000
31 50 0.000000
31 51 0.000000
31 52 0.000000
31 53 0.000000
31 54 0.000000
31 55 0.000000
31 56 0.000000
31 57 0.000000
31 58 0.000000
31 59 0.000000
31 60 0.000000
31 61 0.000000
31 62 0.000000
31 63 0.000000
32 0 0.000000
32 1 0.000000
32 2 0.000000
32 3 0.000000
32 4 0.000000
32 5 0.000000
32 6 0.000000
32 7 0.000000
32 8 0.000000
32 9 0.000000
32 10 0.000000
32 11 0.000000
32 12 0.000000
32 13 0.000000
32 14 0.000000
32 15 0.000000
32 16 2.504020
32 17 -1.760656
32 18 0.118624
32 19 0.196462
32 20 0.482204
32 21 0.374016
32 22 -0.344747
32 23 -0.262193
32 24 0.018282
32 25 0.014983
32 26 0.290586
32 27 0.233380
32 28 0.039183
32 29 -0.170032
32 30 -0.089756
32 31 -0.141563
32 32 -0.020205
32 33 0.037800
32 34 -0.021108
32 35 -0.109683
32 36 -0.237088
32 37 -0.172662
32 38 -0.006334
32 39 -0.031436
32 40 -0.171155
32 41 -0.027772
32 42 0.051049
32 43 0.165260
32 44 0.136572
32 45 0.057637
32 46 0.071313
32 47 0.274235
32 48 0.000000
32 49 0.000000
32 50 0.000000
32 51 0.000000
32 52 0.000000
32 53 0.000000
32 54 0.000000
32 55 0.000000
32 56 0.000000
32 57 0.000000
32 58 0.000000
32 59 0.000000
32 60 0.000000
32 61 0.000000
32 62 0.000000
32 63 0.000000
33 0 0.000000
33 1 0.000000
33 2 0.000000
33 3 0.000000
33 4 0.000000
33 5 0.000000
33 6 0.000000
33 7 0.000000
33 8 0.000000
33 9 0.000000
33 10 0.000000
33 11 0.000000
33 12 0.000000
33 13 0.000000
33 14 0.000000
33 15 0.000000
33 16 2.892300
33 17 -2.320859
33 18 0.167749
33 19 0.621784
33 20 0.056444
33 21 0.141027
33 22 -0.049924
33 23 -0.075794
33 24 0.043534
33 25 -0.091141
33 26 0.101596
33 27 0.139363
33 28 0.020745
33 29 -0.185581
33 30 -0.069498
33 31 -0.058248
33 32 -0.038504
33 33 0.026015
33 34 -0.015658
33 35 -0.027224
33 36 -0.120812
33 37 -0.168644
33 38 -0.079211
33 39 0.043655
33 40 -0.012387
33 41 -0.088815
33 42 -0.015657
33 43 0.075182
33 44 0.042723
33 45 0.093283
33 46 0.042230
33 47 0.243848
33 48 0.000000
33 49 0.000000
33 50 0.000000
33 51 0.000000
33 52 0.000000
33 53 0.000000
33 54 0.000000
33 55 0.000000
33 56 0.000000
33 57 0.000000
33 58 0.000000
33 59 0.000000
33 60 0.000000
33 61 0.000000
33 62 0.000000
33 63 0.000000
34 0 0.000000
34 1 0.000000
34 2 0.000000
34 3 0.000000
34 4 0.000000
34 5 0.000000
34 6 0.000000
34 7 0.000000
34 8 0.000000
34 9 0.000000
34 10 0.000000
34 11 0.000000
34 12 0.000000
34 13 0.000000
34 14 0.000000
34 15 0.000000
34 16 2.389283
34 17 -2.558999
34 18 -0.061203
34 19 1.186354
34 20 0.001039
34 21 -0.415052
34 22 -0.102048
34 23 0.113241
34 24 0.190385
34 25 0.013495
34 26 0.011993
34 27 0.067941
34 28 -0.069203
34 29 -0.225885
34 30 -0.165993
34 31 -0.057195
34 32 -0.014697
34 33 0.055491
34 34 0.089688
34 35 0.027776
34 36 -0.057508
34 37 -0.060875
34 38 -0.032312
34 39 -0.020770
34 40 0.128659
34 41 -0.034029
34 42 -0.215675
34 43 0.010813
34 44 0.015778
34 45 0.125984
34 46 0.089690
34 47 0.096697
34 48 0.000000
34 49 0.000000
34 50 0.000000
34 51 0.000000
34 52 0.000000
34 53 0.000000
34 54 0.000000
34 55 0.000000
34 56 0.000000
34 57 0.000000
34 58 0.000000
34 59 0.000000
34 60 0.000000
34 61 0.000000
34 62 0.000000
34 63 0.000000
35 0 0.000000
35 1 0.000000
35 2 0.000000
35 3 0.000000
35 4 0.000000
35 5 0.000000
35 6 0.000000
35 7 0.000000
35 8 0.000000
35 9 0.000000
35 10 0.000000
35 11 0.000000
35 12 0.000000
35 13 0.000000
35 14 0.000000
35 15 0.000000
35 16 0.609900
35 17 -2.044780
35 18 -0.299353
35 19 1.375595
35 20 0.313283
35 21 -0.704134
35 22 -0.406574
35 23 -0.055430
35 24 0.235640
35 25 0.242818
35 26 0.099927
35 27 0.085949
35 28 0.007057
35 29 -0.246337
35 30 -0.280801
35 31 -0.125695
35 32 -0.092671
35 33 0.070695
35 34 0.104874
35 35 0.082864
35 36 0.120698
35 37 0.023928
35 38 0.056889
35 39 -0.027898
35 40 0.086044
35 41 0.170772
35 42 -0.070480
35 43 -0.159023
35 44 -0.134480
35 45 0.099296
35 46 0.200785
35 47 0.293720
35 48 0.000000
35 49 0.000000
35 50 0.000000
35 51 0.000000
35 52 0.000000
35 53 0.000000
35 54 0.000000
35 55 0.000000
35 56 0.000000
35 57 0.000000
35 58 0.000000
35 59 0.000000
35 60 0.000000
35 61 0.000000
35 62 0.000000
35 63 0.000000
36 0 0.000000
36 1 0.000000
36 2 0.000000
36 3 0.000000
36 4 0.000000
36 5 0.000000
36 6 0.000000
36 7 0.000000
36 8 0.000000
36 9 0.000000
36 10 0.000000
36 11 0.000000
36 12 0.000000
36 13 0.000000
36 14 0.000000
36 15 0.000000
36 16 -0.847697
36 17 -1.256852
36 18 -0.458938
36 19 1.213695
36 20 0.750192
36 21 -0.635075
36 22 -0.537114
36 23 -0.358943
36 24 0.065829
36 25 0.490770
36 26 0.378683
36 27 0.009396
36 28 0.088072
36 29 -0.053604
36 30 -0.221687
36 31 -0.140141
36 32 -0.149023
36 33 -0.107101
36 34 0.071098
36 35 0.153623
36 36 0.221107
36 37 0.123653
36 38 0.090731
36 39 0.125044
36 40 0.080496
36 41 0.058920
36 42 0.092886
36 43 -0.054777
36 44 -0.240969
36 45 0.026011
36 46 0.102241
36 47 0.231193
36 48 0.000000
36 49 0.000000
36 50 0.000000
36 51 0.000000
36 52 0.000000
36 53 0.000000
36 54 0.000000
36 55 0.000000
36 56 0.000000
36 57 0.000000
36 58 0.000000
36 59 0.000000
36 60 0.000000
36 61 0.000000
36 62 0.000000
36 63 0.000000
37 0 0.000000
37 1 0.000000
37 2 0.000000
37 3 0.000000
37 4 0.000000
37 5 0.000000
37 6 0.000000
37 7 0.000000
37 8 0.000000
37 9 0.000000
37 10 0.000000
37 11 0.000000
37 12 0.000000
37 13 0.000000
37 14 0.000000
37 15 0.000000
37 16 -1.449387
37 17 -0.514837
37 18 -0.395946
37 19 0.794665
37 20 0.947763
37 21 -0.271567
37 22 -0.512249
37 23 -0.437457
37 24 -0.395985
37 25 0.176812
37 26 0.647198
37 27 0.209387
37 28 0.041219
37 29 -0.104266
37 30 -0.143748
37 31 -0.105567
37 32 -0.078226
37 33 -0.167158
37 34 -0.065485
37 35 0.078824
37 36 0.125016
37 37 0.176769
37 38 0.081926
37 39 0.122865
37 40 0.129942
37 41 0.079912
37 42 0.090270
37 43 0.065022
37 44 -0.182553
37 45 -0.220354
37 46 -0.082426
37 47 0.165719
37 48 0.000000
37 49 0.000000
37 50 0.000000
37 51 0.000000
37 52 0.000000
37 53 0.000000
37 54 0.000000
37 55 0.000000
37 56 0.000000
37 57 0.000000
37 58 0.000000
37 59 0.000000
37 60 0.000000
37 61 0.000000
37 62 0.000000
37 63 0.000000
38 0 0.000000
38 1 0.000000
38 2 0.000000
38 3 0.000000
38 4 0.000000
38 5 0.000000
38 6 0.000000
38 7 0.000000
38 8 0.000000
38 9 0.000000
38 10 0.000000
38 11 0.000000
38 12 0.000000
38 13 0.000000
38 14 0.000000
38 15 0.000000
38 16 -1.306458
38 17 0.067984
38 18 -0.234196
38 19 0.382185
38 20 0.826403
38 21 0.159687
38 22 -0.554231
38 23 -0.380196
38 24 -0.476554
38 25 -0.291275
38 26 0.481566
38 27 0.506251
38 28 0.250279
38 29 -0.057938
38 30 -0.080368
38 31 -0.127209
38 32 -0.093883
38 33 -0.111687
38 34 -0.100218
38 35 0.014328
38 36 0.042591
38 37 0.019280
38 38 -0.019534
38 39 0.061323
38 40 0.176345
38 41 0.203693
38 42 0.047126
38 43 -0.118285
38 44 -0.168851
38 45 -0.125202
38 46 -0.084908
38 47 0.279513
38 48 0.000000
38 49 0.000000
38 50 0.000000
38 51 0.000000
38 52 0.000000
38 53 0.000000
38 54 0.000000
38 55 0.000000
38 56 0.000000
38 57 0.000000
38 58 0.000000
38 59 0.000000
38 60 0.000000
38 61 0.000000
38 62 0.000000
38 63 0.000000
39 0 0.000000
39 1 0.000000
39 2 0.000000
39 3 0.000000
39 4 0.000000
39 5 0.000000
39 6 0.000000
39 7 0.000000
39 8 0.000000
39 9 0.000000
39 10 0.000000
39 11 0.000000
39 12 0.000000
39 13 0.000000
39 14 0.000000
39 15 0.000000
39 16 -1.849638
39 17 -1.354743
39 18 0.340770
39 19 0.048603
39 20 0.626979
39 21 0.712423
39 22 -0.340309
39 23 -0.380721
39 24 -0.343771
39 25 -0.379305
39 26 0.212451
39 27 0.640861
39 28 0.524788
39 29 0.176294
39 30 -0.041595
39 31 -0.073687
39 32 0.003589
39 33 -0.060178
39 34 -0.153978
39 35 -0.088634
39 36 0.039557
39 37 0.126639
39 38 0.081717
39 39 0.006554
39 40 0.035948
39 41 0.069174
39 42 0.059190
39 43 -0.015059
39 44 -0.061378
39 45 0.161021
39 46 0.086464
39 47 -0.238931
39 48 0.000000
39 49 0.000000
39 50 0.000000
39 51 0.000000
39 52 0.000000
39 53 0.000000
39 54 0.000000
39 55 0.000000
39 56 0.000000
39 57 0.000000
39 58 0.000000
39 59 0.000000
39 60 0.000000
39 61 0.000000
39 62 0.000000
39 63 0.000000
40 0 0.000000
40 1 0.000000
40 2 0.000000
40 3 0.000000
40 4 0.000000
40 5 0.000000
40 6 0.000000
40 7 0.000000
40 8 0.000000
40 9 0.000000
40 10 0.000000
40 11 0.000000
40 12 0.000000
40 13 0.000000
40 14 0.000000
40 15 0.000000
40 16 -1.127575
40 17 -0.725219
40 18 0.755853
40 19 -0.010823
40 20 0.219861
40 21 0.776699
40 22 0.007680
40 23 -0.533789
40 24 -0.358675
40 25 -0.386360
40 26 -0.045798
40 27 0.367696
40 28 0.457363
40 29 0.404815
40 30 0.148942
40 31 -0.060753
40 32 -0.133037
40 33 -0.032802
40 34 -0.160841
40 35 -0.132411
40 36 -0.044267
40 37 -0.042827
40 38 0.034634
40 39 -0.092464
40 40 -0.018610
40 41 0.082825
40 42 0.081453
40 43 0.072517
40 44 -0.090744
40 45 0.079439
40 46 0.352243
40 47 -0.488387
40 48 0.000000
40 49 0.000000
40 50 0.000000
40 51 0.000000
40 52 0.000000
40 53 0.000000
40 54 0.000000
40 55 0.000000
40 56 0.000000
40 57 0.000000
40 58 0.000000
40 59 0.000000
40 60 0.000000
40 61 0.000000
40 62 0.000000
40 63 0.000000
41 0 0.000000
41 1 0.000000
41 2 0.000000
41 3 0.000000
41 4 0.000000
41 5 0.000000
41 6 0.000000
41 7 0.000000
41 8 0.000000
41 9 0.000000
41 10 0.000000
41 11 0.000000
41 12 0.000000
41 13 0.000000
41 14 0.000000
41 15 0.000000
41 16 0.835787
41 17 -2.542865
41 18 -0.302272
41 19 0.445345
41 20 0.053794
41 21 0.606667
41 22 0.617203
41 23 -0.453906
41 24 -0.391362
41 25 -0.361812
41 26 -0.061144
41 27 0.286432
41 28 0.306025
41 29 0.389300
41 30 0.504093
41 31 0.238285
41 32 -0.069910
41 33 -0.016679
41 34 -0.101835
41 35 -0.207622
41 36 -0.138391
41 37 -0.138803
41 38 0.006087
41 39 0.043769
41 40 0.109645
41 41 0.184593
41 42 0.114495
41 43 0.036267
41 44 -0.058286
41 45 0.022171
41 46 -0.454822
41 47 1.031820
41 48 0.000000
41 49 0.000000
41 50 0.000000
41 51 0.000000
41 52 0.000000
41 53 0.000000
41 54 0.000000
41 55 0.000000
41 56 0.000000
41 57 0.000000
41 58 0.000000
41 59 0.000000
41 60 0.000000
41 61 0.000000
41 62 0.000000
41 63 0.000000
42 0 0.000000
42 1 0.000000
42 2 0.000000
42 3 0.000000
42 4 0.000000
42 5 0.000000
42 6 0.000000
42 7 0.000000
42 8 0.000000
42 9 0.000000
42 10 0.000000
42 11 0.000000
42 12 0.000000
42 13 0.000000
42 14 0.000000
42 15 0.000000
42 16 1.326741
42 17 -0.553620
42 18 0.778155
42 19 0.265342
42 20 -0.021650
42 21 0.265097
42 22 0.828385
42 23 -0.033323
42 24 -0.408447
42 25 -0.365590
42 26 -0.177195
42 27 0.052656
42 28 0.239099
42 29 0.130870
42 30 0.405030
42 31 0.396027
42 32 0.066195
42 33 -0.149491
42 34 -0.195477
42 35 -0.281232
42 36 -0.172381
42 37 -0.018799
42 38 0.039843
42 39 0.067873
42 40 0.073078
42 41 0.074804
42 42 0.038036
42 43 -0.006637
42 44 -0.112903
42 45 0.116122
42 46 0.451308
42 47 -1.943281
42 48 0.000000
42 49 0.000000
42 50 0.000000
42 51 0.000000
42 52 0.000000
42 53 0.000000
42 54 0.000000
42 55 0.000000
42 56 0.000000
42 57 0.000000
42 58 0.000000
42 59 0.000000
42 60 0.000000
42 61 0.000000
42 62 0.000000
42 63 0.000000
43 0 0.000000
43 1 0.000000
43 2 0.000000
43 3 0.000000
43 4 0.000000
43 5 0.000000
43 6 0.000000
43 7 0.000000
43 8 0.000000
43 9 0.000000
43 10 0.000000
43 11 0.000000
43 12 0.000000
43 13 0.000000
43 14 0.000000
43 15 0.000000
43 16 1.349181
43 17 -0.539004
43 18 -0.426012
43 19 0.856638
43 20 -0.139064
43 21 0.040727
43 22 0.685233
43 23 0.516961
43 24 -0.217064
43 25 -0.175913
43 26 -0.083964
43 27 0.016539
43 28 0.344473
43 29 0.143386
43 30 0.153026
43 31 0.325870
43 32 0.309018
43 33 0.029904
43 34 -0.046035
43 35 -0.009278
43 36 0.035482
43 37 0.088871
43 38 0.092325
43 39 0.121895
43 40 0.058770
43 41 0.012626
43 42 -0.046594
43 43 0.042298
43 44 0.061162
43 45 -0.310515
43 46 -0.168877
43 47 -1.421849
43 48 0.000000
43 49 0.000000
43 50 0.000000
43 51 0.000000
43 52 0.000000
43 53 0.000000
43 54 0.000000
43 55 0.000000
43 56 0.000000
43 57 0.000000
43 58 0.000000
43 59 0.000000
43 60 0.000000
43 61 0.000000
43 62 0.000000
43 63 0.000000
44 0 0.000000
44 1 0.000000
44 2 0.000000
44 3 0.000000
44 4 0.000000
44 5 0.000000
44 6 0.000000
44 7 0.000000
44 8 0.000000
44 9 0.000000
44 10 0.000000
44 11 0.000000
44 12 0.000000
44 13 0.000000
44 14 0.000000
44 15 0.000000
44 16 0.448029
44 17 1.956521
44 18 0.322473
44 19 -1.139571
44 20 0.295013
44 21 -0.547742
44 22 0.073960
44 23 0.500426
44 24 -0.253853
44 25 -0.230014
44 26 -0.037604
44 27 -0.050633
44 28 0.136755
44 29 0.092988
44 30 -0.106117
44 31 0.030093
44 32 0.285131
44 33 0.263956
44 34 -0.004634
44 35 -0.079485
44 36 -0.035049
44 37 0.058203
44 38 0.025141
44 39 -0.011598
44 40 -0.085518
44 41 -0.011822
44 42 0.218505
44 43 0.162987
44 44 0.098991
44 45 -0.315145
44 46 0.406113
44 47 0.063918
44 48 0.000000
44 49 0.000000
44 50 0.000000
44 51 0.000000
44 52 0.000000
44 53 0.000000
44 54 0.000000
44 55 0.000000
44 56 0.000000
44 57 0.000000
44 58 0.000000
44 59 0.000000
44 60 0.000000
44 61 0.000000
44 62 0.000000
44 63 0.000000
45 0 0.000000
45 1 0.000000
45 2 0.000000
45 3 0.000000
45 4 0.000000
45 5 0.000000
45 6 0.000000
45 7 0.000000
45 8 0.000000
45 9 0.000000
45 10 0.000000
45 11 0.000000
45 12 0.000000
45 13 0.000000
45 14 0.000000
45 15 0.000000
45 16 0.836494
45 17 0.827885
45 18 0.588018
45 19 -1.231520
45 20 0.111252
45 21 0.802181
45 22 -0.285152
45 23 0.572435
45 24 0.029753
45 25 -0.413040
45 26 -0.038132
45 27 -0.118978
45 28 -0.037651
45 29 0.243470
45 30 0.121847
45 31 0.056631
45 32 0.083610
45 33 0.238014
45 34 0.230108
45 35 0.129833
45 36 -0.068178
45 37 -0.090943
45 38 0.086017
45 39 0.175162
45 40 0.273186
45 41 0.241850
45 42 0.135487
45 43 0.291023
45 44 0.291375
45 45 -0.725793
45 46 0.359437
45 47 0.748284
45 48 0.000000
45 49 0.000000
45 50 0.000000
45 51 0.000000
45 52 0.000000
45 53 0.000000
45 54 0.000000
45 55 0.000000
45 56 0.000000
45 57 0.000000
45 58 0.000000
45 59 0.000000
45 60 0.000000
45 61 0.000000
45 62 0.000000
45 63 0.000000
46 0 0.000000
46 1 0.000000
46 2 0.000000
46 3 0.000000
46 4 0.000000
46 5 0.000000
46 6 0.000000
46 7 0.000000
46 8 0.000000
46 9 0.000000
46 10 0.000000
46 11 0.000000
46 12 0.000000
46 13 0.000000
46 14 0.000000
46 15 0.000000
46 16 0.416518
46 17 0.506738
46 18 0.283980
46 19 0.266112
46 20 0.258564
46 21 1.547031
46 22 -2.707596
46 23 -0.130874
46 24 0.663764
46 25 -0.382583
46 26 -0.156501
46 27 -0.104065
46 28 -0.173258
46 29 0.105994
46 30 0.179163
46 31 0.118655
46 32 0.127964
46 33 0.091178
46 34 0.139734
46 35 0.185859
46 36 0.076527
46 37 0.052996
46 38 0.272474
46 39 0.223206
46 40 0.191496
46 41 -0.162708
46 42 0.279518
46 43 -0.786479
46 44 0.800372
46 45 0.064324
46 46 0.092449
46 47 0.478689
46 48 0.000000
46 49 0.000000
46 50 0.000000
46 51 0.000000
46 52 0.000000
46 53 0.000000
46 54 0.000000
46 55 0.000000
46 56 0.000000
46 57 0.000000
46 58 0.000000
46 59 0.000000
46 60 0.000000
46 61 0.000000
46 62 0.000000
46 63 0.000000
47 0 0.000000
47 1 0.000000
47 2 0.000000
47 3 0.000000
47 4 0.000000
47 5 0.000000
47 6 0.000000
47 7 0.000000
47 8 0.000000
47 9 0.000000
47 10 0.000000
47 11 0.000000
47 12 0.000000
47 13 0.000000
47 14 0.000000
47 15 0.000000
47 16 0.474538
47 17 0.492964
47 18 0.273468
47 19 0.257702
47 20 2.322903
47 21 1.999376
47 22 2.182614
47 23 2.597331
47 24 -0.260711
47 25 -0.600938
47 26 -0.359942
47 27 -0.393092
47 28 -0.512823
47 29 -0.497450
47 30 -0.294604
47 31 -0.371472
47 32 -0.306546
47 33 -0.306622
47 34 -0.213577
47 35 0.057524
47 36 0.142565
47 37 -0.164882
47 38 -0.322987
47 39 0.071964
47 40 0.054400
47 41 -0.215397
47 42 0.134540
47 43 0.325319
47 44 1.850214
47 45 -0.078766
47 46 -0.040334
47 47 0.346190
47 48 0.000000
47 49 0.000000
47 50 0.000000
47 51 0.000000
47 52 0.000000
47 53 0.000000
47 54 0.000000
47 55 0.000000
47 56 0.000000
47 57 0.000000
47 58 0.000000
47 59 0.000000
47 60 0.000000
47 61 0.000000
47 62 0.000000
47 63 0.000000
48 0 0.000000
48 1 0.000000
48 2 0.000000
48 3 0.000000
48 4 0.000000
48 5 0.000000
48 6 0.000000
48 7 0.000000
48 8 0.000000
48 9 0.000000
48 10 0.000000
48 11 0.000000
48 12 0.000000
48 13 0.000000
48 14 0.000000
48 15 0.000000
48 16 0.000000
48 17 0.000000
48 18 0.000000
48 19 0.000000
48 20 0.000000
48 21 0.000000
48 22 0.000000
48 23 0.000000
48 24 0.000000
48 25 0.000000
48 26 0.000000
48 27 0.000000
48 28 0.000000
48 29 0.000000
48 30 0.000000
48 31 0.000000
48 32 0.000000
48 33 0.000000
48 34 0.000000
48 35 0.000000
48 36 0.000000
48 37 0.000000
48 38 0.000000
48 39 0.000000
48 40 0.000000
48 41 0.000000
48 42 0.000000
48 43 0.000000
48 44 0.000000
48 45 0.000000
48 46 0.000000
48 47 0.000000
48 48 0.000000
48 49 0.000000
48 50 0.000000
48 51 0.000000
48 52 0.000000
48 53 0.000000
48 54 0.000000
48 55 0.000000
48 56 0.000000
48 57 0.000000
48 58 0.000000
48 59 0.000000
48 60 0.000000
48 61 0.000000
48 62 0.000000
48 63 0.000000
49 0 0.000000
49 1 0.000000
49 2 0.000000
49 3 0.000000
49 4 0.000000
49 5 0.000000
49 6 0.000000
49 7 0.000000
49 8 0.000000
49 9 0.000000
49 10 0.000000
49 11 0.000000
49 12 0.000000
49 13 0.000000
49 14 0.000000
49 15 0.000000
49 16 0.000000
49 17 0.000000
49 18 0.000000
49 19 0.000000
49 20 0.000000
49 21 0.000000
49 22 0.000000
49 23 0.000000
49 24 0.000000
49 25 0.000000
49 26 0.000000
49 27 0.000000
49 28 0.000000
49 29 0.000000
49 30 0.000000
49 31 0.000000
49 32 0.000000
49 33 0.000000
49 34 0.000000
49 35 0.000000
49 36 0.000000
49 37 0.000000
49 38 0.000000
49 39 0.000000
49 40 0.000000
49 41 0.000000
49 42 0.000000
49 43 0.000000
49 44 0.000000
49 45 0.000000
49 46 0.000000
49 47 0.000000
49 48 0.000000
49 49 0.000000
49 50 0.000000
49 51 0.000000
49 52 0.000000
49 53 0.000000
49 54 0.000000
49 55 0.000000
49 56 0.000000
49 57 0.000000
49 58 0.000000
49 59 0.000000
49 60 0.000000
49 61 0.000000
49 62 0.000000
49 63 0.000000
50 0 0.000000
50 1 0.000000
50 2 0.000000
50 3 0.000000
50 4 0.000000
50 5 0.000000
50 6 0.000000
50 7 0.000000
50 8 0.000000
50 9 0.000000
50 10 0.000000
50 11 0.000000
50 12 0.000000
50 13 0.000000
50 14 0.000000
50 15 0.000000
50 16 0.000000
50 17 0.000000
50 18 0.000000
50 19 0.000000
50 20 0.000000
50 21 0.000000
50 22 0.000000
50 23 0.000000
50 24 0.000000
50 25 0.000000
50 26 0.000000
50 27 0.000000
50 28 0.000000
50 29 0.000000
50 30 0.000000
50 31 0.000000
50 32 0.000000
50 33 0.000000
50 34 0.000000
50 35 0.000000
50 36 0.000000
50 37 0.000000
50 38 0.000000
50 39 0.000000
50 40 0.000000
50 41 0.000000
50 42 0.000000
50 43 0.000000
50 44 0.000000
50 45 0.000000
50 46 0.000000
50 47 0.000000
50 48 0.000000
50 49 0.000000
50 50 0.000000
50 51 0.000000
50 52 0.000000
50 53 0.000000
50 54 0.000000
50 55 0.000000
50 56 0.000000
50 57 0.000000
50 58 0.000000
50 59 0.000000
50 60 0.000000
50 61 0.000000
50 62 0.000000
50 63 0.000000
51 0 0.000000
51 1 0.000000
51 2 0.000000
51 3 0.000000
51 4 0.000000
51 5 0.000000
51 6 0.000000
51 7 0.000000
51 8 0.000000
51 9 0.000000
51 10 0.000000
51 11 0.000000
51 12 0.000000
51 13 0.000000
51 14 0.000000
51 15 0.000000
51 16 0.000000
51 17 0.000000
51 18 0.000000
51 19 0.000000
51 20 0.000000
51 21 0.000000
51 22 0.000000
51 23 0.000000
51 24 0.000000
51 25 0.000000
51 26 0.000000
51 27 0.000000
51 28 0.000000
51 29 0.000000
51 30 0.000000
51 31 0.000000
51 32 0.000000
51 33 0.000000
51 34 0.000000
51 35 0.000000
51 36 0.000000
51 37 0.000000
51 38 0.000000
51 39 0.000000
51 40 0.000000
51 41 0.000000
51 42 0.000000
51 43 0.000000
51 44 0.000000
51 45 0.000000
51 46 0.000000
51 47 0.000000
51 48 0.000000
51 49 0.000000
51 50 0.000000
51 51 0.000000
51 52 0.000000
51 53 0.000000
51 54 0.000000
51 55 0.000000
51 56 0.000000
51 57 0.000000
51 58 0.000000
51 59 0.000000
51 60 0.000000
51 61 0.000000
51 62 0.000000
51 63 0.000000
52 0 0.000000
52 1 0.000000
52 2 0.000000
52 3 0.000000
52 4 0.000000
52 5 0.000000
52 6 0.000000
52 7 0.000000
52 8 0.000000
52 9 0.000000
52 10 0.000000
52 11 0.000000
52 12 0.000000
52 13 0.000000
52 14 0.000000
52 15 0.000000
52 16 0.000000
52 17 0.000000
52 18 0.000000
52 19 0.000000
52 20 0.000000
52 21 0.000000
52 22 0.000000
52 23 0.000000
52 24 0.000000
52 25 0.000000
52 26 0.000000
52 27 0.000000
52 28 0.000000
52 29 0.000000
52 30 0.000000
52 31 0.000000
52 32 0.000000
52 33 0.000000
52 34 0.000000
52 35 0.000000
52 36 0.000000
52 37 0.000000
52 38 0.000000
52 39 0.000000
52 40 0.000000
52 41 0.000000
52 42 0.000000
52 43 0.000000
52 44 0.000000
52 45 0.000000
52 46 0.000000
52 47 0.000000
52 48 0.000000
52 49 0.000000
52 50 0.000000
52 51 0.000000
52 52 0.000000
52 53 0.000000
52 54 0.000000
52 55 0.000000
52 56 0.000000
52 57 0.000000
52 58 0.000000
52 59 0.000000
52 60 0.000000
52 61 0.000000
52 62 0.000000
52 63 0.000000
53 0 0.000000
53 1 0.000000
53 2 0.000000
53 3 0.000000
53 4 0.000000
53 5 0.000000
53 6 0.000000
53 7 0.000000
53 8 0.000000
53 9 0.000000
53 10 0.000000
53 11 0.000000
53 12 0.000000
53 13 0.000000
53 14 0.000000
53 15 0.000000
53 16 0.000000
53 17 0.000000
53 18 0.000000
53 19 0.000000
53 20 0.000000
53 21 0.000000
53 22 0.000000
53 23 0.000000
53 24 0.000000
53 25 0.000000
53 26 0.000000
53 27 0.000000
53 28 0.000000
53 29 0.000000
53 30 0.000000
53 31 0.000000
53 32 0.000000
53 33 0.000000
53 34 0.000000
53 35 0.000000
53 36 0.000000
53 37 0.000000
53 38 0.000000
53 39 0.000000
53 40 0.000000
53 41 0.000000
53 42 0.000000
53 43 0.000000
53 44 0.000000
53 45 0.000000
53 46 0.000000
53 47 0.000000
53 48 0.000000
53 49 0.000000
53 50 0.000000
53 51 0.000000
53 52 0.000000
53 53 0.000000
53 54 0.000000
53 55 0.000000
53 56 0.000000
53 57 0.000000
53 58 0.000000
53 59 0.000000
53 60 0.000000
53 61 0.000000
53 62 0.000000
53 63 0.000000
54 0 0.000000
54 1 0.000000
54 2 0.000000
54 3 0.000000
54 4 0.000000
54 5 0.000000
54 6 0.000000
54 7 0.000000
54 8 0.000000
54 9 0.000000
54 10 0.000000
54 11 0.000000
54 12 0.000000
54 13 0.000000
54 14 0.000000
54 15 0.000000
54 16 0.000000
54 17 0.000000
54 18 0.000000
54 19 0.000000
54 20 0.000000
54 21 0.000000
54 22 0.000000
54 23 0.000000
54 24 0.000000
54 25 0.000000
54 26 0.000000
54 27 0.000000
54 28 0.000000
54 29 0.000000
54 30 0.000000
54 31 0.000000
54 32 0.000000
54 33 0.000000
54 34 0.000000
54 35 0.000000
54 36 0.000000
54 37 0.000000
54 38 0.000000
54 39 0.000000
54 40 0.000000
54 41 0.000000
54 42 0.000000
54 43 0.000000
54 44 0.000000
54 45 0.000000
54 46 0.000000
54 47 0.000000
54 48 0.000000
54 49 0.000000
54 50 0.000000
54 51 0.000000
54 52 0.000000
54 53 0.000000
54 54 0.000000
54 55 0.000000
54 56 0.000000
54 57 0.000000
54 58 0.000000
54 59 0.000000
54 60 0.000000
54 61 0.000000
54 62 0.000000
54 63 0.000000
55 0 0.000000
55 1 0.000000
55 2 0.000000
55 3 0.000000
55 4 0.000000
55 5 0.000000
55 6 0.000000
55 7 0.000000
55 8 0.000000
55 9 0.000000
55 10 0.000000
55 11 0.000000
55 12 0.000000
55 13 0.000000
55 14 0.000000
55 15 0.000000
55 16 0.000000
55 17 0.000000
55 18 0.000000
55 19 0.000000
55 20 0.000000
55 21 0.000000
55 22 0.000000
55 23 0.000000
55 24 0.000000
55 25 0.000000
55 26 0.000000
55 27 0.000000
55 28 0.000000
55 29 0.000000
55 30 0.000000
55 31 0.000000
55 32 0.000000
55 33 0.000000
55 34 0.000000
55 35 0.000000
55 36 0.000000
55 37 0.000000
55 38 0.000000
55 39 0.000000
55 40 0.000000
55 41 0.000000
55 42 0.000000
55 43 0.000000
55 44 0.000000
55 45 0.000000
55 46 0.000000
55 47 0.000000
55 48 0.000000
55 49 0.000000
55 50 0.000000
55 51 0.000000
55 52 0.000000
55 53 0.000000
55 54 0.000000
55 55 0.000000
55 56 0.000000
55 57 0.000000
55 58 0.000000
55 59 0.000000
55 60 0.000000
55 61 0.000000
55 62 0.000000
55 63 0.000000
56 0 0.000000
56 1 0.000000
56 2 0.000000
56 3 0.000000
56 4 0.000000
56 5 0.000000
56 6 0.000000
56 7 0.000000
56 8 0.000000
56 9 0.000000
56 10 0.000000
56 11 0.000000
56 12 0.000000
56 13 0.000000
56 14 0.000000
56 15 0.000000
56 16 0.000000
56 17 0.000000
56 18 0.000000
56 19 0.000000
56 20 0.000000
56 21 0.000000
56 22 0.000000
56 23 0.000000
56 24 0.000000
56 25 0.000000
56 26 0.000000
56 27 0.000000
56 28 0.000000
56 29 0.000000
56 30 0.000000
56 31 0.000000
56 32 0.000000
56 33 0.000000
56 34 0.000000
56 35 0.000000
56 36 0.000000
56 37 0.000000
56 38 0.000000
56 39 0.000000
56 40 0.000000
56 41 0.000000
56 42 0.000000
56 43 0.000000
56 44 0.000000
56 45 0.000000
56 46 0.000000
56 47 0.000000
56 48 0.000000
56 49 0.000000
56 50 0.000000
56 51 0.000000
56 52 0.000000
56 53 0.000000
56 54 0.000000
56 55 0.000000
56 56 0.000000
56 57 0.000000
56 58 0.000000
56 59 0.000000
56 60 0.000000
56 61 0.000000
56 62 0.000000
56 63 0.000000
57 0 0.000000
57 1 0.000000
57 2 0.000000
57 3 0.000000
57 4 0.000000
57 5 0.000000
57 6 0.000000
57 7 0.000000
57 8 0.000000
57 9 0.000000
57 10 0.000000
57 11 0.000000
57 12 0.000000
57 13 0.000000
57 14 0.000000
57 15 0.000000
57 16 0.000000
57 17 0.000000
57 18 0.000000
57 19 0.000000
57 20 0.000000
57 21 0.000000
57 22 0.000000
57 23 0.000000
57 24 0.000000
57 25 0.000000
57 26 0.000000
57 27 0.000000
57 28 0.000000
57 29 0.000000
57 30 0.000000
57 31 0.000000
57 32 0.000000
57 33 0.000000
57 34 0.000000
57 35 0.000000
57 36 0.000000
57 37 0.000000
57 38 0.000000
57 39 0.000000
57 40 0.000000
57 41 0.000000
57 42 0.000000
57 43 0.000000
57 44 0.000000
57 45 0.000000
57 46 0.000000
57 47 0.000000
57 48 0.000000
57 49 0.000000
57 50 0.000000
57 51 0.000000
57 52 0.000000
57 53 0.000000
57 54 0.000000
57 55 0.000000
57 56 0.000000
57 57 0.000000
57 58 0.000000
57 59 0.000000
57 60 0.000000
57 61 0.000000
57 62 0.000000
57 63 0.000000
58 0 0.000000
58 1 0.000000
58 2 0.000000
58 3 0.000000
58 4 0.000000
58 5 0.000000
58 6 0.000000
58 7 0.000000
58 8 0.000000
58 9 0.000000
58 10 0.000000
58 11 0.000000
58 12 0.000000
58 13 0.000000
58 14 0.000000
58 15 0.000000
58 16 0.000000
58 17 0.000000
58 18 0.000000
58 19 0.000000
58 20 0.000000
58 21 0.000000
58 22 0.000000
58 23 0.000000
58 24 0.000000
58 25 0.000000
58 26 0.000000
58 27 0.000000
58 28 0.000000
58 29 0.000000
58 30 0.000000
58 31 0.000000
58 32 0.000000
58 33 0.000000
58 34 0.000000
58 35 0.000000
58 36 0.000000
58 37 0.000000
58 38 0.000000
58 39 0.000000
58 40 0.000000
58 41 0.000000
58 42 0.000000
58 43 0.000000
58 44 0.000000
58 45 0.000000
58 46 0.000000
58 47 0.000000
58 48 0.000000
58 49 0.000000
58 50 0.000000
58 51 0.000000
58 52 0.000000
58 53 0.000000
58 54 0.000000
58 55 0.000000
58 56 0.000000
58 57 0.000000
58 58 0.000000
58 59 0.000000
58 60 0.000000
58 61 0.000000
58 62 0.000000
58 63 0.000000
59 0 0.000000
59 1 0.000000
59 2 0.000000
59 3 0.000000
59 4 0.000000
59 5 0.000000
59 6 0.000000
59 7 0.000000
59 8 0.000000
59 9 0.000000
59 10 0.000000
59 11 0.000000
59 12 0.000000
59 13 0.000000
59 14 0.000000
59 15 0.000000
59 16 0.000000
59 17 0.000000
59 18 0.000000
59 19 0.000000
59 20 0.000000
59 21 0.000000
59 22 0.000000
59 23 0.000000
59 24 0.000000
59 25 0.000000
59 26 0.000000
59 27 0.000000
59 28 0.000000
59 29 0.000000
59 30 0.000000
59 31 0.000000
59 32 0.000000
59 33 0.000000
59 34 0.000000
59 35 0.000000
59 36 0.000000
59 37 0.000000
59 38 0.000000
59 39 0.000000
59 40 0.000000
59 41 0.000000
59 42 0.000000
59 43 0.000000
59 44 0.000000
59 45 0.000000
59 46 0.000000
59 47 0.000000
59 48 0.000000
59 49 0.000000
59 50 0.000000
59 51 0.000000
59 52 0.000000
59 53 0.000000
59 54 0.000000
59 55 0.000000
59 56 0.000000
59 57 0.000000
59 58 0.000000
59 59 0.000000
59 60 0.000000
59 61 0.000000
59 62 0.000000
59 63 0.000000
60 0 0.000000
60 1 0.000000
60 2 0.000000
60 3 0.000000
60 4 0.000000
60 5 0.000000
60 6 0.000000
60 7 0.000000
60 8 0.000000
60 9 0.000000
60 10 0.000000
60 11 0.000000
60 12 0.000000
60 13 0.000000
60 14 0.000000
60 15 0.000000
60 16 0.000000
60 17 0.000000
60 18 0.000000
60 19 0.000000
60 20 0.000000
60 21 0.000000
60 22 0.000000
60 23 0.000000
60 24 0.000000
60 25 0.000000
60 26 0.000000
60 27 0.000000
60 28 0.000000
60 29 0.000000
60 30 0.000000
60 31 0.000000
60 32 0.000000
60 33 0.000000
60 34 0.000000
60 35 0.000000
60 36 0.000000
60 37 0.000000
60 38 0.000000
60 39 0.000000
60 40 0.000000
60 41 0.000000
60 42 0.000000
60 43 0.000000
60 44 0.000000
60 45 0.000000
60 46 0.000000
60 47 0.000000
60 48 0.000000
60 49 0.000000
60 50 0.000000
60 51 0.000000
60 52 0.000000
60 53 0.000000
60 54 0.000000
60 55 0.000000
60 56 0.000000
60 57 0.000000
60 58 0.000000
60 59 0.000000
60 60 0.000000
60 61 0.000000
60 62 0.000000
60 63 0.000000
61 0 0.000000
61 1 0.000000
61 2 0.000000
61 3 0.000000
61 4 0.000000
61 5 0.000000
61 6 0.000000
61 7 0.000000
61 8 0.000000
61 9 0.000000
61 10 0.000000
61 11 0.000000
61 12 0.000000
61 13 0.000000
61 14 0.000000
61 15 0.000000
61 16 0.000000
61 17 0.000000
61 18 0.000000
61 19 0.000000
61 20 0.000000
61 21 0.000000
61 22 0.000000
61 23 0.000000
61 24 0.000000
61 25 0.000000
61 26 0.000000
61 27 0.000000
61 28 0.000000
61 29 0.000000
61 30 0.000000
61 31 0.000000
61 32 0.000000
61 33 0.000000
61 34 0.000000
61 35 0.000000
61 36 0.000000
61 37 0.000000
61 38 0.000000
61 39 0.000000
61 40 0.000000
61 41 0.000000
61 42 0.000000
61 43 0.000000
61 44 0.000000
61 45 0.000000
61 46 0.000000
61 47 0.000000
61 48 0.000000
61 49 0.000000
61 50 0.000000
61 51 0.000000
61 52 0.000000
61 53 0.000000
61 54 0.000000
61 55 0.000000
61 56 0.000000
61 57 0.000000
61 58 0.000000
61 59 0.000000
61 60 0.000000
61 61 0.000000
61 62 0.000000
61 63 0.000000
62 0 0.000000
62 1 0.000000
62 2 0.000000
62 3 0.000000
62 4 0.000000
62 5 0.000000
62 6 0.000000
62 7 0.000000
62 8 0.000000
62 9 0.000000
62 10 0.000000
62 11 0.000000
62 12 0.000000
62 13 0.000000
62 14 0.000000
62 15 0.000000
62 16 0.000000
62 17 0.000000
62 18 0.000000
62 19 0.000000
62 20 0.000000
62 21 0.000000
62 22 0.000000
62 23 0.000000
62 24 0.000000
62 25 0.000000
62 26 0.000000
62 27 0.000000
62 28 0.000000
62 29 0.000000
62 30 0.000000
62 31 0.000000
62 32 0.000000
62 33 0.000000
62 34 0.000000
62 35 0.000000
62 36 0.000000
62 37 0.000000
62 38 0.000000
62 39 0.000000
62 40 0.000000
62 41 0.000000
62 42 0.000000
62 43 0.000000
62 44 0.000000
62 45 0.000000
62 46 0.000000
62 47 0.000000
62 48 0.000000
62 49 0.000000
62 50 0.000000
62 51 0.000000
62 52 0.000000
62 53 0.000000
62 54 0.000000
62 55 0.000000
62 56 0.000000
62 57 0.000000
62 58 0.000000
62 59 0.000000
62 60 0.000000
62 61 0.000000
62 62 0.000000
62 63 0.000000
63 0 0.000000
63 1 0.000000
63 2 0.000000
63 3 0.000000
63 4 0.000000
63 5 0.000000
63 6 0.000000
63 7 0.000000
63 8 0.000000
63 9 0.000000
63 10 0.000000
63 11 0.000000
63 12 0.000000
63 13 0.000000
63 14 0.000000
63 15 0.000000
63 16 0.000000
63 17 0.000000
63 18 0.000000
63 19 0.000000
63 20 0.000000
63 21 0.000000
63 22 0.000000
63 23 0.000000
63 24 0.000000
63 25 0.000000
63 26 0.000000
63 27 0.000000
63 28 0.000000
63 29 0.000000
63 30 0.000000
63 31 0.000000
63 32 0.000000
63 33 0.000000
63 34 0.000000
63 35 0.000000
63 36 0.000000
63 37 0.000000
63 38 0.000000
63 39 0.000000
63 40 0.000000
63 41 0.000000
63 42 0.000000
63 43 0.000000
63 44 0.000000
63 45 0.000000
63 46 0.000000
63 47 0.000000
63 48 0.000000
63 49 0.000000
63 50 0.000000
63 51 0.000000
63 52 0.000000
63 53 0.000000
63 54 0.000000
63 55 0.000000
63 56 0.000000
63 57 0.000000
63 58 0.000000
63 59 0.000000
63 60 0.000000
63 61 0.000000
63 62 0.000000
63 63 0.000000
