0 0 2.699997
0 1 3.050001
0 2 3.050001
0 3 3.050001
0 4 3.050001
0 5 3.050001
0 6 3.050001
0 7 3.050001
0 8 3.050001
0 9 3.050001
0 10 3.050001
0 11 3.050001
0 12 3.050001
0 13 3.050001
0 14 3.050001
0 15 3.050001
0 16 3.050001
0 17 3.050000
0 18 3.050001
0 19 3.050001
0 20 3.050001
0 21 3.050000
0 22 3.050000
0 23 3.050001
0 24 3.050001
0 25 3.050001
0 26 3.050001
0 27 3.050001
0 28 3.050000
0 29 3.050001
0 30 3.050000
0 31 3.050001
1 0 4.266548
1 1 4.283519
1 2 4.346282
1 3 4.357595
1 4 4.422297
1 5 4.439267
1 6 4.456239
1 7 4.473208
1 8 4.490179
1 9 4.607151
1 10 4.624121
1 11 4.641090
1 12 4.658062
1 13 4.675032
1 14 4.740624
1 15 4.751939
1 16 4.813812
1 17 4.830783
1 18 4.847754
1 19 4.864725
1 20 4.881695
1 21 4.898666
1 22 5.015635
1 23 5.032606
1 24 5.049578
1 25 5.066547
1 26 5.083518
1 27 5.146281
1 28 5.157597
1 29 5.222298
1 30 5.239268
1 31 5.256238
2 0 3.080669
2 1 3.020734
2 2 3.009419
2 3 2.998106
2 4 2.986792
2 5 2.975478
2 6 2.917438
2 7 2.911782
2 8 2.906124
2 9 2.900467
2 10 2.894810
2 11 2.889153
2 12 2.883497
2 13 2.826390
2 14 2.815076
2 15 2.803763
2 16 2.792449
2 17 2.781135
2 18 2.669821
2 19 2.658508
2 20 2.647193
2 21 2.635880
2 22 2.624566
2 23 2.613252
2 24 2.601939
2 25 2.590625
2 26 2.525033
2 27 2.508062
2 28 2.491092
2 29 2.474121
2 30 2.457151
2 31 2.340180
3 0 0.000000
3 1 0.000000
3 2 0.000000
3 3 0.000000
3 4 0.000000
3 5 0.000000
3 6 0.000000
3 7 0.000000
3 8 0.000000
3 9 0.000000
3 10 0.000000
3 11 0.000000
3 12 0.000000
3 13 0.000000
3 14 0.000000
3 15 0.000000
3 16 0.000000
3 17 0.000000
3 18 0.000000
3 19 0.000000
3 20 0.000000
3 21 0.000000
3 22 0.000000
3 23 0.000000
3 24 0.000000
3 25 0.000000
3 26 0.000000
3 27 0.000000
3 28 0.000000
3 29 0.000000
3 30 0.000000
3 31 0.000000
4 0 0.000000
4 1 0.000000
4 2 0.000000
4 3 0.000000
4 4 0.000000
4 5 0.000000
4 6 0.000000
4 7 0.000000
4 8 0.000000
4 9 0.000000
4 10 0.000000
4 11 0.000000
4 12 0.000000
4 13 0.000000
4 14 0.000000
4 15 0.000000
4 16 0.000000
4 17 0.000000
4 18 0.000000
4 19 0.000000
4 20 0.000000
4 21 0.000000
4 22 0.000000
4 23 0.000000
4 24 0.000000
4 25 0.000000
4 26 0.000000
4 27 0.000000
4 28 0.000000
4 29 0.000000
4 30 0.000000
4 31 0.000000
5 0 0.000000
5 1 0.000000
5 2 0.000000
5 3 0.000000
5 4 0.000000
5 5 0.000000
5 6 0.000000
5 7 0.000000
5 8 0.000000
5 9 0.000000
5 10 0.000000
5 11 0.000000
5 12 0.000000
5 13 0.000000
5 14 0.000000
5 15 0.000000
5 16 0.000000
5 17 0.000000
5 18 0.000000
5 19 0.000000
5 20 0.000000
5 21 0.000000
5 22 0.000000
5 23 0.000000
5 24 0.000000
5 25 0.000000
5 26 0.000000
5 27 0.000000
5 28 0.000000
5 29 0.000000
5 30 0.000000
5 31 0.000000
6 0 0.000000
6 1 0.000000
6 2 0.000000
6 3 0.000000
6 4 0.000000
6 5 0.000000
6 6 0.000000
6 7 0.000000
6 8 0.000000
6 9 0.000000
6 10 0.000000
6 11 0.000000
6 12 0.000000
6 13 0.000000
6 14 0.000000
6 15 0.000000
6 16 0.000000
6 17 0.000000
6 18 0.000000
6 19 0.000000
6 20 0.000000
6 21 0.000000
6 22 0.000000
6 23 0.000000
6 24 0.000000
6 25 0.000000
6 26 0.000000
6 27 0.000000
6 28 0.000000
6 29 0.000000
6 30 0.000000
6 31 0.000000
7 0 0.000000
7 1 0.000000
7 2 0.000000
7 3 0.000000
7 4 0.000000
7 5 0.000000
7 6 0.000000
7 7 0.000000
7 8 0.000000
7 9 0.000000
7 10 0.000000
7 11 0.000000
7 12 0.000000
7 13 0.000000
7 14 0.000000
7 15 0.000000
7 16 0.000000
7 17 0.000000
7 18 0.000000
7 19 0.000000
7 20 0.000000
7 21 0.000000
7 22 0.000000
7 23 0.000000
7 24 0.000000
7 25 0.000000
7 26 0.000000
7 27 0.000000
7 28 0.000000
7 29 0.000000
7 30 0.000000
7 31 0.000000
8 0 0.000000
8 1 0.000000
8 2 0.000000
8 3 0.000000
8 4 0.000000
8 5 0.000000
8 6 0.000000
8 7 0.000000
8 8 31099201902840496783360.000000
8 9 1561879594494502895616.000000
8 10 -1810868981193028665344.000000
8 11 136535125499833061736448.000000
8 12 -1304252162973192159232.000000
8 13 1869392836138243194880.000000
8 14 -1109962230711313235968.000000
8 15 -3450488023605340798976.000000
8 16 -3333329694049064452096.000000
8 17 -2591840444375160061952.000000
8 18 -3114311762870689333248.000000
8 19 -13543660522692503666688.000000
8 20 -3658248926040126652416.000000
8 21 134834629330932745633792.000000
8 22 -17950532963166242996224.000000
8 23 -10031956195252222558208.000000
8 24 0.000000
8 25 0.000000
8 26 0.000000
8 27 0.000000
8 28 0.000000
8 29 0.000000
8 30 0.000000
8 31 0.000000
9 0 0.000000
9 1 0.000000
9 2 0.000000
9 3 0.000000
9 4 0.000000
9 5 0.000000
9 6 0.000000
9 7 0.000000
9 8 17513743472006367543296.000000
9 9 1079561948064143900672.000000
9 10 8450061196638801625088.000000
9 11 5833457428237568180224.000000
9 12 5085933073588010614784.000000
9 13 589302414797149569024.000000
9 14 -276057216727673470976.000000
9 15 -2380106522644103299072.000000
9 16 -2324336759608514183168.000000
9 17 -1886806144834959572992.000000
9 18 -1964504919618634121216.000000
9 19 -6138829630470958874624.000000
9 20 -11096835704843696865280.000000
9 21 -5539678054394982563840.000000
9 22 -8614438079438197358592.000000
9 23 -4975725487106627207168.000000
9 24 0.000000
9 25 0.000000
9 26 0.000000
9 27 0.000000
9 28 0.000000
9 29 0.000000
9 30 0.000000
9 31 0.000000
10 0 0.000000
10 1 0.000000
10 2 0.000000
10 3 0.000000
10 4 0.000000
10 5 0.000000
10 6 0.000000
10 7 0.000000
10 8 17485459740446573985792.000000
10 9 1046416017756650471424.000000
10 10 7280031079997527556096.000000
10 11 7000662662012574105600.000000
10 12 2154919645138649088000.000000
10 13 279056244643595288576.000000
10 14 -869170661971996966912.000000
10 15 -2413264556375595286528.000000
10 16 -2049536539758086324224.000000
10 17 -2240163778885517836288.000000
10 18 -1757834169768648638464.000000
10 19 -5654157305122926886912.000000
10 20 -6483776088529960960000.000000
10 21 -12699930272803057565696.000000
10 22 -9353085839222207676416.000000
10 23 -4892933563356861693952.000000
10 24 0.000000
10 25 0.000000
10 26 0.000000
10 27 0.000000
10 28 0.000000
10 29 0.000000
10 30 0.000000
10 31 0.000000
11 0 0.000000
11 1 0.000000
11 2 0.000000
11 3 0.000000
11 4 0.000000
11 5 0.000000
11 6 0.000000
11 7 0.000000
11 8 143870552544097106657280.000000
11 9 6290285685939428655104.000000
11 10 6273237872499971063808.000000
11 11 3338542610617745801216.000000
11 12 1556268250096287612928.000000
11 13 489592894969027231744.000000
11 14 -819559712164325359616.000000
11 15 -2409914159727808348160.000000
11 16 -1887555009010498273280.000000
11 17 -2115189733650916704256.000000
11 18 -1784441436367153528832.000000
11 19 -5959056066445490257920.000000
11 20 -5416281113454891237376.000000
11 21 -10357210663940547149824.000000
11 22 -13090653569274467057664.000000
11 23 -7858275820703343181824.000000
11 24 0.000000
11 25 0.000000
11 26 0.000000
11 27 0.000000
11 28 0.000000
11 29 0.000000
11 30 0.000000
11 31 0.000000
12 0 0.000000
12 1 0.000000
12 2 0.000000
12 3 0.000000
12 4 0.000000
12 5 0.000000
12 6 0.000000
12 7 0.000000
12 8 25108880721881893699584.000000
12 9 8288907765272696324096.000000
12 10 2694326609295416754176.000000
12 11 2846611890045276127232.000000
12 12 1466019913475968466944.000000
12 13 738080376599705812992.000000
12 14 -696322437904773152768.000000
12 15 -2316251953852454010880.000000
12 16 -2173428595182211694592.000000
12 17 -2047081796486192693248.000000
12 18 -1534380192957313581056.000000
12 19 -6264816141196788236288.000000
12 20 -5192033940159185551360.000000
12 21 -10782729897032927936512.000000
12 22 -9921773378568789688320.000000
12 23 -7124878695134893441024.000000
12 24 0.000000
12 25 0.000000
12 26 0.000000
12 27 0.000000
12 28 0.000000
12 29 0.000000
12 30 0.000000
12 31 0.000000
13 0 0.000000
13 1 0.000000
13 2 0.000000
13 3 0.000000
13 4 0.000000
13 5 0.000000
13 6 0.000000
13 7 0.000000
13 8 27572824847814242598912.000000
13 9 6173473570604506415104.000000
13 10 3347270023745636401152.000000
13 11 2604336525966229635072.000000
13 12 1518119383552738983936.000000
13 13 824472787514065682432.000000
13 14 -1019603133687658446848.000000
13 15 -1604420596574644600832.000000
13 16 -1719207358714645315584.000000
13 17 -1919010119132890791936.000000
13 18 -2625862043335200342016.000000
13 19 -6634268936628126875648.000000
13 20 -6501791612939349786624.000000
13 21 -11639940546507000774656.000000
13 22 -6961383954912508903424.000000
13 23 -3446693177969327734784.000000
13 24 0.000000
13 25 0.000000
13 26 0.000000
13 27 0.000000
13 28 0.000000
13 29 0.000000
13 30 0.000000
13 31 0.000000
14 0 0.000000
14 1 0.000000
14 2 0.000000
14 3 0.000000
14 4 0.000000
14 5 0.000000
14 6 0.000000
14 7 0.000000
14 8 23983973858757104893952.000000
14 9 5759972756067717218304.000000
14 10 3547046888466024497152.000000
14 11 2855304681751031316480.000000
14 12 1459244810786542977024.000000
14 13 808118035836013903872.000000
14 14 -1085189336536031690752.000000
14 15 -1502814322431585419264.000000
14 16 -1613617650701176930304.000000
14 17 -1753123686033395810304.000000
14 18 -3132699960149243068416.000000
14 19 -6449195761741150027776.000000
14 20 -6332252479067080622080.000000
14 21 -11117151442762765172736.000000
14 22 -6778327829708640616448.000000
14 23 -3055674332772372054016.000000
14 24 0.000000
14 25 0.000000
14 26 0.000000
14 27 0.000000
14 28 0.000000
14 29 0.000000
14 30 0.000000
14 31 0.000000
15 0 0.000000
15 1 0.000000
15 2 0.000000
15 3 0.000000
15 4 0.000000
15 5 0.000000
15 6 0.000000
15 7 0.000000
15 8 32238511277573616435200.000000
15 9 6193310801063166607360.000000
15 10 3696308565016058003456.000000
15 11 2699106054399963693056.000000
15 12 1438250999648578699264.000000
15 13 1066657587019355521024.000000
15 14 -949921469928145158144.000000
15 15 -1460425598313844178944.000000
15 16 -1730529548915343097856.000000
15 17 -1420956473392034217984.000000
15 18 -3444461081404012232704.000000
15 19 -6407710290823673282560.000000
15 20 -6335298038315089920000.000000
15 21 -10906411127699497025536.000000
15 22 -6632314937339801501696.000000
15 23 -2984947552424332099584.000000
15 24 0.000000
15 25 0.000000
15 26 0.000000
15 27 0.000000
15 28 0.000000
15 29 0.000000
15 30 0.000000
15 31 0.000000
16 0 0.000000
16 1 0.000000
16 2 0.000000
16 3 0.000000
16 4 0.000000
16 5 0.000000
16 6 0.000000
16 7 0.000000
16 8 739028016714947718283264.000000
16 9 7502531419587766910976.000000
16 10 3785372877146843774976.000000
16 11 2425050758075400585216.000000
16 12 1728856320916286603264.000000
16 13 926564676360694923264.000000
16 14 -988890976766293704704.000000
16 15 -1105196788986857652224.000000
16 16 -1685415302598112575488.000000
16 17 -1658766377703054508032.000000
16 18 -3529608106283915804672.000000
16 19 -5946519733932751060992.000000
16 20 -6864802009103734931456.000000
16 21 -10782925803616718553088.000000
16 22 -6344881698322134335488.000000
16 23 -3014696079762927910912.000000
16 24 0.000000
16 25 0.000000
16 26 0.000000
16 27 0.000000
16 28 0.000000
16 29 0.000000
16 30 0.000000
16 31 0.000000
17 0 0.000000
17 1 0.000000
17 2 0.000000
17 3 0.000000
17 4 0.000000
17 5 0.000000
17 6 0.000000
17 7 0.000000
17 8 2205929384843084300288.000000
17 9 7465432454707349028864.000000
17 10 3952983625953668235264.000000
17 11 2814399612235531943936.000000
17 12 1911839966313651896320.000000
17 13 708340997197853097984.000000
17 14 -919324506640999251968.000000
17 15 -1063783305294674657280.000000
17 16 -1823711699217917411328.000000
17 17 -1571737974078816911360.000000
17 18 -3892694500692012826624.000000
17 19 -5629872770032238329856.000000
17 20 -7248000916497715167232.000000
17 21 -10624880981893405736960.000000
17 22 -6150582899598489026560.000000
17 23 -2876862850217300459520.000000
17 24 0.000000
17 25 0.000000
17 26 0.000000
17 27 0.000000
17 28 0.000000
17 29 0.000000
17 30 0.000000
17 31 0.000000
18 0 0.000000
18 1 0.000000
18 2 0.000000
18 3 0.000000
18 4 0.000000
18 5 0.000000
18 6 0.000000
18 7 0.000000
18 8 2630058553762979512320.000000
18 9 7639270837373896753152.000000
18 10 4212674409791756435456.000000
18 11 2726339884296626503680.000000
18 12 1578798773869603717120.000000
18 13 612055655645787979776.000000
18 14 -762238881269572173824.000000
18 15 -1234213307468233048064.000000
18 16 -1671516068248140382208.000000
18 17 -1002649473627910569984.000000
18 18 -4242613495689585360896.000000
18 19 -5470821956742161629184.000000
18 20 -7356183009046688694272.000000
18 21 -10406409112169849290752.000000
18 22 -5952101945670876790784.000000
18 23 -2761612921003122360320.000000
18 24 0.000000
18 25 0.000000
18 26 0.000000
18 27 0.000000
18 28 0.000000
18 29 0.000000
18 30 0.000000
18 31 0.000000
19 0 0.000000
19 1 0.000000
19 2 0.000000
19 3 0.000000
19 4 0.000000
19 5 0.000000
19 6 0.000000
19 7 0.000000
19 8 6419631319037322985472.000000
19 9 8605470286680195858432.000000
19 10 4417840394416246751232.000000
19 11 2414110388680610807808.000000
19 12 1745501765876536311808.000000
19 13 638379688048977772544.000000
19 14 -634046169676284690432.000000
19 15 -1226892706273942306816.000000
19 16 -1578677598892129779712.000000
19 17 -1129881792600661295104.000000
19 18 -4541040302872640618496.000000
19 19 -5092993591903820709888.000000
19 20 -7826920634197682946048.000000
19 21 -10081975424513612972032.000000
19 22 -5684584750105348800512.000000
19 23 -2892758023627127914496.000000
19 24 0.000000
19 25 0.000000
19 26 0.000000
19 27 0.000000
19 28 0.000000
19 29 0.000000
19 30 0.000000
19 31 0.000000
20 0 0.000000
20 1 0.000000
20 2 0.000000
20 3 0.000000
20 4 0.000000
20 5 0.000000
20 6 0.000000
20 7 0.000000
20 8 9095142170564562518016.000000
20 9 12623269999945956982784.000000
20 10 4741006881727331696640.000000
20 11 2501853175795740049408.000000
20 12 1618878980965852512256.000000
20 13 353834347107989848064.000000
20 14 -317369721271961518080.000000
20 15 -833053481810345852928.000000
20 16 -1555767646850207711232.000000
20 17 -1383685386563357769728.000000
20 18 -4597820279599644278784.000000
20 19 -4777125750738843074560.000000
20 20 -8174442025343634112512.000000
20 21 -9858306400820070973440.000000
20 22 -5565679586843606122496.000000
20 23 -4272346541904462086144.000000
20 24 0.000000
20 25 0.000000
20 26 0.000000
20 27 0.000000
20 28 0.000000
20 29 0.000000
20 30 0.000000
20 31 0.000000
21 0 0.000000
21 1 0.000000
21 2 0.000000
21 3 0.000000
21 4 0.000000
21 5 0.000000
21 6 0.000000
21 7 0.000000
21 8 362998416589376339312640.000000
21 9 13583412670703396192256.000000
21 10 8855466790845392355328.000000
21 11 3124457809881201639424.000000
21 12 1381278634774993305600.000000
21 13 357835584270676000768.000000
21 14 -113233442481022959616.000000
21 15 -1049693090173004283904.000000
21 16 -1396142765345129627648.000000
21 17 -1234250039952693788672.000000
21 18 -5006336453773864468480.000000
21 19 -4551345664719971155968.000000
21 20 -8434246806547290128384.000000
21 21 -9756848182514761596928.000000
21 22 -6706167215829236580352.000000
21 23 -2571452648862053826560.000000
21 24 0.000000
21 25 0.000000
21 26 0.000000
21 27 0.000000
21 28 0.000000
21 29 0.000000
21 30 0.000000
21 31 0.000000
22 0 0.000000
22 1 0.000000
22 2 0.000000
22 3 0.000000
22 4 0.000000
22 5 0.000000
22 6 0.000000
22 7 0.000000
22 8 -531843098213854740480.000000
22 9 5515204368119944445952.000000
22 10 15619987709996421873664.000000
22 11 7034901841129611722752.000000
22 12 1727447679395338125312.000000
22 13 797270623552282820608.000000
22 14 -260826218709766897664.000000
22 15 -1399125414935844093952.000000
22 16 -1144286837483782537216.000000
22 17 -1136901497044848345088.000000
22 18 -4984202950455198744576.000000
22 19 -4511251524612375183360.000000
22 20 -8685580879801815662592.000000
22 21 -9866529973739649499136.000000
22 22 -8211689609011755220992.000000
22 23 -1699609241248700825600.000000
22 24 0.000000
22 25 0.000000
22 26 0.000000
22 27 0.000000
22 28 0.000000
22 29 0.000000
22 30 0.000000
22 31 0.000000
23 0 0.000000
23 1 0.000000
23 2 0.000000
23 3 0.000000
23 4 0.000000
23 5 0.000000
23 6 0.000000
23 7 0.000000
23 8 -529359503756848267264.000000
23 9 5663803452574801068032.000000
23 10 1428775707507567886336.000000
23 11 10200956023069114105856.000000
23 12 6036519105936169631744.000000
23 13 1074594055462689177600.000000
23 14 -420618401904127377408.000000
23 15 -1011916333548667142144.000000
23 16 -1141243248560610213888.000000
23 17 -1421147031951267332096.000000
23 18 -5150465152648602451968.000000
23 19 -4553123460672875659264.000000
23 20 -8898054517771668029440.000000
23 21 -12775213570074089619456.000000
23 22 -4370526139681045741568.000000
23 23 -2272526786545290575872.000000
23 24 0.000000
23 25 0.000000
23 26 0.000000
23 27 0.000000
23 28 0.000000
23 29 0.000000
23 30 0.000000
23 31 0.000000
24 0 0.000000
24 1 0.000000
24 2 0.000000
24 3 0.000000
24 4 0.000000
24 5 0.000000
24 6 0.000000
24 7 0.000000
24 8 0.000000
24 9 0.000000
24 10 0.000000
24 11 0.000000
24 12 0.000000
24 13 0.000000
24 14 0.000000
24 15 0.000000
24 16 0.000000
24 17 0.000000
24 18 0.000000
24 19 0.000000
24 20 0.000000
24 21 0.000000
24 22 0.000000
24 23 0.000000
24 24 0.000000
24 25 0.000000
24 26 0.000000
24 27 0.000000
24 28 0.000000
24 29 0.000000
24 30 0.000000
24 31 0.000000
25 0 0.000000
25 1 0.000000
25 2 0.000000
25 3 0.000000
25 4 0.000000
25 5 0.000000
25 6 0.000000
25 7 0.000000
25 8 0.000000
25 9 0.000000
25 10 0.000000
25 11 0.000000
25 12 0.000000
25 13 0.000000
25 14 0.000000
25 15 0.000000
25 16 0.000000
25 17 0.000000
25 18 0.000000
25 19 0.000000
25 20 0.000000
25 21 0.000000
25 22 0.000000
25 23 0.000000
25 24 0.000000
25 25 0.000000
25 26 0.000000
25 27 0.000000
25 28 0.000000
25 29 0.000000
25 30 0.000000
25 31 0.000000
26 0 0.000000
26 1 0.000000
26 2 0.000000
26 3 0.000000
26 4 0.000000
26 5 0.000000
26 6 0.000000
26 7 0.000000
26 8 0.000000
26 9 0.000000
26 10 0.000000
26 11 0.000000
26 12 0.000000
26 13 0.000000
26 14 0.000000
26 15 0.000000
26 16 0.000000
26 17 0.000000
26 18 0.000000
26 19 0.000000
26 20 0.000000
26 21 0.000000
26 22 0.000000
26 23 0.000000
26 24 0.000000
26 25 0.000000
26 26 0.000000
26 27 0.000000
26 28 0.000000
26 29 0.000000
26 30 0.000000
26 31 0.000000
27 0 0.000000
27 1 0.000000
27 2 0.000000
27 3 0.000000
27 4 0.000000
27 5 0.000000
27 6 0.000000
27 7 0.000000
27 8 0.000000
27 9 0.000000
27 10 0.000000
27 11 0.000000
27 12 0.000000
27 13 0.000000
27 14 0.000000
27 15 0.000000
27 16 0.000000
27 17 0.000000
27 18 0.000000
27 19 0.000000
27 20 0.000000
27 21 0.000000
27 22 0.000000
27 23 0.000000
27 24 0.000000
27 25 0.000000
27 26 0.000000
27 27 0.000000
27 28 0.000000
27 29 0.000000
27 30 0.000000
27 31 0.000000
28 0 0.000000
28 1 0.000000
28 2 0.000000
28 3 0.000000
28 4 0.000000
28 5 0.000000
28 6 0.000000
28 7 0.000000
28 8 0.000000
28 9 0.000000
28 10 0.000000
28 11 0.000000
28 12 0.000000
28 13 0.000000
28 14 0.000000
28 15 0.000000
28 16 0.000000
28 17 0.000000
28 18 0.000000
28 19 0.000000
28 20 0.000000
28 21 0.000000
28 22 0.000000
28 23 0.000000
28 24 0.000000
28 25 0.000000
28 26 0.000000
28 27 0.000000
28 28 0.000000
28 29 0.000000
28 30 0.000000
28 31 0.000000
29 0 0.000000
29 1 0.000000
29 2 0.000000
29 3 0.000000
29 4 0.000000
29 5 0.000000
29 6 0.000000
29 7 0.000000
29 8 0.000000
29 9 0.000000
29 10 0.000000
29 11 0.000000
29 12 0.000000
29 13 0.000000
29 14 0.000000
29 15 0.000000
29 16 0.000000
29 17 0.000000
29 18 0.000000
29 19 0.000000
29 20 0.000000
29 21 0.000000
29 22 0.000000
29 23 0.000000
29 24 0.000000
29 25 0.000000
29 26 0.000000
29 27 0.000000
29 28 0.000000
29 29 0.000000
29 30 0.000000
29 31 0.000000
30 0 0.000000
30 1 0.000000
30 2 0.000000
30 3 0.000000
30 4 0.000000
30 5 0.000000
30 6 0.000000
30 7 0.000000
30 8 0.000000
30 9 0.000000
30 10 0.000000
30 11 0.000000
30 12 0.000000
30 13 0.000000
30 14 0.000000
30 15 0.000000
30 16 0.000000
30 17 0.000000
30 18 0.000000
30 19 0.000000
30 20 0.000000
30 21 0.000000
30 22 0.000000
30 23 0.000000
30 24 0.000000
30 25 0.000000
30 26 0.000000
30 27 0.000000
30 28 0.000000
30 29 0.000000
30 30 0.000000
30 31 0.000000
31 0 0.000000
31 1 0.000000
31 2 0.000000
31 3 0.000000
31 4 0.000000
31 5 0.000000
31 6 0.000000
31 7 0.000000
31 8 0.000000
31 9 0.000000
31 10 0.000000
31 11 0.000000
31 12 0.000000
31 13 0.000000
31 14 0.000000
31 15 0.000000
31 16 0.000000
31 17 0.000000
31 18 0.000000
31 19 0.000000
31 20 0.000000
31 21 0.000000
31 22 0.000000
31 23 0.000000
31 24 0.000000
31 25 0.000000
31 26 0.000000
31 27 0.000000
31 28 0.000000
31 29 0.000000
31 30 0.000000
31 31 0.000000
