0 0 0.000000
0 1 0.000000
0 2 0.000000
0 3 0.000000
0 4 0.000000
0 5 0.000000
0 6 0.000000
0 7 0.000000
0 8 0.000000
0 9 0.000000
0 10 0.000000
0 11 0.000000
0 12 0.000000
0 13 0.000000
0 14 0.000000
0 15 0.000000
1 0 0.000000
1 1 0.000000
1 2 0.000000
1 3 0.000000
1 4 0.000000
1 5 0.000000
1 6 0.000000
1 7 0.000000
1 8 0.000000
1 9 0.000000
1 10 0.000000
1 11 0.000000
1 12 0.000000
1 13 0.000000
1 14 0.000000
1 15 0.000000
2 0 0.000000
2 1 0.000000
2 2 0.000000
2 3 0.000000
2 4 0.000000
2 5 0.000000
2 6 0.000000
2 7 0.000000
2 8 0.000000
2 9 0.000000
2 10 0.000000
2 11 0.000000
2 12 0.000000
2 13 0.000000
2 14 0.000000
2 15 0.000000
3 0 0.000000
3 1 0.000000
3 2 0.000000
3 3 0.000000
3 4 0.000000
3 5 0.000000
3 6 0.000000
3 7 0.000000
3 8 0.000000
3 9 0.000000
3 10 0.000000
3 11 0.000000
3 12 0.000000
3 13 0.000000
3 14 0.000000
3 15 0.000000
4 0 0.000000
4 1 0.000000
4 2 0.000000
4 3 0.000000
4 4 27.159321
4 5 116.388161
4 6 55.663227
4 7 -132.623230
4 8 -130.326706
4 9 -128.839798
4 10 23.426142
4 11 29.560900
4 12 0.000000
4 13 0.000000
4 14 0.000000
4 15 0.000000
5 0 0.000000
5 1 0.000000
5 2 0.000000
5 3 0.000000
5 4 459.855408
5 5 -121.679848
5 6 55.213146
5 7 53.485142
5 8 58.556664
5 9 83.833481
5 10 42.188255
5 11 15.219005
5 12 0.000000
5 13 0.000000
5 14 0.000000
5 15 0.000000
6 0 0.000000
6 1 0.000000
6 2 0.000000
6 3 0.000000
6 4 -133.226562
6 5 -4.679081
6 6 15.918136
6 7 -50.736404
6 8 -34.852459
6 9 -29.389721
6 10 -22.715027
6 11 -28.705410
6 12 0.000000
6 13 0.000000
6 14 0.000000
6 15 0.000000
7 0 0.000000
7 1 0.000000
7 2 0.000000
7 3 0.000000
7 4 52.090797
7 5 2.253843
7 6 25.461184
7 7 27.081129
7 8 28.241619
7 9 5.099034
7 10 9.746931
7 11 31.655634
7 12 0.000000
7 13 0.000000
7 14 0.000000
7 15 0.000000
8 0 0.000000
8 1 0.000000
8 2 0.000000
8 3 0.000000
8 4 -45.116032
8 5 -8.974035
8 6 10.363659
8 7 -8.395896
8 8 -36.140621
8 9 -5.111290
8 10 7.229338
8 11 -6.783758
8 12 0.000000
8 13 0.000000
8 14 0.000000
8 15 0.000000
9 0 0.000000
9 1 0.000000
9 2 0.000000
9 3 0.000000
9 4 24.951120
9 5 -4.699122
9 6 -8.715557
9 7 -6.680493
9 8 -14.475373
9 9 -1.963165
9 10 13.755843
9 11 -10.401118
9 12 0.000000
9 13 0.000000
9 14 0.000000
9 15 0.000000
10 0 0.000000
10 1 0.000000
10 2 0.000000
10 3 0.000000
10 4 -284.872406
10 5 139.605225
10 6 -19.238163
10 7 13.592828
10 8 5.621844
10 9 -12.684108
10 10 10.464994
10 11 8.497848
10 12 0.000000
10 13 0.000000
10 14 0.000000
10 15 0.000000
11 0 0.000000
11 1 0.000000
11 2 0.000000
11 3 0.000000
11 4 248.670853
11 5 -5.064604
11 6 -13.428260
11 7 -35.267086
11 8 12.382433
11 9 -2.825777
11 10 -1.424812
11 11 16.504545
11 12 0.000000
11 13 0.000000
11 14 0.000000
11 15 0.000000
12 0 0.000000
12 1 0.000000
12 2 0.000000
12 3 0.000000
12 4 0.000000
12 5 0.000000
12 6 0.000000
12 7 0.000000
12 8 0.000000
12 9 0.000000
12 10 0.000000
12 11 0.000000
12 12 0.000000
12 13 0.000000
12 14 0.000000
12 15 0.000000
13 0 0.000000
13 1 0.000000
13 2 0.000000
13 3 0.000000
13 4 0.000000
13 5 0.000000
13 6 0.000000
13 7 0.000000
13 8 0.000000
13 9 0.000000
13 10 0.000000
13 11 0.000000
13 12 0.000000
13 13 0.000000
13 14 0.000000
13 15 0.000000
14 0 0.000000
14 1 0.000000
14 2 0.000000
14 3 0.000000
14 4 0.000000
14 5 0.000000
14 6 0.000000
14 7 0.000000
14 8 0.000000
14 9 0.000000
14 10 0.000000
14 11 0.000000
14 12 0.000000
14 13 0.000000
14 14 0.000000
14 15 0.000000
15 0 0.000000
15 1 0.000000
15 2 0.000000
15 3 0.000000
15 4 0.000000
15 5 0.000000
15 6 0.000000
15 7 0.000000
15 8 0.000000
15 9 0.000000
15 10 0.000000
15 11 0.000000
15 12 0.000000
15 13 0.000000
15 14 0.000000
15 15 0.000000
