0 0 2.699997
0 1 3.050001
0 2 3.050001
0 3 3.050001
0 4 3.050001
0 5 3.050001
0 6 3.050001
0 7 3.050001
0 8 3.050001
0 9 3.050001
0 10 3.050001
0 11 3.050001
0 12 3.050001
0 13 3.050001
0 14 3.050001
0 15 3.050001
0 16 3.050001
0 17 3.050000
0 18 3.050001
0 19 3.050001
0 20 3.050001
0 21 3.050000
0 22 3.050000
0 23 3.050001
0 24 3.050001
0 25 3.050001
0 26 3.050001
0 27 3.050001
0 28 3.050000
0 29 3.050001
0 30 3.050000
0 31 3.050001
1 0 4.266548
1 1 4.283519
1 2 4.346282
1 3 4.357595
1 4 4.422297
1 5 4.439267
1 6 4.456239
1 7 4.473208
1 8 4.490179
1 9 4.607151
1 10 4.624121
1 11 4.641090
1 12 4.658062
1 13 4.675032
1 14 4.740624
1 15 4.751939
1 16 4.813812
1 17 4.830783
1 18 4.847754
1 19 4.864725
1 20 4.881695
1 21 4.898666
1 22 5.015635
1 23 5.032606
1 24 5.049578
1 25 5.066547
1 26 5.083518
1 27 5.146281
1 28 5.157597
1 29 5.222298
1 30 5.239268
1 31 5.256238
2 0 3.080669
2 1 3.020734
2 2 3.009419
2 3 2.998106
2 4 2.986792
2 5 2.975478
2 6 2.917438
2 7 2.911782
2 8 2.906124
2 9 2.900467
2 10 2.894810
2 11 2.889153
2 12 2.883497
2 13 2.826390
2 14 2.815076
2 15 2.803763
2 16 2.792449
2 17 2.781135
2 18 2.669821
2 19 2.658508
2 20 2.647193
2 21 2.635880
2 22 2.624566
2 23 2.613252
2 24 2.601939
2 25 2.590625
2 26 2.525033
2 27 2.508062
2 28 2.491092
2 29 2.474121
2 30 2.457151
2 31 2.340180
3 0 0.000000
3 1 0.000000
3 2 0.000000
3 3 0.000000
3 4 0.000000
3 5 0.000000
3 6 0.000000
3 7 0.000000
3 8 0.000000
3 9 0.000000
3 10 0.000000
3 11 0.000000
3 12 0.000000
3 13 0.000000
3 14 0.000000
3 15 0.000000
3 16 0.000000
3 17 0.000000
3 18 0.000000
3 19 0.000000
3 20 0.000000
3 21 0.000000
3 22 0.000000
3 23 0.000000
3 24 0.000000
3 25 0.000000
3 26 0.000000
3 27 0.000000
3 28 0.000000
3 29 0.000000
3 30 0.000000
3 31 0.000000
4 0 0.000000
4 1 0.000000
4 2 0.000000
4 3 0.000000
4 4 0.000000
4 5 0.000000
4 6 0.000000
4 7 0.000000
4 8 0.000000
4 9 0.000000
4 10 0.000000
4 11 0.000000
4 12 0.000000
4 13 0.000000
4 14 0.000000
4 15 0.000000
4 16 0.000000
4 17 0.000000
4 18 0.000000
4 19 0.000000
4 20 0.000000
4 21 0.000000
4 22 0.000000
4 23 0.000000
4 24 0.000000
4 25 0.000000
4 26 0.000000
4 27 0.000000
4 28 0.000000
4 29 0.000000
4 30 0.000000
4 31 0.000000
5 0 0.000000
5 1 0.000000
5 2 0.000000
5 3 0.000000
5 4 0.000000
5 5 0.000000
5 6 0.000000
5 7 0.000000
5 8 0.000000
5 9 0.000000
5 10 0.000000
5 11 0.000000
5 12 0.000000
5 13 0.000000
5 14 0.000000
5 15 0.000000
5 16 0.000000
5 17 0.000000
5 18 0.000000
5 19 0.000000
5 20 0.000000
5 21 0.000000
5 22 0.000000
5 23 0.000000
5 24 0.000000
5 25 0.000000
5 26 0.000000
5 27 0.000000
5 28 0.000000
5 29 0.000000
5 30 0.000000
5 31 0.000000
6 0 0.000000
6 1 0.000000
6 2 0.000000
6 3 0.000000
6 4 0.000000
6 5 0.000000
6 6 0.000000
6 7 0.000000
6 8 0.000000
6 9 0.000000
6 10 0.000000
6 11 0.000000
6 12 0.000000
6 13 0.000000
6 14 0.000000
6 15 0.000000
6 16 0.000000
6 17 0.000000
6 18 0.000000
6 19 0.000000
6 20 0.000000
6 21 0.000000
6 22 0.000000
6 23 0.000000
6 24 0.000000
6 25 0.000000
6 26 0.000000
6 27 0.000000
6 28 0.000000
6 29 0.000000
6 30 0.000000
6 31 0.000000
7 0 0.000000
7 1 0.000000
7 2 0.000000
7 3 0.000000
7 4 0.000000
7 5 0.000000
7 6 0.000000
7 7 0.000000
7 8 0.000000
7 9 0.000000
7 10 0.000000
7 11 0.000000
7 12 0.000000
7 13 0.000000
7 14 0.000000
7 15 0.000000
7 16 0.000000
7 17 0.000000
7 18 0.000000
7 19 0.000000
7 20 0.000000
7 21 0.000000
7 22 0.000000
7 23 0.000000
7 24 0.000000
7 25 0.000000
7 26 0.000000
7 27 0.000000
7 28 0.000000
7 29 0.000000
7 30 0.000000
7 31 0.000000
8 0 0.000000
8 1 0.000000
8 2 0.000000
8 3 0.000000
8 4 0.000000
8 5 0.000000
8 6 0.000000
8 7 0.000000
8 8 1422776631328933675008.000000
8 9 71455404713534554112.000000
8 10 -82846573875712491520.000000
8 11 6246430758668001607680.000000
8 12 -59669044684054855680.000000
8 13 85524043019021451264.000000
8 14 -50780337598416027648.000000
8 15 -157858502880916406272.000000
8 16 -152498586005647917056.000000
8 17 -118575714393688899584.000000
8 18 -142478604600329895936.000000
8 19 -619617551263863930880.000000
8 20 -167363596185086459904.000000
8 21 6168633326904989974528.000000
8 22 -821230055044870569984.000000
8 23 -458958214035002097664.000000
8 24 0.000000
8 25 0.000000
8 26 0.000000
8 27 0.000000
8 28 0.000000
8 29 0.000000
8 30 0.000000
8 31 0.000000
9 0 0.000000
9 1 0.000000
9 2 0.000000
9 3 0.000000
9 4 0.000000
9 5 0.000000
9 6 0.000000
9 7 0.000000
9 8 801247090917018435584.000000
9 9 49389569738488676352.000000
9 10 386587127241762668544.000000
9 11 266878493658999422976.000000
9 12 232679477502701207552.000000
9 13 26960376956788408320.000000
9 14 -12629509526123446272.000000
9 15 -108888964176424206336.000000
9 16 -106337507861751398400.000000
9 17 -86320652387484696576.000000
9 18 -89875364683991482368.000000
9 19 -280849205060870078464.000000
9 20 -507676078925942882304.000000
9 21 -253438221850739998720.000000
9 22 -394107259010169176064.000000
9 23 -227637556982371581952.000000
9 24 0.000000
9 25 0.000000
9 26 0.000000
9 27 0.000000
9 28 0.000000
9 29 0.000000
9 30 0.000000
9 31 0.000000
10 0 0.000000
10 1 0.000000
10 2 0.000000
10 3 0.000000
10 4 0.000000
10 5 0.000000
10 6 0.000000
10 7 0.000000
10 8 799953291186567905280.000000
10 9 47873132097553039360.000000
10 10 333058714261348417536.000000
10 11 320277639256359305216.000000
10 12 98586760126488641536.000000
10 13 12766748368479191040.000000
10 14 -39764220648565506048.000000
10 15 -110405955971220242432.000000
10 16 -93765507191807148032.000000
10 17 -102486639909279891456.000000
10 18 -80420250780373614592.000000
10 19 -258675591558023086080.000000
10 20 -296630328328571584512.000000
10 21 -581017128488927232000.000000
10 22 -427900194736004136960.000000
10 23 -223849871366078595072.000000
10 24 0.000000
10 25 0.000000
10 26 0.000000
10 27 0.000000
10 28 0.000000
10 29 0.000000
10 30 0.000000
10 31 0.000000
11 0 0.000000
11 1 0.000000
11 2 0.000000
11 3 0.000000
11 4 0.000000
11 5 0.000000
11 6 0.000000
11 7 0.000000
11 8 6582023240300955172864.000000
11 9 287778169009440030720.000000
11 10 286998254625532936192.000000
11 11 152737083271852064768.000000
11 12 71198699534774435840.000000
11 13 22398694528169017344.000000
11 14 -37494551571905642496.000000
11 15 -110252648865936179200.000000
11 16 -86354957150271307776.000000
11 17 -96769126668286558208.000000
11 18 -81637542093716979712.000000
11 19 -272624559017942843392.000000
11 20 -247792854164714815488.000000
11 21 -473838459047555104768.000000
11 22 -598892548728658329600.000000
11 23 -359513175131871510528.000000
11 24 0.000000
11 25 0.000000
11 26 0.000000
11 27 0.000000
11 28 0.000000
11 29 0.000000
11 30 0.000000
11 31 0.000000
12 0 0.000000
12 1 0.000000
12 2 0.000000
12 3 0.000000
12 4 0.000000
12 5 0.000000
12 6 0.000000
12 7 0.000000
12 8 1148721897954323988480.000000
12 9 379214417992408367104.000000
12 10 123264427798711762944.000000
12 11 130231390869137653760.000000
12 12 67069875042801156096.000000
12 13 33766908086582247424.000000
12 14 -31856478046019125248.000000
12 15 -105967649742353596416.000000
12 16 -99433533613457539072.000000
12 17 -93653233860471685120.000000
12 18 -70197317120754188288.000000
12 19 -286613020935532314624.000000
12 20 -237533619029192736768.000000
12 21 -493305866571189583872.000000
12 22 -453917419414579314688.000000
12 23 -325960548667403272192.000000
12 24 0.000000
12 25 0.000000
12 26 0.000000
12 27 0.000000
12 28 0.000000
12 29 0.000000
12 30 0.000000
12 31 0.000000
13 0 0.000000
13 1 0.000000
13 2 0.000000
13 3 0.000000
13 4 0.000000
13 5 0.000000
13 6 0.000000
13 7 0.000000
13 8 1261446292939965726720.000000
13 9 282434102693797560320.000000
13 10 153136355526316130304.000000
13 11 119147407663574286336.000000
13 12 69453387553400946688.000000
13 13 37719322534948634624.000000
13 14 -46646455352954978304.000000
13 15 -73401623857581785088.000000
13 16 -78653080507839938560.000000
13 17 -87793980376518492160.000000
13 18 -120132183053968605184.000000
13 19 -303515311812030496768.000000
13 20 -297454557429124562944.000000
13 21 -532522965835727241216.000000
13 22 -318480703005038477312.000000
13 23 -157684885596844064768.000000
13 24 0.000000
13 25 0.000000
13 26 0.000000
13 27 0.000000
13 28 0.000000
13 29 0.000000
13 30 0.000000
13 31 0.000000
14 0 0.000000
14 1 0.000000
14 2 0.000000
14 3 0.000000
14 4 0.000000
14 5 0.000000
14 6 0.000000
14 7 0.000000
14 8 1097257646531245244416.000000
14 9 263516574129353392128.000000
14 10 162276076718529708032.000000
14 11 130629123807322832896.000000
14 12 66759905122745057280.000000
14 13 36971109270293577728.000000
14 14 -49647009391016148992.000000
14 15 -68753196558600634368.000000
14 16 -73822389365345615872.000000
14 17 -80204755297422540800.000000
14 18 -143319862936973869056.000000
14 19 -295048298221969342464.000000
14 20 -289698162602141548544.000000
14 21 -508605509299041468416.000000
14 22 -310105907654222151680.000000
14 23 -139795945762137833472.000000
14 24 0.000000
14 25 0.000000
14 26 0.000000
14 27 0.000000
14 28 0.000000
14 29 0.000000
14 30 0.000000
14 31 0.000000
15 0 0.000000
15 1 0.000000
15 2 0.000000
15 3 0.000000
15 4 0.000000
15 5 0.000000
15 6 0.000000
15 7 0.000000
15 8 1474899886041236242432.000000
15 9 283341683571828981760.000000
15 10 169104747614460444672.000000
15 11 123483089875150831616.000000
15 12 65799433337371099136.000000
15 13 48799189168977608704.000000
15 14 -43458526941334732800.000000
15 15 -66813908735854903296.000000
15 16 -79171064833731723264.000000
15 17 -65008229168070000640.000000
15 18 -157582780549042274304.000000
15 19 -293150330046195433472.000000
15 20 -289837492715613323264.000000
15 21 -498964146921771368448.000000
15 22 -303425908322552774656.000000
15 23 -136560223779081420800.000000
15 24 0.000000
15 25 0.000000
15 26 0.000000
15 27 0.000000
15 28 0.000000
15 29 0.000000
15 30 0.000000
15 31 0.000000
16 0 0.000000
16 1 0.000000
16 2 0.000000
16 3 0.000000
16 4 0.000000
16 5 0.000000
16 6 0.000000
16 7 0.000000
16 8 33810258540326664798208.000000
16 9 343238080872228847616.000000
16 10 173179396969509945344.000000
16 11 110945165269574615040.000000
16 12 79094538824438513664.000000
16 13 42389999551229460480.000000
16 14 -45241385045773516800.000000
16 15 -50562335228953624576.000000
16 16 -77107114382628749312.000000
16 17 -75887923113192587264.000000
16 18 -161478235897043353600.000000
16 19 -272051036160708837376.000000
16 20 -314062144005006688256.000000
16 21 -493314697848583880704.000000
16 22 -290275960360584347648.000000
16 23 -137921208068035575808.000000
16 24 0.000000
16 25 0.000000
16 26 0.000000
16 27 0.000000
16 28 0.000000
16 29 0.000000
16 30 0.000000
16 31 0.000000
17 0 0.000000
17 1 0.000000
17 2 0.000000
17 3 0.000000
17 4 0.000000
17 5 0.000000
17 6 0.000000
17 7 0.000000
17 8 100920460362303668224.000000
17 9 341540716393919414272.000000
17 10 180847496614736035840.000000
17 11 128757728628569014272.000000
17 12 87465956475534311424.000000
17 13 32406343811069902848.000000
17 14 -42058738688013107200.000000
17 15 -48667665588063043584.000000
17 16 -83434100113037852672.000000
17 17 -71906411189108736000.000000
17 18 -178089340910134362112.000000
17 19 -257564557048387993600.000000
17 20 -331593355532592742400.000000
17 21 -486084239015584727040.000000
17 22 -281386857450759520256.000000
17 23 -131615394533530927104.000000
17 24 0.000000
17 25 0.000000
17 26 0.000000
17 27 0.000000
17 28 0.000000
17 29 0.000000
17 30 0.000000
17 31 0.000000
18 0 0.000000
18 1 0.000000
18 2 0.000000
18 3 0.000000
18 4 0.000000
18 5 0.000000
18 6 0.000000
18 7 0.000000
18 8 120324192968550383616.000000
18 9 349493721492134821888.000000
18 10 192728291498902159360.000000
18 11 124729030063467528192.000000
18 12 72229460899488858112.000000
18 13 28001337391362080768.000000
18 14 -34872132776776171520.000000
18 15 -56464786325738881024.000000
18 16 -76471227225867288576.000000
18 17 -45870837860489232384.000000
18 18 -194097966327762255872.000000
18 19 -250288041872324558848.000000
18 20 -336542600416840384512.000000
18 21 -476089344067566043136.000000
18 22 -272306386741143535616.000000
18 23 -126342743697135763456.000000
18 24 0.000000
18 25 0.000000
18 26 0.000000
18 27 0.000000
18 28 0.000000
18 29 0.000000
18 30 0.000000
18 31 0.000000
19 0 0.000000
19 1 0.000000
19 2 0.000000
19 3 0.000000
19 4 0.000000
19 5 0.000000
19 6 0.000000
19 7 0.000000
19 8 293695705405758373888.000000
19 9 393697079600357572608.000000
19 10 202114531994156138496.000000
19 11 110444658780517957632.000000
19 12 79856051781743149056.000000
19 13 29205645671404666880.000000
19 14 -29007372938591076352.000000
19 15 -56129866287825289216.000000
19 16 -72223910564791844864.000000
19 17 -51691665612074909696.000000
19 18 -207750857296554491904.000000
19 19 -233002557999406907392.000000
19 20 -358078637913065652224.000000
19 21 -461246605595659730944.000000
19 22 -260067626055345635328.000000
19 23 -132342585135862906880.000000
19 24 0.000000
19 25 0.000000
19 26 0.000000
19 27 0.000000
19 28 0.000000
19 29 0.000000
19 30 0.000000
19 31 0.000000
20 0 0.000000
20 1 0.000000
20 2 0.000000
20 3 0.000000
20 4 0.000000
20 5 0.000000
20 6 0.000000
20 7 0.000000
20 8 416099356337409884160.000000
20 9 577509879910368280576.000000
20 10 216899269028674011136.000000
20 11 114458852588225822720.000000
20 12 74063112043084382208.000000
20 13 16187793036397248512.000000
20 14 -14519545825014579200.000000
20 15 -38111870176297222144.000000
20 16 -71175772518312050688.000000
20 17 -63303062555249868800.000000
20 18 -210348607448803180544.000000
20 19 -218551703063826006016.000000
20 20 -373977646419450789888.000000
20 21 -451013934661064720384.000000
20 22 -254627735102319230976.000000
20 23 -195458229337088589824.000000
20 24 0.000000
20 25 0.000000
20 26 0.000000
20 27 0.000000
20 28 0.000000
20 29 0.000000
20 30 0.000000
20 31 0.000000
21 0 0.000000
21 1 0.000000
21 2 0.000000
21 3 0.000000
21 4 0.000000
21 5 0.000000
21 6 0.000000
21 7 0.000000
21 8 16607041640327213481984.000000
21 9 621436020350903123968.000000
21 10 405134252329041657856.000000
21 11 142942792021297856512.000000
21 12 63192988247169957888.000000
21 13 16370854025840558080.000000
21 14 -5180388616685223936.000000
21 15 -48023035114837508096.000000
21 16 -63873001004577325056.000000
21 17 -56466475175599144960.000000
21 18 -229038053321181495296.000000
21 19 -208222380659102973952.000000
21 20 -385863595814127927296.000000
21 21 -446372130820129292288.000000
21 22 -306804628389871222784.000000
21 23 -117643003077893029888.000000
21 24 0.000000
21 25 0.000000
21 26 0.000000
21 27 0.000000
21 28 0.000000
21 29 0.000000
21 30 0.000000
21 31 0.000000
22 0 0.000000
22 1 0.000000
22 2 0.000000
22 3 0.000000
22 4 0.000000
22 5 0.000000
22 6 0.000000
22 7 0.000000
22 8 -24331616178589925376.000000
22 9 252318531985571053568.000000
22 10 714608530135525097472.000000
22 11 321844153054870372352.000000
22 12 79030089850864795648.000000
22 13 36474833701980602368.000000
22 14 -11932702828113428480.000000
22 15 -64009463591723859968.000000
22 16 -52350695289577799680.000000
22 17 -52012797774176190464.000000
22 18 -228025429500278865920.000000
22 19 -206388043420251717632.000000
22 20 -397362094903362846720.000000
22 21 -451389950045578067968.000000
22 22 -375681731112829190144.000000
22 23 -77756468357807210496.000000
22 24 0.000000
22 25 0.000000
22 26 0.000000
22 27 0.000000
22 28 0.000000
22 29 0.000000
22 30 0.000000
22 31 0.000000
23 0 0.000000
23 1 0.000000
23 2 0.000000
23 3 0.000000
23 4 0.000000
23 5 0.000000
23 6 0.000000
23 7 0.000000
23 8 -24217992646975553536.000000
23 9 259116821176203083776.000000
23 10 65365948679097155584.000000
23 11 466689839064034574336.000000
23 12 276168469712218357760.000000
23 13 49162278694794821632.000000
23 14 -19243131340823986176.000000
23 15 -46294791951973613568.000000
23 16 -52211448738989735936.000000
23 17 -65016932902115475456.000000
23 18 -235631833349047189504.000000
23 19 -208303656558628175872.000000
23 20 -407082622117832818688.000000
23 21 -584461080382098374656.000000
23 22 -199949919054507016192.000000
23 23 -103967233471150030848.000000
23 24 0.000000
23 25 0.000000
23 26 0.000000
23 27 0.000000
23 28 0.000000
23 29 0.000000
23 30 0.000000
23 31 0.000000
24 0 0.000000
24 1 0.000000
24 2 0.000000
24 3 0.000000
24 4 0.000000
24 5 0.000000
24 6 0.000000
24 7 0.000000
24 8 0.000000
24 9 0.000000
24 10 0.000000
24 11 0.000000
24 12 0.000000
24 13 0.000000
24 14 0.000000
24 15 0.000000
24 16 0.000000
24 17 0.000000
24 18 0.000000
24 19 0.000000
24 20 0.000000
24 21 0.000000
24 22 0.000000
24 23 0.000000
24 24 0.000000
24 25 0.000000
24 26 0.000000
24 27 0.000000
24 28 0.000000
24 29 0.000000
24 30 0.000000
24 31 0.000000
25 0 0.000000
25 1 0.000000
25 2 0.000000
25 3 0.000000
25 4 0.000000
25 5 0.000000
25 6 0.000000
25 7 0.000000
25 8 0.000000
25 9 0.000000
25 10 0.000000
25 11 0.000000
25 12 0.000000
25 13 0.000000
25 14 0.000000
25 15 0.000000
25 16 0.000000
25 17 0.000000
25 18 0.000000
25 19 0.000000
25 20 0.000000
25 21 0.000000
25 22 0.000000
25 23 0.000000
25 24 0.000000
25 25 0.000000
25 26 0.000000
25 27 0.000000
25 28 0.000000
25 29 0.000000
25 30 0.000000
25 31 0.000000
26 0 0.000000
26 1 0.000000
26 2 0.000000
26 3 0.000000
26 4 0.000000
26 5 0.000000
26 6 0.000000
26 7 0.000000
26 8 0.000000
26 9 0.000000
26 10 0.000000
26 11 0.000000
26 12 0.000000
26 13 0.000000
26 14 0.000000
26 15 0.000000
26 16 0.000000
26 17 0.000000
26 18 0.000000
26 19 0.000000
26 20 0.000000
26 21 0.000000
26 22 0.000000
26 23 0.000000
26 24 0.000000
26 25 0.000000
26 26 0.000000
26 27 0.000000
26 28 0.000000
26 29 0.000000
26 30 0.000000
26 31 0.000000
27 0 0.000000
27 1 0.000000
27 2 0.000000
27 3 0.000000
27 4 0.000000
27 5 0.000000
27 6 0.000000
27 7 0.000000
27 8 0.000000
27 9 0.000000
27 10 0.000000
27 11 0.000000
27 12 0.000000
27 13 0.000000
27 14 0.000000
27 15 0.000000
27 16 0.000000
27 17 0.000000
27 18 0.000000
27 19 0.000000
27 20 0.000000
27 21 0.000000
27 22 0.000000
27 23 0.000000
27 24 0.000000
27 25 0.000000
27 26 0.000000
27 27 0.000000
27 28 0.000000
27 29 0.000000
27 30 0.000000
27 31 0.000000
28 0 0.000000
28 1 0.000000
28 2 0.000000
28 3 0.000000
28 4 0.000000
28 5 0.000000
28 6 0.000000
28 7 0.000000
28 8 0.000000
28 9 0.000000
28 10 0.000000
28 11 0.000000
28 12 0.000000
28 13 0.000000
28 14 0.000000
28 15 0.000000
28 16 0.000000
28 17 0.000000
28 18 0.000000
28 19 0.000000
28 20 0.000000
28 21 0.000000
28 22 0.000000
28 23 0.000000
28 24 0.000000
28 25 0.000000
28 26 0.000000
28 27 0.000000
28 28 0.000000
28 29 0.000000
28 30 0.000000
28 31 0.000000
29 0 0.000000
29 1 0.000000
29 2 0.000000
29 3 0.000000
29 4 0.000000
29 5 0.000000
29 6 0.000000
29 7 0.000000
29 8 0.000000
29 9 0.000000
29 10 0.000000
29 11 0.000000
29 12 0.000000
29 13 0.000000
29 14 0.000000
29 15 0.000000
29 16 0.000000
29 17 0.000000
29 18 0.000000
29 19 0.000000
29 20 0.000000
29 21 0.000000
29 22 0.000000
29 23 0.000000
29 24 0.000000
29 25 0.000000
29 26 0.000000
29 27 0.000000
29 28 0.000000
29 29 0.000000
29 30 0.000000
29 31 0.000000
30 0 0.000000
30 1 0.000000
30 2 0.000000
30 3 0.000000
30 4 0.000000
30 5 0.000000
30 6 0.000000
30 7 0.000000
30 8 0.000000
30 9 0.000000
30 10 0.000000
30 11 0.000000
30 12 0.000000
30 13 0.000000
30 14 0.000000
30 15 0.000000
30 16 0.000000
30 17 0.000000
30 18 0.000000
30 19 0.000000
30 20 0.000000
30 21 0.000000
30 22 0.000000
30 23 0.000000
30 24 0.000000
30 25 0.000000
30 26 0.000000
30 27 0.000000
30 28 0.000000
30 29 0.000000
30 30 0.000000
30 31 0.000000
31 0 0.000000
31 1 0.000000
31 2 0.000000
31 3 0.000000
31 4 0.000000
31 5 0.000000
31 6 0.000000
31 7 0.000000
31 8 0.000000
31 9 0.000000
31 10 0.000000
31 11 0.000000
31 12 0.000000
31 13 0.000000
31 14 0.000000
31 15 0.000000
31 16 0.000000
31 17 0.000000
31 18 0.000000
31 19 0.000000
31 20 0.000000
31 21 0.000000
31 22 0.000000
31 23 0.000000
31 24 0.000000
31 25 0.000000
31 26 0.000000
31 27 0.000000
31 28 0.000000
31 29 0.000000
31 30 0.000000
31 31 0.000000
