0 0 2.699997
0 1 3.050001
0 2 3.050001
0 3 3.050001
0 4 3.050001
0 5 3.050001
0 6 3.050001
0 7 3.050001
0 8 3.050001
0 9 3.050001
0 10 3.050001
0 11 3.050001
0 12 3.050001
0 13 3.050001
0 14 3.050001
0 15 3.050001
0 16 3.050001
0 17 3.050000
0 18 3.050001
0 19 3.050001
0 20 3.050001
0 21 3.050000
0 22 3.050000
0 23 3.050001
0 24 3.050001
0 25 3.050001
0 26 3.050001
0 27 3.050001
0 28 3.050000
0 29 3.050001
0 30 3.050000
0 31 3.050001
1 0 4.266548
1 1 4.283519
1 2 4.346282
1 3 4.357595
1 4 4.422297
1 5 4.439267
1 6 4.456239
1 7 4.473208
1 8 4.490179
1 9 4.607151
1 10 4.624121
1 11 4.641090
1 12 4.658062
1 13 4.675032
1 14 4.740624
1 15 4.751939
1 16 4.813812
1 17 4.830783
1 18 4.847754
1 19 4.864725
1 20 4.881695
1 21 4.898666
1 22 5.015635
1 23 5.032606
1 24 5.049578
1 25 5.066547
1 26 5.083518
1 27 5.146281
1 28 5.157597
1 29 5.222298
1 30 5.239268
1 31 5.256238
2 0 3.080669
2 1 3.020734
2 2 3.009419
2 3 2.998106
2 4 2.986792
2 5 2.975478
2 6 2.917438
2 7 2.911782
2 8 2.906124
2 9 2.900467
2 10 2.894810
2 11 2.889153
2 12 2.883497
2 13 2.826390
2 14 2.815076
2 15 2.803763
2 16 2.792449
2 17 2.781135
2 18 2.669821
2 19 2.658508
2 20 2.647193
2 21 2.635880
2 22 2.624566
2 23 2.613252
2 24 2.601939
2 25 2.590625
2 26 2.525033
2 27 2.508062
2 28 2.491092
2 29 2.474121
2 30 2.457151
2 31 2.340180
3 0 0.000000
3 1 0.000000
3 2 0.000000
3 3 0.000000
3 4 0.000000
3 5 0.000000
3 6 0.000000
3 7 0.000000
3 8 0.000000
3 9 0.000000
3 10 0.000000
3 11 0.000000
3 12 0.000000
3 13 0.000000
3 14 0.000000
3 15 0.000000
3 16 0.000000
3 17 0.000000
3 18 0.000000
3 19 0.000000
3 20 0.000000
3 21 0.000000
3 22 0.000000
3 23 0.000000
3 24 0.000000
3 25 0.000000
3 26 0.000000
3 27 0.000000
3 28 0.000000
3 29 0.000000
3 30 0.000000
3 31 0.000000
4 0 0.000000
4 1 0.000000
4 2 0.000000
4 3 0.000000
4 4 0.000000
4 5 0.000000
4 6 0.000000
4 7 0.000000
4 8 0.000000
4 9 0.000000
4 10 0.000000
4 11 0.000000
4 12 0.000000
4 13 0.000000
4 14 0.000000
4 15 0.000000
4 16 0.000000
4 17 0.000000
4 18 0.000000
4 19 0.000000
4 20 0.000000
4 21 0.000000
4 22 0.000000
4 23 0.000000
4 24 0.000000
4 25 0.000000
4 26 0.000000
4 27 0.000000
4 28 0.000000
4 29 0.000000
4 30 0.000000
4 31 0.000000
5 0 0.000000
5 1 0.000000
5 2 0.000000
5 3 0.000000
5 4 0.000000
5 5 0.000000
5 6 0.000000
5 7 0.000000
5 8 0.000000
5 9 0.000000
5 10 0.000000
5 11 0.000000
5 12 0.000000
5 13 0.000000
5 14 0.000000
5 15 0.000000
5 16 0.000000
5 17 0.000000
5 18 0.000000
5 19 0.000000
5 20 0.000000
5 21 0.000000
5 22 0.000000
5 23 0.000000
5 24 0.000000
5 25 0.000000
5 26 0.000000
5 27 0.000000
5 28 0.000000
5 29 0.000000
5 30 0.000000
5 31 0.000000
6 0 0.000000
6 1 0.000000
6 2 0.000000
6 3 0.000000
6 4 0.000000
6 5 0.000000
6 6 0.000000
6 7 0.000000
6 8 0.000000
6 9 0.000000
6 10 0.000000
6 11 0.000000
6 12 0.000000
6 13 0.000000
6 14 0.000000
6 15 0.000000
6 16 0.000000
6 17 0.000000
6 18 0.000000
6 19 0.000000
6 20 0.000000
6 21 0.000000
6 22 0.000000
6 23 0.000000
6 24 0.000000
6 25 0.000000
6 26 0.000000
6 27 0.000000
6 28 0.000000
6 29 0.000000
6 30 0.000000
6 31 0.000000
7 0 0.000000
7 1 0.000000
7 2 0.000000
7 3 0.000000
7 4 0.000000
7 5 0.000000
7 6 0.000000
7 7 0.000000
7 8 0.000000
7 9 0.000000
7 10 0.000000
7 11 0.000000
7 12 0.000000
7 13 0.000000
7 14 0.000000
7 15 0.000000
7 16 0.000000
7 17 0.000000
7 18 0.000000
7 19 0.000000
7 20 0.000000
7 21 0.000000
7 22 0.000000
7 23 0.000000
7 24 0.000000
7 25 0.000000
7 26 0.000000
7 27 0.000000
7 28 0.000000
7 29 0.000000
7 30 0.000000
7 31 0.000000
8 0 0.000000
8 1 0.000000
8 2 0.000000
8 3 0.000000
8 4 0.000000
8 5 0.000000
8 6 0.000000
8 7 0.000000
8 8 20619979383543693312.000000
8 9 826189392346349568.000000
8 10 -1370517879400693760.000000
8 11 92348623731696861184.000000
8 12 974046974405771264.000000
8 13 2080409590414966784.000000
8 14 -487924159024726016.000000
8 15 -1959658062356676608.000000
8 16 -1885069804868468736.000000
8 17 -1363527596788154368.000000
8 18 -1644227555240181760.000000
8 19 -8415356334764982272.000000
8 20 -4122183166863605760.000000
8 21 70016148390822281216.000000
8 22 -13373156518988349440.000000
8 23 -7379502581946515456.000000
8 24 0.000000
8 25 0.000000
8 26 0.000000
8 27 0.000000
8 28 0.000000
8 29 0.000000
8 30 0.000000
8 31 0.000000
9 0 0.000000
9 1 0.000000
9 2 0.000000
9 3 0.000000
9 4 0.000000
9 5 0.000000
9 6 0.000000
9 7 0.000000
9 8 11575434116853661696.000000
9 9 530397880888852480.000000
9 10 5789543347240566784.000000
9 11 3804364108174721024.000000
9 12 3955560151133454336.000000
9 13 835950994016698368.000000
9 14 7330409662644224.000000
9 15 -1242861006003109888.000000
9 16 -1180169464327438336.000000
9 17 -919317202585255936.000000
9 18 -1018867466400432128.000000
9 19 -4014699308178735104.000000
9 20 -6035390848676397056.000000
9 21 -4949169017945325568.000000
9 22 -6529002300315271168.000000
9 23 -3736061071467741184.000000
9 24 0.000000
9 25 0.000000
9 26 0.000000
9 27 0.000000
9 28 0.000000
9 29 0.000000
9 30 0.000000
9 31 0.000000
10 0 0.000000
10 1 0.000000
10 2 0.000000
10 3 0.000000
10 4 0.000000
10 5 0.000000
10 6 0.000000
10 7 0.000000
10 8 11580558940550725632.000000
10 9 517860390315491328.000000
10 10 4876478105209798656.000000
10 11 4780061380814307328.000000
10 12 1701029837759578112.000000
10 13 582473431639916544.000000
10 14 -241758245893439488.000000
10 15 -1317306052101799936.000000
10 16 -1137865410851373056.000000
10 17 -1064330829099958272.000000
10 18 -859565755002257408.000000
10 19 -3868405712690348032.000000
10 20 -4290871340308627456.000000
10 21 -8266927762573361152.000000
10 22 -7533077418311942144.000000
10 23 -3647044884960903168.000000
10 24 0.000000
10 25 0.000000
10 26 0.000000
10 27 0.000000
10 28 0.000000
10 29 0.000000
10 30 0.000000
10 31 0.000000
11 0 0.000000
11 1 0.000000
11 2 0.000000
11 3 0.000000
11 4 0.000000
11 5 0.000000
11 6 0.000000
11 7 0.000000
11 8 98064140259574153216.000000
11 9 4098624755848970240.000000
11 10 4286255865373130752.000000
11 11 2199381971220561920.000000
11 12 1326942034568675328.000000
11 13 676895504503668736.000000
11 14 -195060303434612736.000000
11 15 -1274606655476072448.000000
11 16 -1052288015679881216.000000
11 17 -999813136049504256.000000
11 18 -855528485744017408.000000
11 19 -4068569330625806336.000000
11 20 -3751472651076370432.000000
11 21 -7384444336957554688.000000
11 22 -8544530809086803968.000000
11 23 -5998945336750505984.000000
11 24 0.000000
11 25 0.000000
11 26 0.000000
11 27 0.000000
11 28 0.000000
11 29 0.000000
11 30 0.000000
11 31 0.000000
12 0 0.000000
12 1 0.000000
12 2 0.000000
12 3 0.000000
12 4 0.000000
12 5 0.000000
12 6 0.000000
12 7 0.000000
12 8 16861571562875125760.000000
12 9 5598693417426092032.000000
12 10 1761175735139041280.000000
12 11 1851647125285240832.000000
12 12 1320725120947322880.000000
12 13 863600138042474496.000000
12 14 -157685188787175424.000000
12 15 -1197057825491124224.000000
12 16 -1101858397906534400.000000
12 17 -1011895669327134720.000000
12 18 -805726999917101056.000000
12 19 -4208125393737089024.000000
12 20 -3629778429236215808.000000
12 21 -7832284219043741696.000000
12 22 -7048178496811565056.000000
12 23 -4960543465734668288.000000
12 24 0.000000
12 25 0.000000
12 26 0.000000
12 27 0.000000
12 28 0.000000
12 29 0.000000
12 30 0.000000
12 31 0.000000
13 0 0.000000
13 1 0.000000
13 2 0.000000
13 3 0.000000
13 4 0.000000
13 5 0.000000
13 6 0.000000
13 7 0.000000
13 8 18847107043708370944.000000
13 9 4054644840493744128.000000
13 10 2163295587280093184.000000
13 11 1760922572586745856.000000
13 12 1324432261839323136.000000
13 13 832964582996705280.000000
13 14 -352100731731312640.000000
13 15 -782918524552085504.000000
13 16 -798880684608323584.000000
13 17 -927508976529047552.000000
13 18 -1751329745951260672.000000
13 19 -4575662169210748928.000000
13 20 -4510838537049866240.000000
13 21 -8426202467217178624.000000
13 22 -4992995551428476928.000000
13 23 -2493026067749535744.000000
13 24 0.000000
13 25 0.000000
13 26 0.000000
13 27 0.000000
13 28 0.000000
13 29 0.000000
13 30 0.000000
13 31 0.000000
14 0 0.000000
14 1 0.000000
14 2 0.000000
14 3 0.000000
14 4 0.000000
14 5 0.000000
14 6 0.000000
14 7 0.000000
14 8 16342879151495053312.000000
14 9 3762199761394860032.000000
14 10 2299593385121415168.000000
14 11 1960779289339101184.000000
14 12 1263891502346534912.000000
14 13 802543570157305856.000000
14 14 -342328856499191808.000000
14 15 -704888658229985280.000000
14 16 -761880950102556672.000000
14 17 -810488641179615232.000000
14 18 -1967425562251100160.000000
14 19 -4474171473530978304.000000
14 20 -4528752605123313664.000000
14 21 -8012795990778052608.000000
14 22 -4856329554630803456.000000
14 23 -2239910107259338752.000000
14 24 0.000000
14 25 0.000000
14 26 0.000000
14 27 0.000000
14 28 0.000000
14 29 0.000000
14 30 0.000000
14 31 0.000000
15 0 0.000000
15 1 0.000000
15 2 0.000000
15 3 0.000000
15 4 0.000000
15 5 0.000000
15 6 0.000000
15 7 0.000000
15 8 22041137744862773248.000000
15 9 4051073626726727680.000000
15 10 2400763848039596032.000000
15 11 1871754993934008320.000000
15 12 1307580596876214272.000000
15 13 1073146713331466240.000000
15 14 -309678343316307968.000000
15 15 -752575096001921024.000000
15 16 -797111158082371584.000000
15 17 -651244654141898752.000000
15 18 -2156282902118137856.000000
15 19 -4402375288382554112.000000
15 20 -4623515664030629888.000000
15 21 -7863564775098155008.000000
15 22 -4726293612948619264.000000
15 23 -2202007192670830592.000000
15 24 0.000000
15 25 0.000000
15 26 0.000000
15 27 0.000000
15 28 0.000000
15 29 0.000000
15 30 0.000000
15 31 0.000000
16 0 0.000000
16 1 0.000000
16 2 0.000000
16 3 0.000000
16 4 0.000000
16 5 0.000000
16 6 0.000000
16 7 0.000000
16 8 509207513905481383936.000000
16 9 4939637351644135424.000000
16 10 2457227343538683904.000000
16 11 1682853673601859584.000000
16 12 1513578773264465920.000000
16 13 1026183273174269952.000000
16 14 -364233189708791808.000000
16 15 -535296273910071296.000000
16 16 -736072319822200832.000000
16 17 -815486058966810624.000000
16 18 -2287830534849560576.000000
16 19 -4105409567226068992.000000
16 20 -4909071478147776512.000000
16 21 -7815005943569055744.000000
16 22 -4601559791213477888.000000
16 23 -2222556652677103616.000000
16 24 0.000000
16 25 0.000000
16 26 0.000000
16 27 0.000000
16 28 0.000000
16 29 0.000000
16 30 0.000000
16 31 0.000000
17 0 0.000000
17 1 0.000000
17 2 0.000000
17 3 0.000000
17 4 0.000000
17 5 0.000000
17 6 0.000000
17 7 0.000000
17 8 1378241123952099328.000000
17 9 4922633404320579584.000000
17 10 2576806105006997504.000000
17 11 1975555763543736320.000000
17 12 1593113871004991488.000000
17 13 885991829781086208.000000
17 14 -277491308644270080.000000
17 15 -432618999025500160.000000
17 16 -861225124207001600.000000
17 17 -841351520254427136.000000
17 18 -2532890511081996288.000000
17 19 -3954986206063755264.000000
17 20 -5174606285034749952.000000
17 21 -7689218514816598016.000000
17 22 -4475080219891335168.000000
17 23 -2132590213245960192.000000
17 24 0.000000
17 25 0.000000
17 26 0.000000
17 27 0.000000
17 28 0.000000
17 29 0.000000
17 30 0.000000
17 31 0.000000
18 0 0.000000
18 1 0.000000
18 2 0.000000
18 3 0.000000
18 4 0.000000
18 5 0.000000
18 6 0.000000
18 7 0.000000
18 8 1670325013481259008.000000
18 9 5046008504561696768.000000
18 10 2752932199736016896.000000
18 11 1923326762201120768.000000
18 12 1399096248190894080.000000
18 13 779998084229758976.000000
18 14 -202830723906797568.000000
18 15 -470867194624868352.000000
18 16 -790993063068565504.000000
18 17 -485192388025778176.000000
18 18 -2712960279141941248.000000
18 19 -3819202017591558144.000000
18 20 -5318132684633931776.000000
18 21 -7538634899834535936.000000
18 22 -4315953674439360512.000000
18 23 -2062078669995638784.000000
18 24 0.000000
18 25 0.000000
18 26 0.000000
18 27 0.000000
18 28 0.000000
18 29 0.000000
18 30 0.000000
18 31 0.000000
19 0 0.000000
19 1 0.000000
19 2 0.000000
19 3 0.000000
19 4 0.000000
19 5 0.000000
19 6 0.000000
19 7 0.000000
19 8 4315992707102146560.000000
19 9 5720046515783729152.000000
19 10 2886903568411918336.000000
19 11 1707510634171596800.000000
19 12 1534405035323031552.000000
19 13 837708425914744832.000000
19 14 -161676587794694144.000000
19 15 -468720363811897344.000000
19 16 -690590883900293120.000000
19 17 -492307155970424832.000000
19 18 -2992565811207471104.000000
19 19 -3659200260883873792.000000
19 20 -5627222445631995904.000000
19 21 -7341935568160292864.000000
19 22 -4120780190026563584.000000
19 23 -2170329987796697088.000000
19 24 0.000000
19 25 0.000000
19 26 0.000000
19 27 0.000000
19 28 0.000000
19 29 0.000000
19 30 0.000000
19 31 0.000000
20 0 0.000000
20 1 0.000000
20 2 0.000000
20 3 0.000000
20 4 0.000000
20 5 0.000000
20 6 0.000000
20 7 0.000000
20 8 6276939259647623168.000000
20 9 8510430555462959104.000000
20 10 3097131840910131200.000000
20 11 1780748141625081856.000000
20 12 1512577530488422400.000000
20 13 681681128863563776.000000
20 14 -21715904404389888.000000
20 15 -246394130513526784.000000
20 16 -672717154159689728.000000
20 17 -591493756314714112.000000
20 18 -3092841271660642304.000000
20 19 -3459088869750734848.000000
20 20 -5906776025773113344.000000
20 21 -7189956672922583040.000000
20 22 -4064647647527436288.000000
20 23 -3224114438801981440.000000
20 24 0.000000
20 25 0.000000
20 26 0.000000
20 27 0.000000
20 28 0.000000
20 29 0.000000
20 30 0.000000
20 31 0.000000
21 0 0.000000
21 1 0.000000
21 2 0.000000
21 3 0.000000
21 4 0.000000
21 5 0.000000
21 6 0.000000
21 7 0.000000
21 8 256521551522186657792.000000
21 9 9266199114268278784.000000
21 10 5937953777490329600.000000
21 11 2233754766289141760.000000
21 12 1364339586125266944.000000
21 13 620102018077294592.000000
21 14 120002485761867776.000000
21 15 -341000234135977984.000000
21 16 -628090519808901120.000000
21 17 -507596449270202368.000000
21 18 -3342194016165822464.000000
21 19 -3322264543278661632.000000
21 20 -6131611310246330368.000000
21 21 -7106690107595292672.000000
21 22 -4908406273612972032.000000
21 23 -1917404792573919232.000000
21 24 0.000000
21 25 0.000000
21 26 0.000000
21 27 0.000000
21 28 0.000000
21 29 0.000000
21 30 0.000000
21 31 0.000000
22 0 0.000000
22 1 0.000000
22 2 0.000000
22 3 0.000000
22 4 0.000000
22 5 0.000000
22 6 0.000000
22 7 0.000000
22 8 -528253764495212544.000000
22 9 3567573009138974720.000000
22 10 10794519177365291008.000000
22 11 4967875559024492544.000000
22 12 1661396841624764416.000000
22 13 904783445572452352.000000
22 14 105096080206594048.000000
22 15 -561331094348103680.000000
22 16 -560515153641078784.000000
22 17 -463525171370655744.000000
22 18 -3340072783357935616.000000
22 19 -3201524147775602688.000000
22 20 -6374714980415045632.000000
22 21 -7315419195989032960.000000
22 22 -4984206605231849472.000000
22 23 -1298054290694209536.000000
22 24 0.000000
22 25 0.000000
22 26 0.000000
22 27 0.000000
22 28 0.000000
22 29 0.000000
22 30 0.000000
22 31 0.000000
23 0 0.000000
23 1 0.000000
23 2 0.000000
23 3 0.000000
23 4 0.000000
23 5 0.000000
23 6 0.000000
23 7 0.000000
23 8 -526013509553618944.000000
23 9 3673392482097299456.000000
23 10 774837045368455168.000000
23 11 7416695761779294208.000000
23 12 4619593706054352896.000000
23 13 1129208749647462400.000000
23 14 17673309386702848.000000
23 15 -367100406796386304.000000
23 16 -535080494753120256.000000
23 17 -598015990571204608.000000
23 18 -3550119636437565440.000000
23 19 -3256177297379557376.000000
23 20 -6558075037021110272.000000
23 21 -8500069307638611968.000000
23 22 -3304438161257529344.000000
23 23 -1713373779926712320.000000
23 24 0.000000
23 25 0.000000
23 26 0.000000
23 27 0.000000
23 28 0.000000
23 29 0.000000
23 30 0.000000
23 31 0.000000
24 0 0.000000
24 1 0.000000
24 2 0.000000
24 3 0.000000
24 4 0.000000
24 5 0.000000
24 6 0.000000
24 7 0.000000
24 8 0.000000
24 9 0.000000
24 10 0.000000
24 11 0.000000
24 12 0.000000
24 13 0.000000
24 14 0.000000
24 15 0.000000
24 16 0.000000
24 17 0.000000
24 18 0.000000
24 19 0.000000
24 20 0.000000
24 21 0.000000
24 22 0.000000
24 23 0.000000
24 24 0.000000
24 25 0.000000
24 26 0.000000
24 27 0.000000
24 28 0.000000
24 29 0.000000
24 30 0.000000
24 31 0.000000
25 0 0.000000
25 1 0.000000
25 2 0.000000
25 3 0.000000
25 4 0.000000
25 5 0.000000
25 6 0.000000
25 7 0.000000
25 8 0.000000
25 9 0.000000
25 10 0.000000
25 11 0.000000
25 12 0.000000
25 13 0.000000
25 14 0.000000
25 15 0.000000
25 16 0.000000
25 17 0.000000
25 18 0.000000
25 19 0.000000
25 20 0.000000
25 21 0.000000
25 22 0.000000
25 23 0.000000
25 24 0.000000
25 25 0.000000
25 26 0.000000
25 27 0.000000
25 28 0.000000
25 29 0.000000
25 30 0.000000
25 31 0.000000
26 0 0.000000
26 1 0.000000
26 2 0.000000
26 3 0.000000
26 4 0.000000
26 5 0.000000
26 6 0.000000
26 7 0.000000
26 8 0.000000
26 9 0.000000
26 10 0.000000
26 11 0.000000
26 12 0.000000
26 13 0.000000
26 14 0.000000
26 15 0.000000
26 16 0.000000
26 17 0.000000
26 18 0.000000
26 19 0.000000
26 20 0.000000
26 21 0.000000
26 22 0.000000
26 23 0.000000
26 24 0.000000
26 25 0.000000
26 26 0.000000
26 27 0.000000
26 28 0.000000
26 29 0.000000
26 30 0.000000
26 31 0.000000
27 0 0.000000
27 1 0.000000
27 2 0.000000
27 3 0.000000
27 4 0.000000
27 5 0.000000
27 6 0.000000
27 7 0.000000
27 8 0.000000
27 9 0.000000
27 10 0.000000
27 11 0.000000
27 12 0.000000
27 13 0.000000
27 14 0.000000
27 15 0.000000
27 16 0.000000
27 17 0.000000
27 18 0.000000
27 19 0.000000
27 20 0.000000
27 21 0.000000
27 22 0.000000
27 23 0.000000
27 24 0.000000
27 25 0.000000
27 26 0.000000
27 27 0.000000
27 28 0.000000
27 29 0.000000
27 30 0.000000
27 31 0.000000
28 0 0.000000
28 1 0.000000
28 2 0.000000
28 3 0.000000
28 4 0.000000
28 5 0.000000
28 6 0.000000
28 7 0.000000
28 8 0.000000
28 9 0.000000
28 10 0.000000
28 11 0.000000
28 12 0.000000
28 13 0.000000
28 14 0.000000
28 15 0.000000
28 16 0.000000
28 17 0.000000
28 18 0.000000
28 19 0.000000
28 20 0.000000
28 21 0.000000
28 22 0.000000
28 23 0.000000
28 24 0.000000
28 25 0.000000
28 26 0.000000
28 27 0.000000
28 28 0.000000
28 29 0.000000
28 30 0.000000
28 31 0.000000
29 0 0.000000
29 1 0.000000
29 2 0.000000
29 3 0.000000
29 4 0.000000
29 5 0.000000
29 6 0.000000
29 7 0.000000
29 8 0.000000
29 9 0.000000
29 10 0.000000
29 11 0.000000
29 12 0.000000
29 13 0.000000
29 14 0.000000
29 15 0.000000
29 16 0.000000
29 17 0.000000
29 18 0.000000
29 19 0.000000
29 20 0.000000
29 21 0.000000
29 22 0.000000
29 23 0.000000
29 24 0.000000
29 25 0.000000
29 26 0.000000
29 27 0.000000
29 28 0.000000
29 29 0.000000
29 30 0.000000
29 31 0.000000
30 0 0.000000
30 1 0.000000
30 2 0.000000
30 3 0.000000
30 4 0.000000
30 5 0.000000
30 6 0.000000
30 7 0.000000
30 8 0.000000
30 9 0.000000
30 10 0.000000
30 11 0.000000
30 12 0.000000
30 13 0.000000
30 14 0.000000
30 15 0.000000
30 16 0.000000
30 17 0.000000
30 18 0.000000
30 19 0.000000
30 20 0.000000
30 21 0.000000
30 22 0.000000
30 23 0.000000
30 24 0.000000
30 25 0.000000
30 26 0.000000
30 27 0.000000
30 28 0.000000
30 29 0.000000
30 30 0.000000
30 31 0.000000
31 0 0.000000
31 1 0.000000
31 2 0.000000
31 3 0.000000
31 4 0.000000
31 5 0.000000
31 6 0.000000
31 7 0.000000
31 8 0.000000
31 9 0.000000
31 10 0.000000
31 11 0.000000
31 12 0.000000
31 13 0.000000
31 14 0.000000
31 15 0.000000
31 16 0.000000
31 17 0.000000
31 18 0.000000
31 19 0.000000
31 20 0.000000
31 21 0.000000
31 22 0.000000
31 23 0.000000
31 24 0.000000
31 25 0.000000
31 26 0.000000
31 27 0.000000
31 28 0.000000
31 29 0.000000
31 30 0.000000
31 31 0.000000
