0 0 2.699997
0 1 3.050001
0 2 3.050001
0 3 3.050001
0 4 3.050001
0 5 3.050001
0 6 3.050001
0 7 3.050001
0 8 3.050001
0 9 3.050001
0 10 3.050001
0 11 3.050001
0 12 3.050001
0 13 3.050001
0 14 3.050001
0 15 3.050001
0 16 3.050001
0 17 3.050000
0 18 3.050001
0 19 3.050001
0 20 3.050001
0 21 3.050000
0 22 3.050000
0 23 3.050001
0 24 3.050001
0 25 3.050001
0 26 3.050001
0 27 3.050001
0 28 3.050000
0 29 3.050001
0 30 3.050000
0 31 3.050001
1 0 4.266548
1 1 4.283519
1 2 4.346282
1 3 4.357595
1 4 4.422297
1 5 4.439267
1 6 4.456239
1 7 4.473208
1 8 4.490179
1 9 4.607151
1 10 4.624121
1 11 4.641090
1 12 4.658062
1 13 4.675032
1 14 4.740624
1 15 4.751939
1 16 4.813812
1 17 4.830783
1 18 4.847754
1 19 4.864725
1 20 4.881695
1 21 4.898666
1 22 5.015635
1 23 5.032606
1 24 5.049578
1 25 5.066547
1 26 5.083518
1 27 5.146281
1 28 5.157597
1 29 5.222298
1 30 5.239268
1 31 5.256238
2 0 3.080669
2 1 3.020734
2 2 3.009419
2 3 2.998106
2 4 2.986792
2 5 2.975478
2 6 2.917438
2 7 2.911782
2 8 2.906124
2 9 2.900467
2 10 2.894810
2 11 2.889153
2 12 2.883497
2 13 2.826390
2 14 2.815076
2 15 2.803763
2 16 2.792449
2 17 2.781135
2 18 2.669821
2 19 2.658508
2 20 2.647193
2 21 2.635880
2 22 2.624566
2 23 2.613252
2 24 2.601939
2 25 2.590625
2 26 2.525033
2 27 2.508062
2 28 2.491092
2 29 2.474121
2 30 2.457151
2 31 2.340180
3 0 0.000000
3 1 0.000000
3 2 0.000000
3 3 0.000000
3 4 0.000000
3 5 0.000000
3 6 0.000000
3 7 0.000000
3 8 0.000000
3 9 0.000000
3 10 0.000000
3 11 0.000000
3 12 0.000000
3 13 0.000000
3 14 0.000000
3 15 0.000000
3 16 0.000000
3 17 0.000000
3 18 0.000000
3 19 0.000000
3 20 0.000000
3 21 0.000000
3 22 0.000000
3 23 0.000000
3 24 0.000000
3 25 0.000000
3 26 0.000000
3 27 0.000000
3 28 0.000000
3 29 0.000000
3 30 0.000000
3 31 0.000000
4 0 0.000000
4 1 0.000000
4 2 0.000000
4 3 0.000000
4 4 0.000000
4 5 0.000000
4 6 0.000000
4 7 0.000000
4 8 0.000000
4 9 0.000000
4 10 0.000000
4 11 0.000000
4 12 0.000000
4 13 0.000000
4 14 0.000000
4 15 0.000000
4 16 0.000000
4 17 0.000000
4 18 0.000000
4 19 0.000000
4 20 0.000000
4 21 0.000000
4 22 0.000000
4 23 0.000000
4 24 0.000000
4 25 0.000000
4 26 0.000000
4 27 0.000000
4 28 0.000000
4 29 0.000000
4 30 0.000000
4 31 0.000000
5 0 0.000000
5 1 0.000000
5 2 0.000000
5 3 0.000000
5 4 0.000000
5 5 0.000000
5 6 0.000000
5 7 0.000000
5 8 0.000000
5 9 0.000000
5 10 0.000000
5 11 0.000000
5 12 0.000000
5 13 0.000000
5 14 0.000000
5 15 0.000000
5 16 0.000000
5 17 0.000000
5 18 0.000000
5 19 0.000000
5 20 0.000000
5 21 0.000000
5 22 0.000000
5 23 0.000000
5 24 0.000000
5 25 0.000000
5 26 0.000000
5 27 0.000000
5 28 0.000000
5 29 0.000000
5 30 0.000000
5 31 0.000000
6 0 0.000000
6 1 0.000000
6 2 0.000000
6 3 0.000000
6 4 0.000000
6 5 0.000000
6 6 0.000000
6 7 0.000000
6 8 0.000000
6 9 0.000000
6 10 0.000000
6 11 0.000000
6 12 0.000000
6 13 0.000000
6 14 0.000000
6 15 0.000000
6 16 0.000000
6 17 0.000000
6 18 0.000000
6 19 0.000000
6 20 0.000000
6 21 0.000000
6 22 0.000000
6 23 0.000000
6 24 0.000000
6 25 0.000000
6 26 0.000000
6 27 0.000000
6 28 0.000000
6 29 0.000000
6 30 0.000000
6 31 0.000000
7 0 0.000000
7 1 0.000000
7 2 0.000000
7 3 0.000000
7 4 0.000000
7 5 0.000000
7 6 0.000000
7 7 0.000000
7 8 0.000000
7 9 0.000000
7 10 0.000000
7 11 0.000000
7 12 0.000000
7 13 0.000000
7 14 0.000000
7 15 0.000000
7 16 0.000000
7 17 0.000000
7 18 0.000000
7 19 0.000000
7 20 0.000000
7 21 0.000000
7 22 0.000000
7 23 0.000000
7 24 0.000000
7 25 0.000000
7 26 0.000000
7 27 0.000000
7 28 0.000000
7 29 0.000000
7 30 0.000000
7 31 0.000000
8 0 0.000000
8 1 0.000000
8 2 0.000000
8 3 0.000000
8 4 0.000000
8 5 0.000000
8 6 0.000000
8 7 0.000000
8 8 1640998285560793043828736.000000
8 9 82415044518548640628736.000000
8 10 -95553359682679569645568.000000
8 11 7204490037216221461479424.000000
8 12 -68820920036131543711744.000000
8 13 98641459932769009270784.000000
8 14 -58568880808389072912384.000000
8 15 -182070408842626824404992.000000
8 16 -175888371677330872991744.000000
8 17 -136762530259417507561472.000000
8 18 -164331576587144386314240.000000
8 19 -714652662034173607804928.000000
8 20 -193033287228354199552000.000000
8 21 7114761615277184381878272.000000
8 22 -947188066429307977728000.000000
8 23 -529352019337217530920960.000000
8 24 0.000000
8 25 0.000000
8 26 0.000000
8 27 0.000000
8 28 0.000000
8 29 0.000000
8 30 0.000000
8 31 0.000000
9 0 0.000000
9 1 0.000000
9 2 0.000000
9 3 0.000000
9 4 0.000000
9 5 0.000000
9 6 0.000000
9 7 0.000000
9 8 924140156745900575686656.000000
9 9 56964797700311504388096.000000
9 10 445880790634057961570304.000000
9 11 307811594985954433040384.000000
9 12 268367268009592680873984.000000
9 13 31095457159750338215936.000000
9 14 -14566609267953344970752.000000
9 15 -125590054347032309530624.000000
9 16 -122647294264117370552320.000000
9 17 -99560293335944392605696.000000
9 18 -103660208307115906826240.000000
9 19 -323925078135918859124736.000000
9 20 -585541954707241431990272.000000
9 21 -292309898823770524614656.000000
9 22 -454554363228403347226624.000000
9 23 -262551949954754254209024.000000
9 24 0.000000
9 25 0.000000
9 26 0.000000
9 27 0.000000
9 28 0.000000
9 29 0.000000
9 30 0.000000
9 31 0.000000
10 0 0.000000
10 1 0.000000
10 2 0.000000
10 3 0.000000
10 4 0.000000
10 5 0.000000
10 6 0.000000
10 7 0.000000
10 8 922647843973375088132096.000000
10 9 55215784252625525932032.000000
10 10 384142312436722552537088.000000
10 11 369400949992428350210048.000000
10 12 113707730068580228661248.000000
10 13 14724847744460634718208.000000
10 14 -45863172417264099000320.000000
10 15 -127339720816664256708608.000000
10 16 -108147045536673329840128.000000
10 17 -118205781261209804210176.000000
10 18 -92754894931825581359104.000000
10 19 -298350577003962570899456.000000
10 20 -342126682274711379902464.000000
10 21 -670131877557839832547328.000000
10 22 -493530351872315586772992.000000
10 23 -258183350229813816197120.000000
10 24 0.000000
10 25 0.000000
10 26 0.000000
10 27 0.000000
10 28 0.000000
10 29 0.000000
10 30 0.000000
10 31 0.000000
11 0 0.000000
11 1 0.000000
11 2 0.000000
11 3 0.000000
11 4 0.000000
11 5 0.000000
11 6 0.000000
11 7 0.000000
11 8 7591556338732612072767488.000000
11 9 331916841775477370650624.000000
11 10 331017238742710859333632.000000
11 11 176163469556969172369408.000000
11 12 82118941850248285257728.000000
11 13 25834149413072893116416.000000
11 14 -43245365061862450790400.000000
11 15 -127162918502492945776640.000000
11 16 -99599816926274196078592.000000
11 17 -111611304442039262773248.000000
11 18 -94158874101259824005120.000000
11 19 -314438984111201798062080.000000
11 20 -285798594482518261497856.000000
11 21 -546514552969983130861568.000000
11 22 -690748924306377735667712.000000
11 23 -414654271969751700865024.000000
11 24 0.000000
11 25 0.000000
11 26 0.000000
11 27 0.000000
11 28 0.000000
11 29 0.000000
11 30 0.000000
11 31 0.000000
12 0 0.000000
12 1 0.000000
12 2 0.000000
12 3 0.000000
12 4 0.000000
12 5 0.000000
12 6 0.000000
12 7 0.000000
12 8 1324909722978077980491776.000000
12 9 437377273961642085842944.000000
12 10 142170380634369961230336.000000
12 11 150205937276705023459328.000000
12 12 77356844611465977528320.000000
12 13 38945967648796187820032.000000
12 14 -36742525236109830520832.000000
12 15 -122220686285815072948224.000000
12 16 -114684380683771794423808.000000
12 17 -108017503996991644893184.000000
12 18 -80963984718609866817536.000000
12 19 -330572859560278957752320.000000
12 20 -273965854835963529789440.000000
12 21 -568967699272201475719168.000000
12 22 -523538016333470296440832.000000
12 23 -375955488890103370088448.000000
12 24 0.000000
12 25 0.000000
12 26 0.000000
12 27 0.000000
12 28 0.000000
12 29 0.000000
12 30 0.000000
12 31 0.000000
13 0 0.000000
13 1 0.000000
13 2 0.000000
13 3 0.000000
13 4 0.000000
13 5 0.000000
13 6 0.000000
13 7 0.000000
13 8 1454923095785523279560704.000000
13 9 325753035181473015005184.000000
13 10 176623989640465569808384.000000
13 11 137421929302458586103808.000000
13 12 80105940903204730437632.000000
13 13 43504623781611288133632.000000
13 14 -53800955911688947761152.000000
13 15 -84659782688018171691008.000000
13 16 -90716682834068006502400.000000
13 17 -101259582540144573415424.000000
13 18 -138557719114082915713024.000000
13 19 -350067645310473152233472.000000
13 20 -343077266055259725234176.000000
13 21 -614199908374471713488896.000000
13 22 -367328393443912447950848.000000
13 23 -181870178803193932152832.000000
13 24 0.000000
13 25 0.000000
13 26 0.000000
13 27 0.000000
13 28 0.000000
13 29 0.000000
13 30 0.000000
13 31 0.000000
14 0 0.000000
14 1 0.000000
14 2 0.000000
14 3 0.000000
14 4 0.000000
14 5 0.000000
14 6 0.000000
14 7 0.000000
14 8 1265551991658958691500032.000000
14 9 303933995706788435984384.000000
14 10 187165529259454670831616.000000
14 11 150664637905951963217920.000000
14 12 76999357880244562296832.000000
14 13 42641635013815298949120.000000
14 14 -57261729030943295930368.000000
14 15 -79298355418024653094912.000000
14 16 -85145063562265852116992.000000
14 17 -92506323253992494202880.000000
14 18 -165301886134060614418432.000000
14 19 -340302003849685949743104.000000
14 20 -334131279726653953015808.000000
14 21 -586614063620134742786048.000000
14 22 -357669108991925227094016.000000
14 23 -161237459527952779706368.000000
14 24 0.000000
14 25 0.000000
14 26 0.000000
14 27 0.000000
14 28 0.000000
14 29 0.000000
14 30 0.000000
14 31 0.000000
15 0 0.000000
15 1 0.000000
15 2 0.000000
15 3 0.000000
15 4 0.000000
15 5 0.000000
15 6 0.000000
15 7 0.000000
15 8 1701116080381824396689408.000000
15 9 326799815850061994131456.000000
15 10 195041532374191251128320.000000
15 11 142422582213502709006336.000000
15 12 75891580458302477172736.000000
15 13 56283862443852340133888.000000
15 14 -50124064053516344229888.000000
15 15 -77061651670290350997504.000000
15 16 -91314112346236467019776.000000
15 17 -74979007058609138827264.000000
15 18 -181752436694535957905408.000000
15 19 -338112930171610718011392.000000
15 20 -334291968161358532313088.000000
15 21 -575493955564216608882688.000000
15 22 -349964530893404877357056.000000
15 23 -157505452617540416045056.000000
15 24 0.000000
15 25 0.000000
15 26 0.000000
15 27 0.000000
15 28 0.000000
15 29 0.000000
15 30 0.000000
15 31 0.000000
16 0 0.000000
16 1 0.000000
16 2 0.000000
16 3 0.000000
16 4 0.000000
16 5 0.000000
16 6 0.000000
16 7 0.000000
16 8 38995983473336259941761024.000000
16 9 395882908434901283897344.000000
16 10 199741146671743420596224.000000
16 11 127961631896407103242240.000000
16 12 91225850800739260039168.000000
16 13 48891658519086035369984.000000
16 14 -52180380621775948480512.000000
16 15 -58317462855591487602688.000000
16 16 -88933599655200970244096.000000
16 17 -87527413721949316055040.000000
16 18 -186245353783590331088896.000000
16 19 -313777459369136600645632.000000
16 20 -362232084076782975713280.000000
16 21 -568978003508148899414016.000000
16 22 -334797668356316710567936.000000
16 23 -159075173260461147684864.000000
16 24 0.000000
16 25 0.000000
16 26 0.000000
16 27 0.000000
16 28 0.000000
16 29 0.000000
16 30 0.000000
16 31 0.000000
17 0 0.000000
17 1 0.000000
17 2 0.000000
17 3 0.000000
17 4 0.000000
17 5 0.000000
17 6 0.000000
17 7 0.000000
17 8 116399351421874479300608.000000
17 9 393925247720078857732096.000000
17 10 208585369663169129086976.000000
17 11 148506242748538379304960.000000
17 12 100881235135449178046464.000000
17 13 37376742401834466934784.000000
17 14 -48509586637498804600832.000000
17 15 -56132203726400638681088.000000
17 16 -96231007311410753437696.000000
17 17 -82935219282709187657728.000000
17 18 -205404171001582686568448.000000
17 19 -297069050708396532039680.000000
17 20 -382452165539765933834240.000000
17 21 -560638453890966328705024.000000
17 22 -324545169761412247977984.000000
17 23 -151802202135829476802560.000000
17 24 0.000000
17 25 0.000000
17 26 0.000000
17 27 0.000000
17 28 0.000000
17 29 0.000000
17 30 0.000000
17 31 0.000000
18 0 0.000000
18 1 0.000000
18 2 0.000000
18 3 0.000000
18 4 0.000000
18 5 0.000000
18 6 0.000000
18 7 0.000000
18 8 138779188129358487224320.000000
18 9 403098035325919008129024.000000
18 10 222288418206173808820224.000000
18 11 143859617804201851092992.000000
18 12 83307820094280058273792.000000
18 13 32296101057808616652800.000000
18 14 -40220729537721916194816.000000
18 15 -65125203131516531507200.000000
18 16 -88200179448684430229504.000000
18 17 -52906378896106581917696.000000
18 18 -223868190883462831407104.000000
18 19 -288676538759596084297728.000000
18 20 -388160568139450584924160.000000
18 21 -549110643967981598539776.000000
18 22 -314071994784766631084032.000000
18 23 -145720847443803020197888.000000
18 24 0.000000
18 25 0.000000
18 26 0.000000
18 27 0.000000
18 28 0.000000
18 29 0.000000
18 30 0.000000
18 31 0.000000
19 0 0.000000
19 1 0.000000
19 2 0.000000
19 3 0.000000
19 4 0.000000
19 5 0.000000
19 6 0.000000
19 7 0.000000
19 8 338741956938764809928704.000000
19 9 454081233065950312398848.000000
19 10 233114297091236573478912.000000
19 11 127384351488971498323968.000000
19 12 92104151807268308910080.000000
19 13 33685114765681107140608.000000
19 14 -33456442242801556520960.000000
19 15 -64738920384277709324288.000000
19 16 -83301415975609937428480.000000
19 17 -59619984932620327714816.000000
19 18 -239615099038157808599040.000000
19 19 -268739841799565787267072.000000
19 20 -412999757553046837526528.000000
19 21 -531991344891638755360768.000000
19 22 -299956074242323133759488.000000
19 23 -152640916501633939013632.000000
19 24 0.000000
19 25 0.000000
19 26 0.000000
19 27 0.000000
19 28 0.000000
19 29 0.000000
19 30 0.000000
19 31 0.000000
20 0 0.000000
20 1 0.000000
20 2 0.000000
20 3 0.000000
20 4 0.000000
20 5 0.000000
20 6 0.000000
20 7 0.000000
20 8 479919501020882435833856.000000
20 9 666086636286144596148224.000000
20 10 250166672677116691087360.000000
20 11 132014214035494953549824.000000
20 12 85422710479293243195392.000000
20 13 18670631521985021083648.000000
20 14 -16746522624386505113600.000000
20 15 -43957375155750471467008.000000
20 16 -82092523734834129928192.000000
20 17 -73012339144531971670016.000000
20 18 -242611235783856342695936.000000
20 19 -252072560010622866030592.000000
20 20 -431337298342991909355520.000000
20 21 -520189031564166538723328.000000
20 22 -293681857399854163034112.000000
20 23 -225437064849653617393664.000000
20 24 0.000000
20 25 0.000000
20 26 0.000000
20 27 0.000000
20 28 0.000000
20 29 0.000000
20 30 0.000000
20 31 0.000000
21 0 0.000000
21 1 0.000000
21 2 0.000000
21 3 0.000000
21 4 0.000000
21 5 0.000000
21 6 0.000000
21 7 0.000000
21 8 19154181320622331347861504.000000
21 9 716750114481429614166016.000000
21 10 467272636662488684822528.000000
21 11 164866946496447681396736.000000
21 12 72885364656637887905792.000000
21 13 18881771531515218362368.000000
21 14 -5974934632831691784192.000000
21 15 -55388681945919906643968.000000
21 16 -73669662028144832413696.000000
21 17 -65127148686555555561472.000000
21 18 -264167283054700994232320.000000
21 19 -240158899685963541250048.000000
21 20 -445046399723895775035392.000000
21 21 -514835404528727625826304.000000
21 22 -353861477636570058063872.000000
21 23 -135686746409228262440960.000000
21 24 0.000000
21 25 0.000000
21 26 0.000000
21 27 0.000000
21 28 0.000000
21 29 0.000000
21 30 0.000000
21 31 0.000000
22 0 0.000000
22 1 0.000000
22 2 0.000000
22 3 0.000000
22 4 0.000000
22 5 0.000000
22 6 0.000000
22 7 0.000000
22 8 -28063532559612904472576.000000
22 9 291018428580227251699712.000000
22 10 824213279407487479447552.000000
22 11 371207722105335355277312.000000
22 12 91151505378090627891200.000000
22 13 42069241011975391019008.000000
22 14 -13762901382052433625088.000000
22 15 -73827044820722921766912.000000
22 16 -60380102477727920029696.000000
22 17 -59990387987573041528832.000000
22 18 -262999319527338729799680.000000
22 19 -238043252696212958085120.000000
22 20 -458308419762591316836352.000000
22 21 -520622890337868902825984.000000
22 22 -433302777306767450701824.000000
22 23 -89682548273232683728896.000000
22 24 0.000000
22 25 0.000000
22 26 0.000000
22 27 0.000000
22 28 0.000000
22 29 0.000000
22 30 0.000000
22 31 0.000000
23 0 0.000000
23 1 0.000000
23 2 0.000000
23 3 0.000000
23 4 0.000000
23 5 0.000000
23 6 0.000000
23 7 0.000000
23 8 -27932482314056050409472.000000
23 9 298859483761855436947456.000000
23 10 75391617849269568929792.000000
23 11 538269434829787264712704.000000
23 12 318526415104206241267712.000000
23 13 56702661180400777297920.000000
23 14 -22194590144011377311744.000000
23 15 -53395366232847588261888.000000
23 16 -60219495107816633401344.000000
23 17 -74989054589377802403840.000000
23 18 -271772439687847512899584.000000
23 19 -240252754702197942386688.000000
23 20 -469519788761358486470656.000000
23 21 -674104196544368685875200.000000
23 22 -230617681601807465316352.000000
23 23 -119913447160716894142464.000000
23 24 0.000000
23 25 0.000000
23 26 0.000000
23 27 0.000000
23 28 0.000000
23 29 0.000000
23 30 0.000000
23 31 0.000000
24 0 0.000000
24 1 0.000000
24 2 0.000000
24 3 0.000000
24 4 0.000000
24 5 0.000000
24 6 0.000000
24 7 0.000000
24 8 0.000000
24 9 0.000000
24 10 0.000000
24 11 0.000000
24 12 0.000000
24 13 0.000000
24 14 0.000000
24 15 0.000000
24 16 0.000000
24 17 0.000000
24 18 0.000000
24 19 0.000000
24 20 0.000000
24 21 0.000000
24 22 0.000000
24 23 0.000000
24 24 0.000000
24 25 0.000000
24 26 0.000000
24 27 0.000000
24 28 0.000000
24 29 0.000000
24 30 0.000000
24 31 0.000000
25 0 0.000000
25 1 0.000000
25 2 0.000000
25 3 0.000000
25 4 0.000000
25 5 0.000000
25 6 0.000000
25 7 0.000000
25 8 0.000000
25 9 0.000000
25 10 0.000000
25 11 0.000000
25 12 0.000000
25 13 0.000000
25 14 0.000000
25 15 0.000000
25 16 0.000000
25 17 0.000000
25 18 0.000000
25 19 0.000000
25 20 0.000000
25 21 0.000000
25 22 0.000000
25 23 0.000000
25 24 0.000000
25 25 0.000000
25 26 0.000000
25 27 0.000000
25 28 0.000000
25 29 0.000000
25 30 0.000000
25 31 0.000000
26 0 0.000000
26 1 0.000000
26 2 0.000000
26 3 0.000000
26 4 0.000000
26 5 0.000000
26 6 0.000000
26 7 0.000000
26 8 0.000000
26 9 0.000000
26 10 0.000000
26 11 0.000000
26 12 0.000000
26 13 0.000000
26 14 0.000000
26 15 0.000000
26 16 0.000000
26 17 0.000000
26 18 0.000000
26 19 0.000000
26 20 0.000000
26 21 0.000000
26 22 0.000000
26 23 0.000000
26 24 0.000000
26 25 0.000000
26 26 0.000000
26 27 0.000000
26 28 0.000000
26 29 0.000000
26 30 0.000000
26 31 0.000000
27 0 0.000000
27 1 0.000000
27 2 0.000000
27 3 0.000000
27 4 0.000000
27 5 0.000000
27 6 0.000000
27 7 0.000000
27 8 0.000000
27 9 0.000000
27 10 0.000000
27 11 0.000000
27 12 0.000000
27 13 0.000000
27 14 0.000000
27 15 0.000000
27 16 0.000000
27 17 0.000000
27 18 0.000000
27 19 0.000000
27 20 0.000000
27 21 0.000000
27 22 0.000000
27 23 0.000000
27 24 0.000000
27 25 0.000000
27 26 0.000000
27 27 0.000000
27 28 0.000000
27 29 0.000000
27 30 0.000000
27 31 0.000000
28 0 0.000000
28 1 0.000000
28 2 0.000000
28 3 0.000000
28 4 0.000000
28 5 0.000000
28 6 0.000000
28 7 0.000000
28 8 0.000000
28 9 0.000000
28 10 0.000000
28 11 0.000000
28 12 0.000000
28 13 0.000000
28 14 0.000000
28 15 0.000000
28 16 0.000000
28 17 0.000000
28 18 0.000000
28 19 0.000000
28 20 0.000000
28 21 0.000000
28 22 0.000000
28 23 0.000000
28 24 0.000000
28 25 0.000000
28 26 0.000000
28 27 0.000000
28 28 0.000000
28 29 0.000000
28 30 0.000000
28 31 0.000000
29 0 0.000000
29 1 0.000000
29 2 0.000000
29 3 0.000000
29 4 0.000000
29 5 0.000000
29 6 0.000000
29 7 0.000000
29 8 0.000000
29 9 0.000000
29 10 0.000000
29 11 0.000000
29 12 0.000000
29 13 0.000000
29 14 0.000000
29 15 0.000000
29 16 0.000000
29 17 0.000000
29 18 0.000000
29 19 0.000000
29 20 0.000000
29 21 0.000000
29 22 0.000000
29 23 0.000000
29 24 0.000000
29 25 0.000000
29 26 0.000000
29 27 0.000000
29 28 0.000000
29 29 0.000000
29 30 0.000000
29 31 0.000000
30 0 0.000000
30 1 0.000000
30 2 0.000000
30 3 0.000000
30 4 0.000000
30 5 0.000000
30 6 0.000000
30 7 0.000000
30 8 0.000000
30 9 0.000000
30 10 0.000000
30 11 0.000000
30 12 0.000000
30 13 0.000000
30 14 0.000000
30 15 0.000000
30 16 0.000000
30 17 0.000000
30 18 0.000000
30 19 0.000000
30 20 0.000000
30 21 0.000000
30 22 0.000000
30 23 0.000000
30 24 0.000000
30 25 0.000000
30 26 0.000000
30 27 0.000000
30 28 0.000000
30 29 0.000000
30 30 0.000000
30 31 0.000000
31 0 0.000000
31 1 0.000000
31 2 0.000000
31 3 0.000000
31 4 0.000000
31 5 0.000000
31 6 0.000000
31 7 0.000000
31 8 0.000000
31 9 0.000000
31 10 0.000000
31 11 0.000000
31 12 0.000000
31 13 0.000000
31 14 0.000000
31 15 0.000000
31 16 0.000000
31 17 0.000000
31 18 0.000000
31 19 0.000000
31 20 0.000000
31 21 0.000000
31 22 0.000000
31 23 0.000000
31 24 0.000000
31 25 0.000000
31 26 0.000000
31 27 0.000000
31 28 0.000000
31 29 0.000000
31 30 0.000000
31 31 0.000000
