0 0 2.699997
0 1 3.050001
0 2 3.050001
0 3 3.050001
0 4 3.050001
0 5 3.050001
0 6 3.050001
0 7 3.050001
0 8 3.050001
0 9 3.050001
0 10 3.050001
0 11 3.050001
0 12 3.050001
0 13 3.050001
0 14 3.050001
0 15 3.050001
0 16 3.050001
0 17 3.050000
0 18 3.050001
0 19 3.050001
0 20 3.050001
0 21 3.050000
0 22 3.050000
0 23 3.050001
0 24 3.050001
0 25 3.050001
0 26 3.050001
0 27 3.050001
0 28 3.050000
0 29 3.050001
0 30 3.050000
0 31 3.050001
1 0 4.266548
1 1 4.283519
1 2 4.346282
1 3 4.357595
1 4 4.422297
1 5 4.439267
1 6 4.456239
1 7 4.473208
1 8 4.490179
1 9 4.607151
1 10 4.624121
1 11 4.641090
1 12 4.658062
1 13 4.675032
1 14 4.740624
1 15 4.751939
1 16 4.813812
1 17 4.830783
1 18 4.847754
1 19 4.864725
1 20 4.881695
1 21 4.898666
1 22 5.015635
1 23 5.032606
1 24 5.049578
1 25 5.066547
1 26 5.083518
1 27 5.146281
1 28 5.157597
1 29 5.222298
1 30 5.239268
1 31 5.256238
2 0 3.080669
2 1 3.020734
2 2 3.009419
2 3 2.998106
2 4 2.986792
2 5 2.975478
2 6 2.917438
2 7 2.911782
2 8 2.906124
2 9 2.900467
2 10 2.894810
2 11 2.889153
2 12 2.883497
2 13 2.826390
2 14 2.815076
2 15 2.803763
2 16 2.792449
2 17 2.781135
2 18 2.669821
2 19 2.658508
2 20 2.647193
2 21 2.635880
2 22 2.624566
2 23 2.613252
2 24 2.601939
2 25 2.590625
2 26 2.525033
2 27 2.508062
2 28 2.491092
2 29 2.474121
2 30 2.457151
2 31 2.340180
3 0 0.000000
3 1 0.000000
3 2 0.000000
3 3 0.000000
3 4 0.000000
3 5 0.000000
3 6 0.000000
3 7 0.000000
3 8 0.000000
3 9 0.000000
3 10 0.000000
3 11 0.000000
3 12 0.000000
3 13 0.000000
3 14 0.000000
3 15 0.000000
3 16 0.000000
3 17 0.000000
3 18 0.000000
3 19 0.000000
3 20 0.000000
3 21 0.000000
3 22 0.000000
3 23 0.000000
3 24 0.000000
3 25 0.000000
3 26 0.000000
3 27 0.000000
3 28 0.000000
3 29 0.000000
3 30 0.000000
3 31 0.000000
4 0 0.000000
4 1 0.000000
4 2 0.000000
4 3 0.000000
4 4 0.000000
4 5 0.000000
4 6 0.000000
4 7 0.000000
4 8 0.000000
4 9 0.000000
4 10 0.000000
4 11 0.000000
4 12 0.000000
4 13 0.000000
4 14 0.000000
4 15 0.000000
4 16 0.000000
4 17 0.000000
4 18 0.000000
4 19 0.000000
4 20 0.000000
4 21 0.000000
4 22 0.000000
4 23 0.000000
4 24 0.000000
4 25 0.000000
4 26 0.000000
4 27 0.000000
4 28 0.000000
4 29 0.000000
4 30 0.000000
4 31 0.000000
5 0 0.000000
5 1 0.000000
5 2 0.000000
5 3 0.000000
5 4 0.000000
5 5 0.000000
5 6 0.000000
5 7 0.000000
5 8 0.000000
5 9 0.000000
5 10 0.000000
5 11 0.000000
5 12 0.000000
5 13 0.000000
5 14 0.000000
5 15 0.000000
5 16 0.000000
5 17 0.000000
5 18 0.000000
5 19 0.000000
5 20 0.000000
5 21 0.000000
5 22 0.000000
5 23 0.000000
5 24 0.000000
5 25 0.000000
5 26 0.000000
5 27 0.000000
5 28 0.000000
5 29 0.000000
5 30 0.000000
5 31 0.000000
6 0 0.000000
6 1 0.000000
6 2 0.000000
6 3 0.000000
6 4 0.000000
6 5 0.000000
6 6 0.000000
6 7 0.000000
6 8 0.000000
6 9 0.000000
6 10 0.000000
6 11 0.000000
6 12 0.000000
6 13 0.000000
6 14 0.000000
6 15 0.000000
6 16 0.000000
6 17 0.000000
6 18 0.000000
6 19 0.000000
6 20 0.000000
6 21 0.000000
6 22 0.000000
6 23 0.000000
6 24 0.000000
6 25 0.000000
6 26 0.000000
6 27 0.000000
6 28 0.000000
6 29 0.000000
6 30 0.000000
6 31 0.000000
7 0 0.000000
7 1 0.000000
7 2 0.000000
7 3 0.000000
7 4 0.000000
7 5 0.000000
7 6 0.000000
7 7 0.000000
7 8 0.000000
7 9 0.000000
7 10 0.000000
7 11 0.000000
7 12 0.000000
7 13 0.000000
7 14 0.000000
7 15 0.000000
7 16 0.000000
7 17 0.000000
7 18 0.000000
7 19 0.000000
7 20 0.000000
7 21 0.000000
7 22 0.000000
7 23 0.000000
7 24 0.000000
7 25 0.000000
7 26 0.000000
7 27 0.000000
7 28 0.000000
7 29 0.000000
7 30 0.000000
7 31 0.000000
8 0 0.000000
8 1 0.000000
8 2 0.000000
8 3 0.000000
8 4 0.000000
8 5 0.000000
8 6 0.000000
8 7 0.000000
8 8 35869110473046892052742144.000000
8 9 1801436392183684579459072.000000
8 10 -2088615015692818727305216.000000
8 11 157476496849837027007397888.000000
8 12 -1504295085722866515181568.000000
8 13 2156115543368600024776704.000000
8 14 -1280204615176195185573888.000000
8 15 -3979714401520153947799552.000000
8 16 -3844586524803084599689216.000000
8 17 -2989369240581679981002752.000000
8 18 -3591976523227329848147968.000000
8 19 -15620950759740738780528640.000000
8 20 -4219342218723659450679296.000000
8 21 155515202126432080060481536.000000
8 22 -20703735492930044247932928.000000
8 23 -11570629139435452310224896.000000
8 24 0.000000
8 25 0.000000
8 26 0.000000
8 27 0.000000
8 28 0.000000
8 29 0.000000
8 30 0.000000
8 31 0.000000
9 0 0.000000
9 1 0.000000
9 2 0.000000
9 3 0.000000
9 4 0.000000
9 5 0.000000
9 6 0.000000
9 7 0.000000
9 8 20199950300591017965912064.000000
9 9 1245142254608467907051520.000000
9 10 9746107799965024833765376.000000
9 11 6728177811410471736049664.000000
9 12 5865999475374627127033856.000000
9 13 679688011563961759563776.000000
9 14 -318397972442833634721792.000000
9 15 -2745160578009995323375616.000000
9 16 -2680837069655346268602368.000000
9 17 -2176199580094039374954496.000000
9 18 -2265815592186377286975488.000000
9 19 -7080387260617331239288832.000000
9 20 -12798836418293126393757696.000000
9 21 -6389338792892537837191168.000000
9 22 -9935695365104079357345792.000000
9 23 -5738886997187960730812416.000000
9 24 0.000000
9 25 0.000000
9 26 0.000000
9 27 0.000000
9 28 0.000000
9 29 0.000000
9 30 0.000000
9 31 0.000000
10 0 0.000000
10 1 0.000000
10 2 0.000000
10 3 0.000000
10 4 0.000000
10 5 0.000000
10 6 0.000000
10 7 0.000000
10 8 20167331845382681051267072.000000
10 9 1206912386322021392318464.000000
10 10 8396621825733994999709696.000000
10 11 8074405053008730317127680.000000
10 12 2485435033138183264010240.000000
10 13 321857565618985611821056.000000
10 14 -1002481245041529865633792.000000
10 15 -2783404713700061347840000.000000
10 16 -2363888571745382573277184.000000
10 17 -2583754449668798263853056.000000
10 18 -2027445324114021702434816.000000
10 19 -6521377128207636987117568.000000
10 20 -7478240295730823510884352.000000
10 21 -14647810069954760487731200.000000
10 22 -10787636334639767468638208.000000
10 23 -5643398579411907843719168.000000
10 24 0.000000
10 25 0.000000
10 26 0.000000
10 27 0.000000
10 28 0.000000
10 29 0.000000
10 30 0.000000
10 31 0.000000
11 0 0.000000
11 1 0.000000
11 2 0.000000
11 3 0.000000
11 4 0.000000
11 5 0.000000
11 6 0.000000
11 7 0.000000
11 8 165937022232267618017869824.000000
11 9 7255072162387837658857472.000000
11 10 7235410239048272490528768.000000
11 11 3850599586910361610092544.000000
11 12 1794964323202385968103424.000000
11 13 564685244400933380554752.000000
11 14 -945261606652703974359040.000000
11 15 -2779540409046995348488192.000000
11 16 -2177063694761742206763008.000000
11 17 -2439611879707207979237376.000000
11 18 -2058134797529963286233088.000000
11 19 -6873039516160560541466624.000000
11 20 -6247015244834841005391872.000000
11 21 -11945770197368941999816704.000000
11 22 -15098461721832475620016128.000000
11 23 -9063555787268431590457344.000000
11 24 0.000000
11 25 0.000000
11 26 0.000000
11 27 0.000000
11 28 0.000000
11 29 0.000000
11 30 0.000000
11 31 0.000000
12 0 0.000000
12 1 0.000000
12 2 0.000000
12 3 0.000000
12 4 0.000000
12 5 0.000000
12 6 0.000000
12 7 0.000000
12 8 28960011607447495461830656.000000
12 9 9560237830217575088259072.000000
12 10 3107574823684506180911104.000000
12 11 3283216938534212435181568.000000
12 12 1690873813965273319866368.000000
12 13 851285173372348929146880.000000
12 14 -803121805459803858796544.000000
12 15 -2671512240526086090260480.000000
12 16 -2506783104178235946041344.000000
12 17 -2361057717106008536383488.000000
12 18 -1769719233361574067437568.000000
12 19 -7225695722450455197908992.000000
12 20 -5988374022638111685607424.000000
12 21 -12436553893900516868489216.000000
12 22 -11443548366590162602295296.000000
12 23 -8217673420239452460023808.000000
12 24 0.000000
12 25 0.000000
12 26 0.000000
12 27 0.000000
12 28 0.000000
12 29 0.000000
12 30 0.000000
12 31 0.000000
13 0 0.000000
13 1 0.000000
13 2 0.000000
13 3 0.000000
13 4 0.000000
13 5 0.000000
13 6 0.000000
13 7 0.000000
13 8 31801861659210967855136768.000000
13 9 7120343484741738431512576.000000
13 10 3860664879875955535904768.000000
13 11 3003782488771522478473216.000000
13 12 1750964082785382184255488.000000
13 13 950928359963034703101952.000000
13 14 -1175986708112823480745984.000000
13 15 -1850502713807118924775424.000000
13 16 -1982894851908944300867584.000000
13 17 -2213342531632017784700928.000000
13 18 -3028608635760597866119168.000000
13 19 -7651814357631641233391616.000000
13 20 -7499018247086848107085824.000000
13 21 -13425245188940632313298944.000000
13 22 -8029102155406708872052736.000000
13 23 -3975337335027914053255168.000000
13 24 0.000000
13 25 0.000000
13 26 0.000000
13 27 0.000000
13 28 0.000000
13 29 0.000000
13 30 0.000000
13 31 0.000000
14 0 0.000000
14 1 0.000000
14 2 0.000000
14 3 0.000000
14 4 0.000000
14 5 0.000000
14 6 0.000000
14 7 0.000000
14 8 27662569086395171003695104.000000
14 9 6643421363460051684032512.000000
14 10 4091083160100661545140224.000000
14 11 3293243320399025879908352.000000
14 12 1683060176698176566198272.000000
14 13 932065411226162079727616.000000
14 14 -1251632914449028303814656.000000
14 15 -1733311989858722901917696.000000
14 16 -1861109879879878068666368.000000
14 17 -2022013334445066542907392.000000
14 18 -3613185378995701253406720.000000
14 19 -7438356129200454246596608.000000
14 20 -7303475842376499218874368.000000
14 21 -12822271853717269772238848.000000
14 22 -7817968793189561592184832.000000
14 23 -3524345859536716052824064.000000
14 24 0.000000
14 25 0.000000
14 26 0.000000
14 27 0.000000
14 28 0.000000
14 29 0.000000
14 30 0.000000
14 31 0.000000
15 0 0.000000
15 1 0.000000
15 2 0.000000
15 3 0.000000
15 4 0.000000
15 5 0.000000
15 6 0.000000
15 7 0.000000
15 8 37183173510509628816883712.000000
15 9 7143223788461413613174784.000000
15 10 4263237975629308239020032.000000
15 11 3113087229628407668015104.000000
15 12 1658846086912859338440704.000000
15 13 1230258614444745816014848.000000
15 14 -1095617630890590746968064.000000
15 15 -1684421488764741100765184.000000
15 16 -1995953417330873753141248.000000
15 17 -1638899103731280127197184.000000
15 18 -3972763725999255419092992.000000
15 19 -7390505851534003973128192.000000
15 20 -7306988217740283978186752.000000
15 21 -12579204871665522044829696.000000
15 22 -7649561549011639454400512.000000
15 23 -3442770898478258595037184.000000
15 24 0.000000
15 25 0.000000
15 26 0.000000
15 27 0.000000
15 28 0.000000
15 29 0.000000
15 30 0.000000
15 31 0.000000
16 0 0.000000
16 1 0.000000
16 2 0.000000
16 3 0.000000
16 4 0.000000
16 5 0.000000
16 6 0.000000
16 7 0.000000
16 8 852378148146862990810939392.000000
16 9 8653249470522928461250560.000000
16 10 4365963281689778304581632.000000
16 11 2796998811160880680534016.000000
16 12 1994023859077726118871040.000000
16 13 1068678899359511388094464.000000
16 14 -1140564347805282714255360.000000
16 15 -1274708926594110497751040.000000
16 16 -1943919908100145611276288.000000
16 17 -1913184029593643601887232.000000
16 18 -4070969867992042796220416.000000
16 19 -6858579574649781466693632.000000
16 20 -7917706879631595317231616.000000
16 21 -12436778713593915203649536.000000
16 22 -7318042429126454426992640.000000
16 23 -3477081842455358361042944.000000
16 24 0.000000
16 25 0.000000
16 26 0.000000
16 27 0.000000
16 28 0.000000
16 29 0.000000
16 30 0.000000
16 31 0.000000
17 0 0.000000
17 1 0.000000
17 2 0.000000
17 3 0.000000
17 4 0.000000
17 5 0.000000
17 6 0.000000
17 7 0.000000
17 8 2544268905748646816907264.000000
17 9 8610458212418693032312832.000000
17 10 4559280836126612129841152.000000
17 11 3246064331278632943091712.000000
17 12 2205072481564284795486208.000000
17 13 816984389516008510980096.000000
17 14 -1060327784498485729951744.000000
17 15 -1226943388658248827535360.000000
17 16 -2103427462953631345541120.000000
17 17 -1812806936407681531904000.000000
17 18 -4489746122571140126736384.000000
17 19 -6493366900253213639835648.000000
17 20 -8359679338422630105481216.000000
17 21 -12254496059108049662509056.000000
17 22 -7093942158746993939185664.000000
17 23 -3318108666719257900351488.000000
17 24 0.000000
17 25 0.000000
17 26 0.000000
17 27 0.000000
17 28 0.000000
17 29 0.000000
17 30 0.000000
17 31 0.000000
18 0 0.000000
18 1 0.000000
18 2 0.000000
18 3 0.000000
18 4 0.000000
18 5 0.000000
18 6 0.000000
18 7 0.000000
18 8 3033449464928065864859648.000000
18 9 8810959908981108272791552.000000
18 10 4858802637264067181412352.000000
18 11 3144498576021421213876224.000000
18 12 1820950885685848147230720.000000
18 13 705931243197387037999104.000000
18 14 -879149412641251434430464.000000
18 15 -1423513911120330871537664.000000
18 16 -1927888822808963555786752.000000
18 17 -1156433087337097318105088.000000
18 18 -4893333789248546855190528.000000
18 19 -6309921524429952093519872.000000
18 20 -8484454844719458422882304.000000
18 21 -12002515840904186401128448.000000
18 22 -6865018641253010707054592.000000
18 23 -3185181717154483023118336.000000
18 24 0.000000
18 25 0.000000
18 26 0.000000
18 27 0.000000
18 28 0.000000
18 29 0.000000
18 30 0.000000
18 31 0.000000
19 0 0.000000
19 1 0.000000
19 2 0.000000
19 3 0.000000
19 4 0.000000
19 5 0.000000
19 6 0.000000
19 7 0.000000
19 8 7404256746319449837010944.000000
19 9 9925354812129260546818048.000000
19 10 5095435740859356399271936.000000
19 11 2784380085292958740381696.000000
19 12 2013221875626875107147776.000000
19 13 736292638387673935904768.000000
19 14 -731294363377233064624128.000000
19 15 -1415070058135778400141312.000000
19 16 -1820810805723038415323136.000000
19 17 -1303180179035188507967488.000000
19 18 -5237532739841397985640448.000000
19 19 -5874143136422417590648832.000000
19 20 -9027390369051171711090688.000000
19 21 -11628321331525978932903936.000000
19 22 -6556471482347117105643520.000000
19 23 -3336441271564011374116864.000000
19 24 0.000000
19 25 0.000000
19 26 0.000000
19 27 0.000000
19 28 0.000000
19 29 0.000000
19 30 0.000000
19 31 0.000000
20 0 0.000000
20 1 0.000000
20 2 0.000000
20 3 0.000000
20 4 0.000000
20 5 0.000000
20 6 0.000000
20 7 0.000000
20 8 10490129552061989033869312.000000
20 9 14559393672687965999988736.000000
20 10 5468168922230474688954368.000000
20 11 2885580364433210099105792.000000
20 12 1867178282219376207724544.000000
20 13 408104452844486165266432.000000
20 14 -366046957220338956500992.000000
20 15 -960825254331361991327744.000000
20 16 -1794387141874142165336064.000000
20 17 -1595911416625697306705920.000000
20 18 -5303022716528333017841664.000000
20 19 -5509828011417186194161664.000000
20 20 -9428216212264292737613824.000000
20 21 -11370347074419664674095104.000000
20 22 -6419328010609618837307392.000000
20 23 -4927626862942325215068160.000000
20 24 0.000000
20 25 0.000000
20 26 0.000000
20 27 0.000000
20 28 0.000000
20 29 0.000000
20 30 0.000000
20 31 0.000000
21 0 0.000000
21 1 0.000000
21 2 0.000000
21 3 0.000000
21 4 0.000000
21 5 0.000000
21 6 0.000000
21 7 0.000000
21 8 418674091898731108591730688.000000
21 9 15666800142135943871070208.000000
21 10 10213693562902405334433792.000000
21 11 3603678964729465496666112.000000
21 12 1593135469872980170899456.000000
21 13 412719561598630354747392.000000
21 14 -130601074544418639314944.000000
21 15 -1210691807129310712561664.000000
21 16 -1610279124416107833720832.000000
21 17 -1423556280985625173164032.000000
21 18 -5774195794727297722875904.000000
21 19 -5249418784093142274539520.000000
21 20 -9727869734683649121452032.000000
21 21 -11253326694623574312878080.000000
21 22 -7734741119154250219257856.000000
21 23 -2965854830034471033503744.000000
21 24 0.000000
21 25 0.000000
21 26 0.000000
21 27 0.000000
21 28 0.000000
21 29 0.000000
21 30 0.000000
21 31 0.000000
22 0 0.000000
22 1 0.000000
22 2 0.000000
22 3 0.000000
22 4 0.000000
22 5 0.000000
22 6 0.000000
22 7 0.000000
22 8 -613415777636150981689344.000000
22 9 6361110662773743795830784.000000
22 10 18015737051348832549339136.000000
22 11 8113898379149037860290560.000000
22 12 1992398816216982768058368.000000
22 13 919553762942980500488192.000000
22 14 -300831375851500353880064.000000
22 15 -1613719586301042740953088.000000
22 16 -1319794786722889703882752.000000
22 17 -1311276426186102015000576.000000
22 18 -5748666077390036006862848.000000
22 19 -5203174526082609338908672.000000
22 20 -10017752247351462477168640.000000
22 21 -11379828700873551383625728.000000
22 22 -9471177526290457676480512.000000
22 23 -1960290672889622459056128.000000
22 24 0.000000
22 25 0.000000
22 26 0.000000
22 27 0.000000
22 28 0.000000
22 29 0.000000
22 30 0.000000
22 31 0.000000
23 0 0.000000
23 1 0.000000
23 2 0.000000
23 3 0.000000
23 4 0.000000
23 5 0.000000
23 6 0.000000
23 7 0.000000
23 8 -610551344157955270377472.000000
23 9 6532502244266340757012480.000000
23 10 1647917543970691035955200.000000
23 11 11765548966533313501069312.000000
23 12 6962384015238563541024768.000000
23 13 1239412522960948029292544.000000
23 14 -485131751056818934120448.000000
23 15 -1167121750548713358491648.000000
23 16 -1316284428971738006552576.000000
23 17 -1639119167623471959113728.000000
23 18 -5940429205408283650686976.000000
23 19 -5251469254989085551886336.000000
23 20 -10262812630684675442999296.000000
23 21 -14734638894309711347187712.000000
23 22 -5040865660203305118203904.000000
23 23 -2621081148071573389836288.000000
23 24 0.000000
23 25 0.000000
23 26 0.000000
23 27 0.000000
23 28 0.000000
23 29 0.000000
23 30 0.000000
23 31 0.000000
24 0 0.000000
24 1 0.000000
24 2 0.000000
24 3 0.000000
24 4 0.000000
24 5 0.000000
24 6 0.000000
24 7 0.000000
24 8 0.000000
24 9 0.000000
24 10 0.000000
24 11 0.000000
24 12 0.000000
24 13 0.000000
24 14 0.000000
24 15 0.000000
24 16 0.000000
24 17 0.000000
24 18 0.000000
24 19 0.000000
24 20 0.000000
24 21 0.000000
24 22 0.000000
24 23 0.000000
24 24 0.000000
24 25 0.000000
24 26 0.000000
24 27 0.000000
24 28 0.000000
24 29 0.000000
24 30 0.000000
24 31 0.000000
25 0 0.000000
25 1 0.000000
25 2 0.000000
25 3 0.000000
25 4 0.000000
25 5 0.000000
25 6 0.000000
25 7 0.000000
25 8 0.000000
25 9 0.000000
25 10 0.000000
25 11 0.000000
25 12 0.000000
25 13 0.000000
25 14 0.000000
25 15 0.000000
25 16 0.000000
25 17 0.000000
25 18 0.000000
25 19 0.000000
25 20 0.000000
25 21 0.000000
25 22 0.000000
25 23 0.000000
25 24 0.000000
25 25 0.000000
25 26 0.000000
25 27 0.000000
25 28 0.000000
25 29 0.000000
25 30 0.000000
25 31 0.000000
26 0 0.000000
26 1 0.000000
26 2 0.000000
26 3 0.000000
26 4 0.000000
26 5 0.000000
26 6 0.000000
26 7 0.000000
26 8 0.000000
26 9 0.000000
26 10 0.000000
26 11 0.000000
26 12 0.000000
26 13 0.000000
26 14 0.000000
26 15 0.000000
26 16 0.000000
26 17 0.000000
26 18 0.000000
26 19 0.000000
26 20 0.000000
26 21 0.000000
26 22 0.000000
26 23 0.000000
26 24 0.000000
26 25 0.000000
26 26 0.000000
26 27 0.000000
26 28 0.000000
26 29 0.000000
26 30 0.000000
26 31 0.000000
27 0 0.000000
27 1 0.000000
27 2 0.000000
27 3 0.000000
27 4 0.000000
27 5 0.000000
27 6 0.000000
27 7 0.000000
27 8 0.000000
27 9 0.000000
27 10 0.000000
27 11 0.000000
27 12 0.000000
27 13 0.000000
27 14 0.000000
27 15 0.000000
27 16 0.000000
27 17 0.000000
27 18 0.000000
27 19 0.000000
27 20 0.000000
27 21 0.000000
27 22 0.000000
27 23 0.000000
27 24 0.000000
27 25 0.000000
27 26 0.000000
27 27 0.000000
27 28 0.000000
27 29 0.000000
27 30 0.000000
27 31 0.000000
28 0 0.000000
28 1 0.000000
28 2 0.000000
28 3 0.000000
28 4 0.000000
28 5 0.000000
28 6 0.000000
28 7 0.000000
28 8 0.000000
28 9 0.000000
28 10 0.000000
28 11 0.000000
28 12 0.000000
28 13 0.000000
28 14 0.000000
28 15 0.000000
28 16 0.000000
28 17 0.000000
28 18 0.000000
28 19 0.000000
28 20 0.000000
28 21 0.000000
28 22 0.000000
28 23 0.000000
28 24 0.000000
28 25 0.000000
28 26 0.000000
28 27 0.000000
28 28 0.000000
28 29 0.000000
28 30 0.000000
28 31 0.000000
29 0 0.000000
29 1 0.000000
29 2 0.000000
29 3 0.000000
29 4 0.000000
29 5 0.000000
29 6 0.000000
29 7 0.000000
29 8 0.000000
29 9 0.000000
29 10 0.000000
29 11 0.000000
29 12 0.000000
29 13 0.000000
29 14 0.000000
29 15 0.000000
29 16 0.000000
29 17 0.000000
29 18 0.000000
29 19 0.000000
29 20 0.000000
29 21 0.000000
29 22 0.000000
29 23 0.000000
29 24 0.000000
29 25 0.000000
29 26 0.000000
29 27 0.000000
29 28 0.000000
29 29 0.000000
29 30 0.000000
29 31 0.000000
30 0 0.000000
30 1 0.000000
30 2 0.000000
30 3 0.000000
30 4 0.000000
30 5 0.000000
30 6 0.000000
30 7 0.000000
30 8 0.000000
30 9 0.000000
30 10 0.000000
30 11 0.000000
30 12 0.000000
30 13 0.000000
30 14 0.000000
30 15 0.000000
30 16 0.000000
30 17 0.000000
30 18 0.000000
30 19 0.000000
30 20 0.000000
30 21 0.000000
30 22 0.000000
30 23 0.000000
30 24 0.000000
30 25 0.000000
30 26 0.000000
30 27 0.000000
30 28 0.000000
30 29 0.000000
30 30 0.000000
30 31 0.000000
31 0 0.000000
31 1 0.000000
31 2 0.000000
31 3 0.000000
31 4 0.000000
31 5 0.000000
31 6 0.000000
31 7 0.000000
31 8 0.000000
31 9 0.000000
31 10 0.000000
31 11 0.000000
31 12 0.000000
31 13 0.000000
31 14 0.000000
31 15 0.000000
31 16 0.000000
31 17 0.000000
31 18 0.000000
31 19 0.000000
31 20 0.000000
31 21 0.000000
31 22 0.000000
31 23 0.000000
31 24 0.000000
31 25 0.000000
31 26 0.000000
31 27 0.000000
31 28 0.000000
31 29 0.000000
31 30 0.000000
31 31 0.000000
