0 0 2.699997
0 1 3.050001
0 2 3.050001
0 3 3.050001
0 4 3.050001
0 5 3.050001
0 6 3.050001
0 7 3.050001
0 8 3.050001
0 9 3.050001
0 10 3.050001
0 11 3.050001
0 12 3.050001
0 13 3.050001
0 14 3.050001
0 15 3.050001
0 16 3.050001
0 17 3.050000
0 18 3.050001
0 19 3.050001
0 20 3.050001
0 21 3.050000
0 22 3.050000
0 23 3.050001
0 24 3.050001
0 25 3.050001
0 26 3.050001
0 27 3.050001
0 28 3.050000
0 29 3.050001
0 30 3.050000
0 31 3.050001
1 0 4.266548
1 1 4.283519
1 2 4.346282
1 3 4.357595
1 4 4.422297
1 5 4.439267
1 6 4.456239
1 7 4.473208
1 8 4.490179
1 9 4.607151
1 10 4.624121
1 11 4.641090
1 12 4.658062
1 13 4.675032
1 14 4.740624
1 15 4.751939
1 16 4.813812
1 17 4.830783
1 18 4.847754
1 19 4.864725
1 20 4.881695
1 21 4.898666
1 22 5.015635
1 23 5.032606
1 24 5.049578
1 25 5.066547
1 26 5.083518
1 27 5.146281
1 28 5.157597
1 29 5.222298
1 30 5.239268
1 31 5.256238
2 0 3.080669
2 1 3.020734
2 2 3.009419
2 3 2.998106
2 4 2.986792
2 5 2.975478
2 6 2.917438
2 7 2.911782
2 8 2.906124
2 9 2.900467
2 10 2.894810
2 11 2.889153
2 12 2.883497
2 13 2.826390
2 14 2.815076
2 15 2.803763
2 16 2.792449
2 17 2.781135
2 18 2.669821
2 19 2.658508
2 20 2.647193
2 21 2.635880
2 22 2.624566
2 23 2.613252
2 24 2.601939
2 25 2.590625
2 26 2.525033
2 27 2.508062
2 28 2.491092
2 29 2.474121
2 30 2.457151
2 31 2.340180
3 0 0.000000
3 1 0.000000
3 2 0.000000
3 3 0.000000
3 4 0.000000
3 5 0.000000
3 6 0.000000
3 7 0.000000
3 8 0.000000
3 9 0.000000
3 10 0.000000
3 11 0.000000
3 12 0.000000
3 13 0.000000
3 14 0.000000
3 15 0.000000
3 16 0.000000
3 17 0.000000
3 18 0.000000
3 19 0.000000
3 20 0.000000
3 21 0.000000
3 22 0.000000
3 23 0.000000
3 24 0.000000
3 25 0.000000
3 26 0.000000
3 27 0.000000
3 28 0.000000
3 29 0.000000
3 30 0.000000
3 31 0.000000
4 0 0.000000
4 1 0.000000
4 2 0.000000
4 3 0.000000
4 4 0.000000
4 5 0.000000
4 6 0.000000
4 7 0.000000
4 8 0.000000
4 9 0.000000
4 10 0.000000
4 11 0.000000
4 12 0.000000
4 13 0.000000
4 14 0.000000
4 15 0.000000
4 16 0.000000
4 17 0.000000
4 18 0.000000
4 19 0.000000
4 20 0.000000
4 21 0.000000
4 22 0.000000
4 23 0.000000
4 24 0.000000
4 25 0.000000
4 26 0.000000
4 27 0.000000
4 28 0.000000
4 29 0.000000
4 30 0.000000
4 31 0.000000
5 0 0.000000
5 1 0.000000
5 2 0.000000
5 3 0.000000
5 4 0.000000
5 5 0.000000
5 6 0.000000
5 7 0.000000
5 8 0.000000
5 9 0.000000
5 10 0.000000
5 11 0.000000
5 12 0.000000
5 13 0.000000
5 14 0.000000
5 15 0.000000
5 16 0.000000
5 17 0.000000
5 18 0.000000
5 19 0.000000
5 20 0.000000
5 21 0.000000
5 22 0.000000
5 23 0.000000
5 24 0.000000
5 25 0.000000
5 26 0.000000
5 27 0.000000
5 28 0.000000
5 29 0.000000
5 30 0.000000
5 31 0.000000
6 0 0.000000
6 1 0.000000
6 2 0.000000
6 3 0.000000
6 4 0.000000
6 5 0.000000
6 6 0.000000
6 7 0.000000
6 8 0.000000
6 9 0.000000
6 10 0.000000
6 11 0.000000
6 12 0.000000
6 13 0.000000
6 14 0.000000
6 15 0.000000
6 16 0.000000
6 17 0.000000
6 18 0.000000
6 19 0.000000
6 20 0.000000
6 21 0.000000
6 22 0.000000
6 23 0.000000
6 24 0.000000
6 25 0.000000
6 26 0.000000
6 27 0.000000
6 28 0.000000
6 29 0.000000
6 30 0.000000
6 31 0.000000
7 0 0.000000
7 1 0.000000
7 2 0.000000
7 3 0.000000
7 4 0.000000
7 5 0.000000
7 6 0.000000
7 7 0.000000
7 8 0.000000
7 9 0.000000
7 10 0.000000
7 11 0.000000
7 12 0.000000
7 13 0.000000
7 14 0.000000
7 15 0.000000
7 16 0.000000
7 17 0.000000
7 18 0.000000
7 19 0.000000
7 20 0.000000
7 21 0.000000
7 22 0.000000
7 23 0.000000
7 24 0.000000
7 25 0.000000
7 26 0.000000
7 27 0.000000
7 28 0.000000
7 29 0.000000
7 30 0.000000
7 31 0.000000
8 0 0.000000
8 1 0.000000
8 2 0.000000
8 3 0.000000
8 4 0.000000
8 5 0.000000
8 6 0.000000
8 7 0.000000
8 8 784030747744480256927465472.000000
8 9 39375977177882639850274816.000000
8 10 -45653159766807023613640704.000000
8 11 3442137356582262086555402240.000000
8 12 -32881035386854133257469952.000000
8 13 47128599533112589962706944.000000
8 14 -27982852986217962307321856.000000
8 15 -86988997433742879493193728.000000
8 16 -84035360112892727217094656.000000
8 17 -65341955400801568331661312.000000
8 18 -78513806889773689389187072.000000
8 19 -341444325970440193671430144.000000
8 20 -92226821286264190707695616.000000
8 21 3399266533059150729894166528.000000
8 22 -452544380053398100828487680.000000
8 23 -252912018587258551961387008.000000
8 24 0.000000
8 25 0.000000
8 26 0.000000
8 27 0.000000
8 28 0.000000
8 29 0.000000
8 30 0.000000
8 31 0.000000
9 0 0.000000
9 1 0.000000
9 2 0.000000
9 3 0.000000
9 4 0.000000
9 5 0.000000
9 6 0.000000
9 7 0.000000
9 8 441532633072085331410419712.000000
9 9 27216455333559588421107712.000000
9 10 213031412278495513617104896.000000
9 11 147065172941379429784879104.000000
9 12 128219610260796277662941184.000000
9 13 14856689470630401381761024.000000
9 14 -6959579533678607385755648.000000
9 15 -60004002621448161670987776.000000
9 16 -58598019458266130211143680.000000
9 17 -47567595148578729872064512.000000
9 18 -49526422619963818166452224.000000
9 19 -154763810900077668894507008.000000
9 20 -279758266214002863391113216.000000
9 21 -139658851312645229084934144.000000
9 22 -217175473334654364387639296.000000
9 23 -125441198561902292417642496.000000
9 24 0.000000
9 25 0.000000
9 26 0.000000
9 27 0.000000
9 28 0.000000
9 29 0.000000
9 30 0.000000
9 31 0.000000
10 0 0.000000
10 1 0.000000
10 2 0.000000
10 3 0.000000
10 4 0.000000
10 5 0.000000
10 6 0.000000
10 7 0.000000
10 8 440819592626660162402254848.000000
10 9 26380813215334527305515008.000000
10 10 183534256847894697362849792.000000
10 11 176491160833343874588999680.000000
10 12 54326897228927568049078272.000000
10 13 7035191584715238230982656.000000
10 14 -21912347717895420360261632.000000
10 15 -60839953722636457421570048.000000
10 16 -51670132583827660441911296.000000
10 17 -56475970583630841376669696.000000
10 18 -44316116697914463175573504.000000
10 19 -142544936656697456983015424.000000
10 20 -163460122565258415393734656.000000
10 21 -320173348485557562283917312.000000
10 22 -235797277009623419648475136.000000
10 23 -123353977140078167216619520.000000
10 24 0.000000
10 25 0.000000
10 26 0.000000
10 27 0.000000
10 28 0.000000
10 29 0.000000
10 30 0.000000
10 31 0.000000
11 0 0.000000
11 1 0.000000
11 2 0.000000
11 3 0.000000
11 4 0.000000
11 5 0.000000
11 6 0.000000
11 7 0.000000
11 8 3627067884382584007299170304.000000
11 9 158582102455894808983502848.000000
11 10 158152330212465523849953280.000000
11 11 84166802387789944627134464.000000
11 12 39234518320953398153707520.000000
11 13 12342949349862991569354752.000000
11 14 -20661626187895783768981504.000000
11 15 -60755481469836922957332480.000000
11 16 -47586475391138171598143488.000000
11 17 -53325285142585323670208512.000000
11 18 -44986909487724818883149824.000000
11 19 -150231593455119821738868736.000000
11 20 -136547890934962444897878016.000000
11 21 -261111891475927627007524864.000000
11 22 -330023725353477725751345152.000000
11 23 -198112146840281071008874496.000000
11 24 0.000000
11 25 0.000000
11 26 0.000000
11 27 0.000000
11 28 0.000000
11 29 0.000000
11 30 0.000000
11 31 0.000000
12 0 0.000000
12 1 0.000000
12 2 0.000000
12 3 0.000000
12 4 0.000000
12 5 0.000000
12 6 0.000000
12 7 0.000000
12 8 633010943361834899757596672.000000
12 9 208968646023469500840542208.000000
12 10 67925693997799678251368448.000000
12 11 71764899549710386544508928.000000
12 12 36959296906902062057390080.000000
12 13 18607475166509801366618112.000000
12 14 -17554724093909215683280896.000000
12 15 -58394196771309694947950592.000000
12 16 -54793526067016124866756608.000000
12 17 -51608243757460364896239616.000000
12 18 -38682702418732450626666496.000000
12 19 -157940008188177126910853120.000000
12 20 -130894498831948604904570880.000000
12 21 -271839503258273048202051584.000000
12 22 -250134252524407146550394880.000000
12 23 -179622735447529029199986688.000000
12 24 0.000000
12 25 0.000000
12 26 0.000000
12 27 0.000000
12 28 0.000000
12 29 0.000000
12 30 0.000000
12 31 0.000000
13 0 0.000000
13 1 0.000000
13 2 0.000000
13 3 0.000000
13 4 0.000000
13 5 0.000000
13 6 0.000000
13 7 0.000000
13 8 695128361781691854192902144.000000
13 9 155637171998247447615766528.000000
13 10 84386807480985041594482688.000000
13 11 65656988896092380054159360.000000
13 12 38272751201810366406328320.000000
13 13 20785489156821715767001088.000000
13 14 -25704841502125477641322496.000000
13 15 -40448466266642094753841152.000000
13 16 -43342322301635372800540672.000000
13 17 -48379473248750834657787904.000000
13 18 -66199641378194712361435136.000000
13 19 -167254156652618627422355456.000000
13 20 -163914318297841291973623808.000000
13 21 -293450398896201925497192448.000000
13 22 -175500921164723072148701184.000000
13 23 -86893323395604584903737344.000000
13 24 0.000000
13 25 0.000000
13 26 0.000000
13 27 0.000000
13 28 0.000000
13 29 0.000000
13 30 0.000000
13 31 0.000000
14 0 0.000000
14 1 0.000000
14 2 0.000000
14 3 0.000000
14 4 0.000000
14 5 0.000000
14 6 0.000000
14 7 0.000000
14 8 604651177277330867036880896.000000
14 9 145212603327544926935187456.000000
14 10 89423322015429960472199168.000000
14 11 71984051480992074445094912.000000
14 12 36788484668465530036813824.000000
14 13 20373176756658196724056064.000000
14 14 -27358322324701460941504512.000000
14 15 -37886909879392620569952256.000000
14 16 -40680337227962605390266368.000000
14 17 -44197370394625976364433408.000000
14 18 -78977373568346010421297152.000000
14 19 -162588329440334901984362496.000000
14 20 -159640133908986494025990144.000000
14 21 -280270513850185703929937920.000000
14 22 -170885970072594637654065152.000000
14 23 -77035503266450679632232448.000000
14 24 0.000000
14 25 0.000000
14 26 0.000000
14 27 0.000000
14 28 0.000000
14 29 0.000000
14 30 0.000000
14 31 0.000000
15 0 0.000000
15 1 0.000000
15 2 0.000000
15 3 0.000000
15 4 0.000000
15 5 0.000000
15 6 0.000000
15 7 0.000000
15 8 812753508858866746204880896.000000
15 9 156137337017062008398282752.000000
15 10 93186282562398008761122816.000000
15 11 68046183518403130615136256.000000
15 12 36259215299188674009235456.000000
15 13 26891114720017591486644224.000000
15 14 -23948121170497969621827584.000000
15 15 -36818257713400497253122048.000000
15 16 -43627757996059917547470848.000000
15 17 -35823228808849557970485248.000000
15 18 -86837051602807733916532736.000000
15 19 -161542454391587791536390144.000000
15 20 -159716909257821273179815936.000000
15 21 -274957537962308100002152448.000000
15 22 -167204885399197749209989120.000000
15 23 -75252440984285914373029888.000000
15 24 0.000000
15 25 0.000000
15 26 0.000000
15 27 0.000000
15 28 0.000000
15 29 0.000000
15 30 0.000000
15 31 0.000000
16 0 0.000000
16 1 0.000000
16 2 0.000000
16 3 0.000000
16 4 0.000000
16 5 0.000000
16 6 0.000000
16 7 0.000000
16 8 18631369713723823265274658816.000000
16 9 189143635019548666366001152.000000
16 10 95431675591282156512477184.000000
16 11 61137084652803734024224768.000000
16 12 43585561068991306948149248.000000
16 13 23359291876293123879469056.000000
16 14 -24930569395590638990262272.000000
16 15 -27862723177123947279810560.000000
16 16 -42490400931765263005646848.000000
16 17 -41818561289228724281016320.000000
16 18 -88983662317177167018983424.000000
16 19 -149915526942160882281480192.000000
16 20 -173066043180713779883147264.000000
16 21 -271844391645452581233229824.000000
16 22 -159958506264954647177330688.000000
16 23 -76002416423032668330917888.000000
16 24 0.000000
16 25 0.000000
16 26 0.000000
16 27 0.000000
16 28 0.000000
16 29 0.000000
16 30 0.000000
16 31 0.000000
17 0 0.000000
17 1 0.000000
17 2 0.000000
17 3 0.000000
17 4 0.000000
17 5 0.000000
17 6 0.000000
17 7 0.000000
17 8 55612884321910118875660288.000000
17 9 188208292861291223551311872.000000
17 10 99657243586130692936826880.000000
17 11 70952813923667452526329856.000000
17 12 48198699768514499479339008.000000
17 13 17857732617906977991819264.000000
17 14 -23176752120311731011452928.000000
17 15 -26818651297610041940508672.000000
17 16 -45976941630474792090992640.000000
17 17 -39624519384159765493972992.000000
17 18 -98137305661433320721874944.000000
17 19 -141932661550774926400552960.000000
17 20 -182726732179323988031307776.000000
17 21 -267859968712507612922380288.000000
17 22 -155060120950133665422114816.000000
17 23 -72527557125007815819132928.000000
17 24 0.000000
17 25 0.000000
17 26 0.000000
17 27 0.000000
17 28 0.000000
17 29 0.000000
17 30 0.000000
17 31 0.000000
18 0 0.000000
18 1 0.000000
18 2 0.000000
18 3 0.000000
18 4 0.000000
18 5 0.000000
18 6 0.000000
18 7 0.000000
18 8 66305465737259565631668224.000000
18 9 192590870318323138824241152.000000
18 10 106204214418819097319964672.000000
18 11 68732771332826600126283776.000000
18 12 39802535076157081094455296.000000
18 13 15430325565247538094669824.000000
18 14 -19216530162669965025476608.000000
18 15 -31115303820746618122010624.000000
18 16 -42139991193027094790537216.000000
18 17 -25277428136094618116685824.000000
18 18 -106958972175966960479109120.000000
18 19 -137922902014844718020558848.000000
18 20 -185454064843877871528181760.000000
18 21 -262352213653955709839081472.000000
18 22 -150056275599443286160310272.000000
18 23 -69622019689329861198872576.000000
18 24 0.000000
18 25 0.000000
18 26 0.000000
18 27 0.000000
18 28 0.000000
18 29 0.000000
18 30 0.000000
18 31 0.000000
19 0 0.000000
19 1 0.000000
19 2 0.000000
19 3 0.000000
19 4 0.000000
19 5 0.000000
19 6 0.000000
19 7 0.000000
19 8 161843007192780741260869632.000000
19 9 216949426932775127542136832.000000
19 10 111376570776622813335781376.000000
19 11 60861268935413628808462336.000000
19 12 44005196826552088683085824.000000
19 13 16093956406671276068831232.000000
19 14 -15984709023659245069926400.000000
19 15 -30930751063818181699174400.000000
19 16 -39799472916640845308887040.000000
19 17 -28485037923508594285740032.000000
19 18 -114482513639917548524797952.000000
19 19 -128397612117735537981259776.000000
19 20 -197321648516490395593474048.000000
19 21 -254173038012137336909856768.000000
19 22 -143312026062258594977415168.000000
19 23 -72928266523148971554111488.000000
19 24 0.000000
19 25 0.000000
19 26 0.000000
19 27 0.000000
19 28 0.000000
19 29 0.000000
19 30 0.000000
19 31 0.000000
20 0 0.000000
20 1 0.000000
20 2 0.000000
20 3 0.000000
20 4 0.000000
20 5 0.000000
20 6 0.000000
20 7 0.000000
20 8 229294357001783033674596352.000000
20 9 318240720002443159980212224.000000
20 10 119523805881077558176382976.000000
20 11 63073319474384546545270784.000000
20 12 40812969317852577066385408.000000
20 13 8920389453590867153518592.000000
20 14 -8001095386216799345311744.000000
20 15 -21001811818731098465107968.000000
20 16 -39221891524634943965626368.000000
20 17 -34883586253379931616575488.000000
20 18 -115913980980037409730199552.000000
20 19 -120434355615299935353700352.000000
20 20 -206082911167554673423941632.000000
20 21 -248534218836941727462326272.000000
20 22 -140314319469816350582505472.000000
20 23 -107708583291518258673352704.000000
20 24 0.000000
20 25 0.000000
20 26 0.000000
20 27 0.000000
20 28 0.000000
20 29 0.000000
20 30 0.000000
20 31 0.000000
21 0 0.000000
21 1 0.000000
21 2 0.000000
21 3 0.000000
21 4 0.000000
21 5 0.000000
21 6 0.000000
21 7 0.000000
21 8 9151421470825963534818476032.000000
21 9 342446463788988538772520960.000000
21 10 223251941512998732947259392.000000
21 11 78769580219727709177118720.000000
21 12 34822928747179556183474176.000000
21 13 9021266626479452443377664.000000
21 14 -2854693597324792668618752.000000
21 15 -26463431570354653959815168.000000
21 16 -35197646682920855160225792.000000
21 17 -31116235381322340454367232.000000
21 18 -126212936546970005219049472.000000
21 19 -114742326806823710704533504.000000
21 20 -212632778139062650206683136.000000
21 21 -245976356410193013616148480.000000
21 22 -169066752172045401673695232.000000
21 23 -64827959935617743812820992.000000
21 24 0.000000
21 25 0.000000
21 26 0.000000
21 27 0.000000
21 28 0.000000
21 29 0.000000
21 30 0.000000
21 31 0.000000
22 0 0.000000
22 1 0.000000
22 2 0.000000
22 3 0.000000
22 4 0.000000
22 5 0.000000
22 6 0.000000
22 7 0.000000
22 8 -13408098940324119285071872.000000
22 9 139041816946751681438154752.000000
22 10 393789839971666545071882240.000000
22 11 177354376222273113056870400.000000
22 12 43550064921707471343452160.000000
22 13 20099696858236424980267008.000000
22 14 -6575595567804783179857920.000000
22 15 -35272849446823350574776320.000000
22 16 -28848205891616741869486080.000000
22 17 -28662004456936717655474176.000000
22 18 -125654940985484364992217088.000000
22 19 -113731519018560722114183168.000000
22 20 -218969050260941144091262976.000000
22 21 -248741468006609854274732032.000000
22 22 -207021961121370931858505728.000000
22 23 -42848230873307080887894016.000000
22 24 0.000000
22 25 0.000000
22 26 0.000000
22 27 0.000000
22 28 0.000000
22 29 0.000000
22 30 0.000000
22 31 0.000000
23 0 0.000000
23 1 0.000000
23 2 0.000000
23 3 0.000000
23 4 0.000000
23 5 0.000000
23 6 0.000000
23 7 0.000000
23 8 -13345483773408921425805312.000000
23 9 142788101637077096292417536.000000
23 10 36020348410178209025359872.000000
23 11 257172589278986952259928064.000000
23 12 152184494909971230839799808.000000
23 13 27091201941299100565635072.000000
23 14 -10604055490539714617802752.000000
23 15 -25511063067317177228984320.000000
23 16 -28771478965485156203233280.000000
23 17 -35828015738936685599129600.000000
23 18 -129846511631005054712938496.000000
23 19 -114787143171550788060184576.000000
23 20 -224325634251808997399068672.000000
23 21 -322071223302837095792377856.000000
23 22 -110183748964584532599635968.000000
23 23 -57291851627266941135093760.000000
23 24 0.000000
23 25 0.000000
23 26 0.000000
23 27 0.000000
23 28 0.000000
23 29 0.000000
23 30 0.000000
23 31 0.000000
24 0 0.000000
24 1 0.000000
24 2 0.000000
24 3 0.000000
24 4 0.000000
24 5 0.000000
24 6 0.000000
24 7 0.000000
24 8 0.000000
24 9 0.000000
24 10 0.000000
24 11 0.000000
24 12 0.000000
24 13 0.000000
24 14 0.000000
24 15 0.000000
24 16 0.000000
24 17 0.000000
24 18 0.000000
24 19 0.000000
24 20 0.000000
24 21 0.000000
24 22 0.000000
24 23 0.000000
24 24 0.000000
24 25 0.000000
24 26 0.000000
24 27 0.000000
24 28 0.000000
24 29 0.000000
24 30 0.000000
24 31 0.000000
25 0 0.000000
25 1 0.000000
25 2 0.000000
25 3 0.000000
25 4 0.000000
25 5 0.000000
25 6 0.000000
25 7 0.000000
25 8 0.000000
25 9 0.000000
25 10 0.000000
25 11 0.000000
25 12 0.000000
25 13 0.000000
25 14 0.000000
25 15 0.000000
25 16 0.000000
25 17 0.000000
25 18 0.000000
25 19 0.000000
25 20 0.000000
25 21 0.000000
25 22 0.000000
25 23 0.000000
25 24 0.000000
25 25 0.000000
25 26 0.000000
25 27 0.000000
25 28 0.000000
25 29 0.000000
25 30 0.000000
25 31 0.000000
26 0 0.000000
26 1 0.000000
26 2 0.000000
26 3 0.000000
26 4 0.000000
26 5 0.000000
26 6 0.000000
26 7 0.000000
26 8 0.000000
26 9 0.000000
26 10 0.000000
26 11 0.000000
26 12 0.000000
26 13 0.000000
26 14 0.000000
26 15 0.000000
26 16 0.000000
26 17 0.000000
26 18 0.000000
26 19 0.000000
26 20 0.000000
26 21 0.000000
26 22 0.000000
26 23 0.000000
26 24 0.000000
26 25 0.000000
26 26 0.000000
26 27 0.000000
26 28 0.000000
26 29 0.000000
26 30 0.000000
26 31 0.000000
27 0 0.000000
27 1 0.000000
27 2 0.000000
27 3 0.000000
27 4 0.000000
27 5 0.000000
27 6 0.000000
27 7 0.000000
27 8 0.000000
27 9 0.000000
27 10 0.000000
27 11 0.000000
27 12 0.000000
27 13 0.000000
27 14 0.000000
27 15 0.000000
27 16 0.000000
27 17 0.000000
27 18 0.000000
27 19 0.000000
27 20 0.000000
27 21 0.000000
27 22 0.000000
27 23 0.000000
27 24 0.000000
27 25 0.000000
27 26 0.000000
27 27 0.000000
27 28 0.000000
27 29 0.000000
27 30 0.000000
27 31 0.000000
28 0 0.000000
28 1 0.000000
28 2 0.000000
28 3 0.000000
28 4 0.000000
28 5 0.000000
28 6 0.000000
28 7 0.000000
28 8 0.000000
28 9 0.000000
28 10 0.000000
28 11 0.000000
28 12 0.000000
28 13 0.000000
28 14 0.000000
28 15 0.000000
28 16 0.000000
28 17 0.000000
28 18 0.000000
28 19 0.000000
28 20 0.000000
28 21 0.000000
28 22 0.000000
28 23 0.000000
28 24 0.000000
28 25 0.000000
28 26 0.000000
28 27 0.000000
28 28 0.000000
28 29 0.000000
28 30 0.000000
28 31 0.000000
29 0 0.000000
29 1 0.000000
29 2 0.000000
29 3 0.000000
29 4 0.000000
29 5 0.000000
29 6 0.000000
29 7 0.000000
29 8 0.000000
29 9 0.000000
29 10 0.000000
29 11 0.000000
29 12 0.000000
29 13 0.000000
29 14 0.000000
29 15 0.000000
29 16 0.000000
29 17 0.000000
29 18 0.000000
29 19 0.000000
29 20 0.000000
29 21 0.000000
29 22 0.000000
29 23 0.000000
29 24 0.000000
29 25 0.000000
29 26 0.000000
29 27 0.000000
29 28 0.000000
29 29 0.000000
29 30 0.000000
29 31 0.000000
30 0 0.000000
30 1 0.000000
30 2 0.000000
30 3 0.000000
30 4 0.000000
30 5 0.000000
30 6 0.000000
30 7 0.000000
30 8 0.000000
30 9 0.000000
30 10 0.000000
30 11 0.000000
30 12 0.000000
30 13 0.000000
30 14 0.000000
30 15 0.000000
30 16 0.000000
30 17 0.000000
30 18 0.000000
30 19 0.000000
30 20 0.000000
30 21 0.000000
30 22 0.000000
30 23 0.000000
30 24 0.000000
30 25 0.000000
30 26 0.000000
30 27 0.000000
30 28 0.000000
30 29 0.000000
30 30 0.000000
30 31 0.000000
31 0 0.000000
31 1 0.000000
31 2 0.000000
31 3 0.000000
31 4 0.000000
31 5 0.000000
31 6 0.000000
31 7 0.000000
31 8 0.000000
31 9 0.000000
31 10 0.000000
31 11 0.000000
31 12 0.000000
31 13 0.000000
31 14 0.000000
31 15 0.000000
31 16 0.000000
31 17 0.000000
31 18 0.000000
31 19 0.000000
31 20 0.000000
31 21 0.000000
31 22 0.000000
31 23 0.000000
31 24 0.000000
31 25 0.000000
31 26 0.000000
31 27 0.000000
31 28 0.000000
31 29 0.000000
31 30 0.000000
31 31 0.000000
