0 0 2.699997
0 1 3.050001
0 2 3.050001
0 3 3.050001
0 4 3.050001
0 5 3.050001
0 6 3.050001
0 7 3.050001
0 8 3.050001
0 9 3.050001
0 10 3.050001
0 11 3.050001
0 12 3.050001
0 13 3.050001
0 14 3.050001
0 15 3.050001
0 16 3.050001
0 17 3.050000
0 18 3.050001
0 19 3.050001
0 20 3.050001
0 21 3.050000
0 22 3.050000
0 23 3.050001
0 24 3.050001
0 25 3.050001
0 26 3.050001
0 27 3.050001
0 28 3.050000
0 29 3.050001
0 30 3.050000
0 31 3.050001
1 0 4.266548
1 1 4.283519
1 2 4.346282
1 3 4.357595
1 4 4.422297
1 5 4.439267
1 6 4.456239
1 7 4.473208
1 8 4.490179
1 9 4.607151
1 10 4.624121
1 11 4.641090
1 12 4.658062
1 13 4.675032
1 14 4.740624
1 15 4.751939
1 16 4.813812
1 17 4.830783
1 18 4.847754
1 19 4.864725
1 20 4.881695
1 21 4.898666
1 22 5.015635
1 23 5.032606
1 24 5.049578
1 25 5.066547
1 26 5.083518
1 27 5.146281
1 28 5.157597
1 29 5.222298
1 30 5.239268
1 31 5.256238
2 0 3.080669
2 1 3.020734
2 2 3.009419
2 3 2.998106
2 4 2.986792
2 5 2.975478
2 6 2.917438
2 7 2.911782
2 8 2.906124
2 9 2.900467
2 10 2.894810
2 11 2.889153
2 12 2.883497
2 13 2.826390
2 14 2.815076
2 15 2.803763
2 16 2.792449
2 17 2.781135
2 18 2.669821
2 19 2.658508
2 20 2.647193
2 21 2.635880
2 22 2.624566
2 23 2.613252
2 24 2.601939
2 25 2.590625
2 26 2.525033
2 27 2.508062
2 28 2.491092
2 29 2.474121
2 30 2.457151
2 31 2.340180
3 0 0.000000
3 1 0.000000
3 2 0.000000
3 3 0.000000
3 4 0.000000
3 5 0.000000
3 6 0.000000
3 7 0.000000
3 8 0.000000
3 9 0.000000
3 10 0.000000
3 11 0.000000
3 12 0.000000
3 13 0.000000
3 14 0.000000
3 15 0.000000
3 16 0.000000
3 17 0.000000
3 18 0.000000
3 19 0.000000
3 20 0.000000
3 21 0.000000
3 22 0.000000
3 23 0.000000
3 24 0.000000
3 25 0.000000
3 26 0.000000
3 27 0.000000
3 28 0.000000
3 29 0.000000
3 30 0.000000
3 31 0.000000
4 0 0.000000
4 1 0.000000
4 2 0.000000
4 3 0.000000
4 4 0.000000
4 5 0.000000
4 6 0.000000
4 7 0.000000
4 8 0.000000
4 9 0.000000
4 10 0.000000
4 11 0.000000
4 12 0.000000
4 13 0.000000
4 14 0.000000
4 15 0.000000
4 16 0.000000
4 17 0.000000
4 18 0.000000
4 19 0.000000
4 20 0.000000
4 21 0.000000
4 22 0.000000
4 23 0.000000
4 24 0.000000
4 25 0.000000
4 26 0.000000
4 27 0.000000
4 28 0.000000
4 29 0.000000
4 30 0.000000
4 31 0.000000
5 0 0.000000
5 1 0.000000
5 2 0.000000
5 3 0.000000
5 4 0.000000
5 5 0.000000
5 6 0.000000
5 7 0.000000
5 8 0.000000
5 9 0.000000
5 10 0.000000
5 11 0.000000
5 12 0.000000
5 13 0.000000
5 14 0.000000
5 15 0.000000
5 16 0.000000
5 17 0.000000
5 18 0.000000
5 19 0.000000
5 20 0.000000
5 21 0.000000
5 22 0.000000
5 23 0.000000
5 24 0.000000
5 25 0.000000
5 26 0.000000
5 27 0.000000
5 28 0.000000
5 29 0.000000
5 30 0.000000
5 31 0.000000
6 0 0.000000
6 1 0.000000
6 2 0.000000
6 3 0.000000
6 4 0.000000
6 5 0.000000
6 6 0.000000
6 7 0.000000
6 8 0.000000
6 9 0.000000
6 10 0.000000
6 11 0.000000
6 12 0.000000
6 13 0.000000
6 14 0.000000
6 15 0.000000
6 16 0.000000
6 17 0.000000
6 18 0.000000
6 19 0.000000
6 20 0.000000
6 21 0.000000
6 22 0.000000
6 23 0.000000
6 24 0.000000
6 25 0.000000
6 26 0.000000
6 27 0.000000
6 28 0.000000
6 29 0.000000
6 30 0.000000
6 31 0.000000
7 0 0.000000
7 1 0.000000
7 2 0.000000
7 3 0.000000
7 4 0.000000
7 5 0.000000
7 6 0.000000
7 7 0.000000
7 8 0.000000
7 9 0.000000
7 10 0.000000
7 11 0.000000
7 12 0.000000
7 13 0.000000
7 14 0.000000
7 15 0.000000
7 16 0.000000
7 17 0.000000
7 18 0.000000
7 19 0.000000
7 20 0.000000
7 21 0.000000
7 22 0.000000
7 23 0.000000
7 24 0.000000
7 25 0.000000
7 26 0.000000
7 27 0.000000
7 28 0.000000
7 29 0.000000
7 30 0.000000
7 31 0.000000
8 0 0.000000
8 1 0.000000
8 2 0.000000
8 3 0.000000
8 4 0.000000
8 5 0.000000
8 6 0.000000
8 7 0.000000
8 8 2549654490327041550843904.000000
8 9 128050037557092386078720.000000
8 10 -148463314436890283737088.000000
8 11 11193772534303107632332800.000000
8 12 -106928497578296439996416.000000
8 13 153261404443894536470528.000000
8 14 -90999770099445261139968.000000
8 15 -282886747107445593604096.000000
8 16 -273281559894182347145216.000000
8 17 -212490909274423332700160.000000
8 18 -255325528035871084773376.000000
8 19 -1110371351212262453936128.000000
8 20 -299919991402108641345536.000000
8 21 11054360113044543089147904.000000
8 22 -1471666542451364290625536.000000
8 23 -822465666579285613215744.000000
8 24 0.000000
8 25 0.000000
8 26 0.000000
8 27 0.000000
8 28 0.000000
8 29 0.000000
8 30 0.000000
8 31 0.000000
9 0 0.000000
9 1 0.000000
9 2 0.000000
9 3 0.000000
9 4 0.000000
9 5 0.000000
9 6 0.000000
9 7 0.000000
9 8 1435856656403087547695104.000000
9 9 88507433029662154948608.000000
9 10 692774607389971965804544.000000
9 11 478253529446725541953536.000000
9 12 416968005285512547926016.000000
9 13 48313689060907442765824.000000
9 14 -22632443610583219044352.000000
9 15 -195131982669107360169984.000000
9 16 -190559748183415737810944.000000
9 17 -154688991482575455256576.000000
9 18 -161059098968310398582784.000000
9 19 -503289400063248318857216.000000
9 20 -909769134306164303986688.000000
9 21 -454168170553157072453632.000000
9 22 -706250890684539286323200.000000
9 23 -407932667540299745067008.000000
9 24 0.000000
9 25 0.000000
9 26 0.000000
9 27 0.000000
9 28 0.000000
9 29 0.000000
9 30 0.000000
9 31 0.000000
10 0 0.000000
10 1 0.000000
10 2 0.000000
10 3 0.000000
10 4 0.000000
10 5 0.000000
10 6 0.000000
10 7 0.000000
10 8 1433537987142135102570496.000000
10 9 85789970021706052403200.000000
10 10 596850169112395576770560.000000
10 11 573946302559469992673280.000000
10 12 176670160543845372133376.000000
10 13 22878308625040256532480.000000
10 14 -71258601420836881563648.000000
10 15 -197850499519376267411456.000000
10 16 -168030382961103774679040.000000
10 17 -183658864459997417308160.000000
10 18 -144115278147848419409920.000000
10 19 -463553708205394205081600.000000
10 20 -531569555764937744187392.000000
10 21 -1041198438836454886998016.000000
10 22 -766808741232360265089024.000000
10 23 -401145058354709047279616.000000
10 24 0.000000
10 25 0.000000
10 26 0.000000
10 27 0.000000
10 28 0.000000
10 29 0.000000
10 30 0.000000
10 31 0.000000
11 0 0.000000
11 1 0.000000
11 2 0.000000
11 3 0.000000
11 4 0.000000
11 5 0.000000
11 6 0.000000
11 7 0.000000
11 8 11795164061222149579341824.000000
11 9 515706328639067041824768.000000
11 10 514308663516310372614144.000000
11 11 273708987527616826179584.000000
11 12 127589976840757980430336.000000
11 13 40139070269278434361344.000000
11 14 -67191279000168647622656.000000
11 15 -197575761927708157673472.000000
11 16 -154750420581492788822016.000000
11 17 -173412905091751896678400.000000
11 18 -146296659677760102334464.000000
11 19 -488550631692339481935872.000000
11 20 -444051428465420066095104.000000
11 21 -849131443944149301067776.000000
11 22 -1073231642266015750946816.000000
11 23 -644257292575512593432576.000000
11 24 0.000000
11 25 0.000000
11 26 0.000000
11 27 0.000000
11 28 0.000000
11 29 0.000000
11 30 0.000000
11 31 0.000000
12 0 0.000000
12 1 0.000000
12 2 0.000000
12 3 0.000000
12 4 0.000000
12 5 0.000000
12 6 0.000000
12 7 0.000000
12 8 2058540914129961048080384.000000
12 9 679562559292741727027200.000000
12 10 220893203041614429159424.000000
12 11 233378208029400484544512.000000
12 12 120191004005751737810944.000000
12 13 60511197759281047797760.000000
12 14 -57087673912544681000960.000000
12 15 -189896926404657857691648.000000
12 16 -178187603402291587055616.000000
12 17 -167829144115354351435776.000000
12 18 -125795499554833696817152.000000
12 19 -513618207650238947131392.000000
12 20 -425666689951380151468032.000000
12 21 -884017407521671732002816.000000
12 22 -813432382475502891302912.000000
12 23 -584130130267256309940224.000000
12 24 0.000000
12 25 0.000000
12 26 0.000000
12 27 0.000000
12 28 0.000000
12 29 0.000000
12 30 0.000000
12 31 0.000000
13 0 0.000000
13 1 0.000000
13 2 0.000000
13 3 0.000000
13 4 0.000000
13 5 0.000000
13 6 0.000000
13 7 0.000000
13 8 2260545443873631313592320.000000
13 9 506129514103456229490688.000000
13 10 274424537450811960066048.000000
13 11 213515424146454592094208.000000
13 12 124462325978740973109248.000000
13 13 67594053929242900561920.000000
13 14 -83591718007590239600640.000000
13 15 -131537769223716174036992.000000
13 16 -140948491005069562478592.000000
13 17 -157329217756922153795584.000000
13 18 -215280114624443447246848.000000
13 19 -543907653332878973992960.000000
13 20 -533046592327527191019520.000000
13 21 -954295755447615151407104.000000
13 22 -570726048681914993213440.000000
13 23 -282575638445186839740416.000000
13 24 0.000000
13 25 0.000000
13 26 0.000000
13 27 0.000000
13 28 0.000000
13 29 0.000000
13 30 0.000000
13 31 0.000000
14 0 0.000000
14 1 0.000000
14 2 0.000000
14 3 0.000000
14 4 0.000000
14 5 0.000000
14 6 0.000000
14 7 0.000000
14 8 1966315408327133613785088.000000
14 9 472228866066808425152512.000000
14 10 290803102474843413544960.000000
14 11 234090893663232610795520.000000
14 12 119635566056508879798272.000000
14 13 66253228737383274381312.000000
14 14 -88968808797087752781824.000000
14 15 -123207587093758533959680.000000
14 16 -132291743858932032995328.000000
14 17 -143729067458203635154944.000000
14 18 -256833099003934103568384.000000
14 19 -528734557813906526437376.000000
14 20 -519147042725581081804800.000000
14 21 -911434961765133122011136.000000
14 22 -555718253283665552343040.000000
14 23 -250518133592036684595200.000000
14 24 0.000000
14 25 0.000000
14 26 0.000000
14 27 0.000000
14 28 0.000000
14 29 0.000000
14 30 0.000000
14 31 0.000000
15 0 0.000000
15 1 0.000000
15 2 0.000000
15 3 0.000000
15 4 0.000000
15 5 0.000000
15 6 0.000000
15 7 0.000000
15 8 2643060731865774472298496.000000
15 9 507755926058486300934144.000000
15 10 303040265367936015794176.000000
15 11 221285052237992681275392.000000
15 12 117914380350920423636992.000000
15 13 87449438398001023287296.000000
15 14 -77878856844274491719680.000000
15 15 -119732339405301817016320.000000
15 16 -141876709909868385927168.000000
15 17 -116496503073036115640320.000000
15 18 -282392666199526031228928.000000
15 19 -525333331288925270966272.000000
15 20 -519396686260125483139072.000000
15 21 -894157352154688951156736.000000
15 22 -543747469301332660191232.000000
15 23 -244719622971007604621312.000000
15 24 0.000000
15 25 0.000000
15 26 0.000000
15 27 0.000000
15 28 0.000000
15 29 0.000000
15 30 0.000000
15 31 0.000000
16 0 0.000000
16 1 0.000000
16 2 0.000000
16 3 0.000000
16 4 0.000000
16 5 0.000000
16 6 0.000000
16 7 0.000000
16 8 60588902759165307278852096.000000
16 9 615091837273473185480704.000000
16 10 310342149602175405260800.000000
16 11 198816737812229352587264.000000
16 12 141739566294015699582976.000000
16 13 75964016354709104230400.000000
16 14 -81073809499122923732992.000000
16 15 -90609109853368634834944.000000
16 16 -138178074672694837641216.000000
16 17 -135993252392667843657728.000000
16 18 -289373425765935394848768.000000
16 19 -487522802170982477856768.000000
16 20 -562807819817072187146240.000000
16 21 -884033476365142189932544.000000
16 22 -520182366236718030389248.000000
16 23 -247158538342010841989120.000000
16 24 0.000000
16 25 0.000000
16 26 0.000000
16 27 0.000000
16 28 0.000000
16 29 0.000000
16 30 0.000000
16 31 0.000000
17 0 0.000000
17 1 0.000000
17 2 0.000000
17 3 0.000000
17 4 0.000000
17 5 0.000000
17 6 0.000000
17 7 0.000000
17 8 180852167129024595755008.000000
17 9 612050214171538209374208.000000
17 10 324083640871599319547904.000000
17 11 230737333236707444654080.000000
17 12 156741353890362228211712.000000
17 13 58073034489415581302784.000000
17 14 -75370414902223908634624.000000
17 15 -87213828079895508418560.000000
17 16 -149516192979374722514944.000000
17 17 -128858244539021040549888.000000
17 18 -319140922266161690705920.000000
17 19 -461562612766938180354048.000000
17 20 -594224210241668387962880.000000
17 21 -871076079805241988481024.000000
17 22 -504252846124332434325504.000000
17 23 -235858376372990435655680.000000
17 24 0.000000
17 25 0.000000
17 26 0.000000
17 27 0.000000
17 28 0.000000
17 29 0.000000
17 30 0.000000
17 31 0.000000
18 0 0.000000
18 1 0.000000
18 2 0.000000
18 3 0.000000
18 4 0.000000
18 5 0.000000
18 6 0.000000
18 7 0.000000
18 8 215624207650373062623232.000000
18 9 626302197465923824123904.000000
18 10 345374318038000791977984.000000
18 11 223517774803656387854336.000000
18 12 129437155249521753587712.000000
18 13 50179138573359458025472.000000
18 14 -62491849350201200345088.000000
18 15 -101186462096594586042368.000000
18 16 -137038537866180535779328.000000
18 17 -82201781061794138161152.000000
18 18 -347828851892511750225920.000000
18 19 -448522962463443684163584.000000
18 20 -603093563319014823821312.000000
18 21 -853165083943204431069184.000000
18 22 -487980475979514377142272.000000
18 23 -226409644210782040227840.000000
18 24 0.000000
18 25 0.000000
18 26 0.000000
18 27 0.000000
18 28 0.000000
18 29 0.000000
18 30 0.000000
18 31 0.000000
19 0 0.000000
19 1 0.000000
19 2 0.000000
19 3 0.000000
19 4 0.000000
19 5 0.000000
19 6 0.000000
19 7 0.000000
19 8 526310720494455725490176.000000
19 9 705515831167758383448064.000000
19 10 362194686185477291114496.000000
19 11 197919800910442244603904.000000
19 12 143104211024304488316928.000000
19 13 52337268018395027079168.000000
19 14 -51982033086987297095680.000000
19 15 -100586267374254920040448.000000
19 16 -129427220308743774273536.000000
19 17 -92632874403521605140480.000000
19 18 -372295179285758744723456.000000
19 19 -417546915996013260963840.000000
19 20 -641686637908209514315776.000000
19 21 -826566464255984092053504.000000
19 22 -466048234024596213334016.000000
19 23 -237161501932369343414272.000000
19 24 0.000000
19 25 0.000000
19 26 0.000000
19 27 0.000000
19 28 0.000000
19 29 0.000000
19 30 0.000000
19 31 0.000000
20 0 0.000000
20 1 0.000000
20 2 0.000000
20 3 0.000000
20 4 0.000000
20 5 0.000000
20 6 0.000000
20 7 0.000000
20 8 745661278534109174431744.000000
20 9 1034913287254090660708352.000000
20 10 388689362793297919082496.000000
20 11 205113346552045609418752.000000
20 12 132723116645640088584192.000000
20 13 29008950711388655845376.000000
20 14 -26019447767941238489088.000000
20 15 -68297538709036308889600.000000
20 16 -127548949048152635211776.000000
20 17 -113440873776260017291264.000000
20 18 -376950316033391003172864.000000
20 19 -391650533591489548648448.000000
20 20 -670178138533212182282240.000000
20 21 -808228959494836039188480.000000
20 22 -456299814328784075620352.000000
20 23 -350266452212423795408896.000000
20 24 0.000000
20 25 0.000000
20 26 0.000000
20 27 0.000000
20 28 0.000000
20 29 0.000000
20 30 0.000000
20 31 0.000000
21 0 0.000000
21 1 0.000000
21 2 0.000000
21 3 0.000000
21 4 0.000000
21 5 0.000000
21 6 0.000000
21 7 0.000000
21 8 29760265953010154016342016.000000
21 9 1113630083845033706913792.000000
21 10 726011532927936415924224.000000
21 11 256157306858249396420608.000000
21 12 113243553062186406379520.000000
21 13 29336995160046136459264.000000
21 14 -9283409523487251890176.000000
21 15 -86058618746677957230592.000000
21 16 -114462155063758824669184.000000
21 17 -101189461493946414792704.000000
21 18 -410442397511843756113920.000000
21 19 -373140090604650468737024.000000
21 20 -691478291273229642235904.000000
21 21 -799910919069473789968384.000000
21 22 -549802216726760611905536.000000
21 23 -210819443308721046814720.000000
21 24 0.000000
21 25 0.000000
21 26 0.000000
21 27 0.000000
21 28 0.000000
21 29 0.000000
21 30 0.000000
21 31 0.000000
22 0 0.000000
22 1 0.000000
22 2 0.000000
22 3 0.000000
22 4 0.000000
22 5 0.000000
22 6 0.000000
22 7 0.000000
22 8 -43602923850677903949824.000000
22 9 452161618760779912183808.000000
22 10 1280597905524454196248576.000000
22 11 576753486279202570240000.000000
22 12 141624066977972155842560.000000
22 13 65363871393769030942720.000000
22 14 -21383748556300711100416.000000
22 15 -114706682509126533120000.000000
22 16 -93813871348205479788544.000000
22 17 -93208371385504771342336.000000
22 18 -408627735092389597937664.000000
22 19 -369853003308625291116544.000000
22 20 -712083664691533401030656.000000
22 21 -808903130344654892957696.000000
22 22 -673231867310945530281984.000000
22 23 -139341732758813335879680.000000
22 24 0.000000
22 25 0.000000
22 26 0.000000
22 27 0.000000
22 28 0.000000
22 29 0.000000
22 30 0.000000
22 31 0.000000
23 0 0.000000
23 1 0.000000
23 2 0.000000
23 3 0.000000
23 4 0.000000
23 5 0.000000
23 6 0.000000
23 7 0.000000
23 8 -43399298097125974343680.000000
23 9 464344432213569407287296.000000
23 10 117137581472793051004928.000000
23 11 836320828703304358821888.000000
23 12 494901391714075241611264.000000
23 13 88100118472163512549376.000000
23 14 -34484233483561727950848.000000
23 15 -82961538318931540836352.000000
23 16 -93564344907251390087168.000000
23 17 -116512130563743091261440.000000
23 18 -422258726041356349734912.000000
23 19 -373285935174983234879488.000000
23 20 -729503083647044214063104.000000
23 21 -1047370243823397452644352.000000
23 22 -358315681783227554463744.000000
23 23 -186312133158864980803584.000000
23 24 0.000000
23 25 0.000000
23 26 0.000000
23 27 0.000000
23 28 0.000000
23 29 0.000000
23 30 0.000000
23 31 0.000000
24 0 0.000000
24 1 0.000000
24 2 0.000000
24 3 0.000000
24 4 0.000000
24 5 0.000000
24 6 0.000000
24 7 0.000000
24 8 0.000000
24 9 0.000000
24 10 0.000000
24 11 0.000000
24 12 0.000000
24 13 0.000000
24 14 0.000000
24 15 0.000000
24 16 0.000000
24 17 0.000000
24 18 0.000000
24 19 0.000000
24 20 0.000000
24 21 0.000000
24 22 0.000000
24 23 0.000000
24 24 0.000000
24 25 0.000000
24 26 0.000000
24 27 0.000000
24 28 0.000000
24 29 0.000000
24 30 0.000000
24 31 0.000000
25 0 0.000000
25 1 0.000000
25 2 0.000000
25 3 0.000000
25 4 0.000000
25 5 0.000000
25 6 0.000000
25 7 0.000000
25 8 0.000000
25 9 0.000000
25 10 0.000000
25 11 0.000000
25 12 0.000000
25 13 0.000000
25 14 0.000000
25 15 0.000000
25 16 0.000000
25 17 0.000000
25 18 0.000000
25 19 0.000000
25 20 0.000000
25 21 0.000000
25 22 0.000000
25 23 0.000000
25 24 0.000000
25 25 0.000000
25 26 0.000000
25 27 0.000000
25 28 0.000000
25 29 0.000000
25 30 0.000000
25 31 0.000000
26 0 0.000000
26 1 0.000000
26 2 0.000000
26 3 0.000000
26 4 0.000000
26 5 0.000000
26 6 0.000000
26 7 0.000000
26 8 0.000000
26 9 0.000000
26 10 0.000000
26 11 0.000000
26 12 0.000000
26 13 0.000000
26 14 0.000000
26 15 0.000000
26 16 0.000000
26 17 0.000000
26 18 0.000000
26 19 0.000000
26 20 0.000000
26 21 0.000000
26 22 0.000000
26 23 0.000000
26 24 0.000000
26 25 0.000000
26 26 0.000000
26 27 0.000000
26 28 0.000000
26 29 0.000000
26 30 0.000000
26 31 0.000000
27 0 0.000000
27 1 0.000000
27 2 0.000000
27 3 0.000000
27 4 0.000000
27 5 0.000000
27 6 0.000000
27 7 0.000000
27 8 0.000000
27 9 0.000000
27 10 0.000000
27 11 0.000000
27 12 0.000000
27 13 0.000000
27 14 0.000000
27 15 0.000000
27 16 0.000000
27 17 0.000000
27 18 0.000000
27 19 0.000000
27 20 0.000000
27 21 0.000000
27 22 0.000000
27 23 0.000000
27 24 0.000000
27 25 0.000000
27 26 0.000000
27 27 0.000000
27 28 0.000000
27 29 0.000000
27 30 0.000000
27 31 0.000000
28 0 0.000000
28 1 0.000000
28 2 0.000000
28 3 0.000000
28 4 0.000000
28 5 0.000000
28 6 0.000000
28 7 0.000000
28 8 0.000000
28 9 0.000000
28 10 0.000000
28 11 0.000000
28 12 0.000000
28 13 0.000000
28 14 0.000000
28 15 0.000000
28 16 0.000000
28 17 0.000000
28 18 0.000000
28 19 0.000000
28 20 0.000000
28 21 0.000000
28 22 0.000000
28 23 0.000000
28 24 0.000000
28 25 0.000000
28 26 0.000000
28 27 0.000000
28 28 0.000000
28 29 0.000000
28 30 0.000000
28 31 0.000000
29 0 0.000000
29 1 0.000000
29 2 0.000000
29 3 0.000000
29 4 0.000000
29 5 0.000000
29 6 0.000000
29 7 0.000000
29 8 0.000000
29 9 0.000000
29 10 0.000000
29 11 0.000000
29 12 0.000000
29 13 0.000000
29 14 0.000000
29 15 0.000000
29 16 0.000000
29 17 0.000000
29 18 0.000000
29 19 0.000000
29 20 0.000000
29 21 0.000000
29 22 0.000000
29 23 0.000000
29 24 0.000000
29 25 0.000000
29 26 0.000000
29 27 0.000000
29 28 0.000000
29 29 0.000000
29 30 0.000000
29 31 0.000000
30 0 0.000000
30 1 0.000000
30 2 0.000000
30 3 0.000000
30 4 0.000000
30 5 0.000000
30 6 0.000000
30 7 0.000000
30 8 0.000000
30 9 0.000000
30 10 0.000000
30 11 0.000000
30 12 0.000000
30 13 0.000000
30 14 0.000000
30 15 0.000000
30 16 0.000000
30 17 0.000000
30 18 0.000000
30 19 0.000000
30 20 0.000000
30 21 0.000000
30 22 0.000000
30 23 0.000000
30 24 0.000000
30 25 0.000000
30 26 0.000000
30 27 0.000000
30 28 0.000000
30 29 0.000000
30 30 0.000000
30 31 0.000000
31 0 0.000000
31 1 0.000000
31 2 0.000000
31 3 0.000000
31 4 0.000000
31 5 0.000000
31 6 0.000000
31 7 0.000000
31 8 0.000000
31 9 0.000000
31 10 0.000000
31 11 0.000000
31 12 0.000000
31 13 0.000000
31 14 0.000000
31 15 0.000000
31 16 0.000000
31 17 0.000000
31 18 0.000000
31 19 0.000000
31 20 0.000000
31 21 0.000000
31 22 0.000000
31 23 0.000000
31 24 0.000000
31 25 0.000000
31 26 0.000000
31 27 0.000000
31 28 0.000000
31 29 0.000000
31 30 0.000000
31 31 0.000000
