0 0 2.699997
0 1 3.050001
0 2 3.050001
0 3 3.050001
0 4 3.050001
0 5 3.050001
0 6 3.050001
0 7 3.050001
0 8 3.050001
0 9 3.050001
0 10 3.050001
0 11 3.050001
0 12 3.050001
0 13 3.050001
0 14 3.050001
0 15 3.050001
0 16 3.050001
0 17 3.050000
0 18 3.050001
0 19 3.050001
0 20 3.050001
0 21 3.050000
0 22 3.050000
0 23 3.050001
0 24 3.050001
0 25 3.050001
0 26 3.050001
0 27 3.050001
0 28 3.050000
0 29 3.050001
0 30 3.050000
0 31 3.050001
1 0 4.266548
1 1 4.283519
1 2 4.346282
1 3 4.357595
1 4 4.422297
1 5 4.439267
1 6 4.456239
1 7 4.473208
1 8 4.490179
1 9 4.607151
1 10 4.624121
1 11 4.641090
1 12 4.658062
1 13 4.675032
1 14 4.740624
1 15 4.751939
1 16 4.813812
1 17 4.830783
1 18 4.847754
1 19 4.864725
1 20 4.881695
1 21 4.898666
1 22 5.015635
1 23 5.032606
1 24 5.049578
1 25 5.066547
1 26 5.083518
1 27 5.146281
1 28 5.157597
1 29 5.222298
1 30 5.239268
1 31 5.256238
2 0 3.080669
2 1 3.020734
2 2 3.009419
2 3 2.998106
2 4 2.986792
2 5 2.975478
2 6 2.917438
2 7 2.911782
2 8 2.906124
2 9 2.900467
2 10 2.894810
2 11 2.889153
2 12 2.883497
2 13 2.826390
2 14 2.815076
2 15 2.803763
2 16 2.792449
2 17 2.781135
2 18 2.669821
2 19 2.658508
2 20 2.647193
2 21 2.635880
2 22 2.624566
2 23 2.613252
2 24 2.601939
2 25 2.590625
2 26 2.525033
2 27 2.508062
2 28 2.491092
2 29 2.474121
2 30 2.457151
2 31 2.340180
3 0 0.000000
3 1 0.000000
3 2 0.000000
3 3 0.000000
3 4 0.000000
3 5 0.000000
3 6 0.000000
3 7 0.000000
3 8 0.000000
3 9 0.000000
3 10 0.000000
3 11 0.000000
3 12 0.000000
3 13 0.000000
3 14 0.000000
3 15 0.000000
3 16 0.000000
3 17 0.000000
3 18 0.000000
3 19 0.000000
3 20 0.000000
3 21 0.000000
3 22 0.000000
3 23 0.000000
3 24 0.000000
3 25 0.000000
3 26 0.000000
3 27 0.000000
3 28 0.000000
3 29 0.000000
3 30 0.000000
3 31 0.000000
4 0 0.000000
4 1 0.000000
4 2 0.000000
4 3 0.000000
4 4 0.000000
4 5 0.000000
4 6 0.000000
4 7 0.000000
4 8 0.000000
4 9 0.000000
4 10 0.000000
4 11 0.000000
4 12 0.000000
4 13 0.000000
4 14 0.000000
4 15 0.000000
4 16 0.000000
4 17 0.000000
4 18 0.000000
4 19 0.000000
4 20 0.000000
4 21 0.000000
4 22 0.000000
4 23 0.000000
4 24 0.000000
4 25 0.000000
4 26 0.000000
4 27 0.000000
4 28 0.000000
4 29 0.000000
4 30 0.000000
4 31 0.000000
5 0 0.000000
5 1 0.000000
5 2 0.000000
5 3 0.000000
5 4 0.000000
5 5 0.000000
5 6 0.000000
5 7 0.000000
5 8 0.000000
5 9 0.000000
5 10 0.000000
5 11 0.000000
5 12 0.000000
5 13 0.000000
5 14 0.000000
5 15 0.000000
5 16 0.000000
5 17 0.000000
5 18 0.000000
5 19 0.000000
5 20 0.000000
5 21 0.000000
5 22 0.000000
5 23 0.000000
5 24 0.000000
5 25 0.000000
5 26 0.000000
5 27 0.000000
5 28 0.000000
5 29 0.000000
5 30 0.000000
5 31 0.000000
6 0 0.000000
6 1 0.000000
6 2 0.000000
6 3 0.000000
6 4 0.000000
6 5 0.000000
6 6 0.000000
6 7 0.000000
6 8 0.000000
6 9 0.000000
6 10 0.000000
6 11 0.000000
6 12 0.000000
6 13 0.000000
6 14 0.000000
6 15 0.000000
6 16 0.000000
6 17 0.000000
6 18 0.000000
6 19 0.000000
6 20 0.000000
6 21 0.000000
6 22 0.000000
6 23 0.000000
6 24 0.000000
6 25 0.000000
6 26 0.000000
6 27 0.000000
6 28 0.000000
6 29 0.000000
6 30 0.000000
6 31 0.000000
7 0 0.000000
7 1 0.000000
7 2 0.000000
7 3 0.000000
7 4 0.000000
7 5 0.000000
7 6 0.000000
7 7 0.000000
7 8 0.000000
7 9 0.000000
7 10 0.000000
7 11 0.000000
7 12 0.000000
7 13 0.000000
7 14 0.000000
7 15 0.000000
7 16 0.000000
7 17 0.000000
7 18 0.000000
7 19 0.000000
7 20 0.000000
7 21 0.000000
7 22 0.000000
7 23 0.000000
7 24 0.000000
7 25 0.000000
7 26 0.000000
7 27 0.000000
7 28 0.000000
7 29 0.000000
7 30 0.000000
7 31 0.000000
8 0 0.000000
8 1 0.000000
8 2 0.000000
8 3 0.000000
8 4 0.000000
8 5 0.000000
8 6 0.000000
8 7 0.000000
8 8 1892690101603200407045144576.000000
8 9 95055629489967550448009216.000000
8 10 -110209039450709588394901504.000000
8 11 8309496133314979914011639808.000000
8 12 -79376450429636642860957696.000000
8 13 113770838253553834023452672.000000
8 14 -67552013691412525436895232.000000
8 15 -209995852967214017222279168.000000
8 16 -202865632980403064236146688.000000
8 17 -157738772657077029412274176.000000
8 18 -189536292413901647881699328.000000
8 19 -824263982012956327060439040.000000
8 20 -222640210586026376796569600.000000
8 21 8206002520363839845625233408.000000
8 22 -1092465252384315714106818560.000000
8 23 -610542477038663339117379584.000000
8 24 0.000000
8 25 0.000000
8 26 0.000000
8 27 0.000000
8 28 0.000000
8 29 0.000000
8 30 0.000000
8 31 0.000000
9 0 0.000000
9 1 0.000000
9 2 0.000000
9 3 0.000000
9 4 0.000000
9 5 0.000000
9 6 0.000000
9 7 0.000000
9 8 1065882239795503237978652672.000000
9 9 65701897494539825957568512.000000
9 10 514268661463556157299752960.000000
9 11 355022863602633352358658048.000000
9 12 309528691711311612943007744.000000
9 13 35864800852462671658745856.000000
9 14 -16800761852599531248549888.000000
9 15 -144852707350666853583159296.000000
9 16 -141458571004708554069245952.000000
9 17 -114830594477216410909016064.000000
9 18 -119559306640047412208467968.000000
9 19 -373607736895966841097158656.000000
9 20 -675350722016552305846910976.000000
9 21 -337143467589654811712159744.000000
9 22 -524272625922634026493935616.000000
9 23 -302821437119366746265878528.000000
9 24 0.000000
9 25 0.000000
9 26 0.000000
9 27 0.000000
9 28 0.000000
9 29 0.000000
9 30 0.000000
9 31 0.000000
10 0 0.000000
10 1 0.000000
10 2 0.000000
10 3 0.000000
10 4 0.000000
10 5 0.000000
10 6 0.000000
10 7 0.000000
10 8 1064161010999473547136466944.000000
10 9 63684630737929225803661312.000000
10 10 443060982712080315180908544.000000
10 11 426058655592830368875544576.000000
10 12 131147883308545079305568256.000000
10 13 16983314290717474791882752.000000
10 14 -52897495924143962313457664.000000
10 15 -146870707365354383691743232.000000
10 16 -124734300882253668690165760.000000
10 17 -136335845611835153602052096.000000
10 18 -106981357299900407019995136.000000
10 19 -344110729039318614519316480.000000
10 20 -394601053989051996313747456.000000
10 21 -772914887339615470800076800.000000
10 22 -569226603360501255400062976.000000
10 23 -297782782762609277080174592.000000
10 24 0.000000
10 25 0.000000
10 26 0.000000
10 27 0.000000
10 28 0.000000
10 29 0.000000
10 30 0.000000
10 31 0.000000
11 0 0.000000
11 1 0.000000
11 2 0.000000
11 3 0.000000
11 4 0.000000
11 5 0.000000
11 6 0.000000
11 7 0.000000
11 8 8755926819660492900405346304.000000
11 9 382825279761694324686848000.000000
11 10 381787761088012604665757696.000000
11 11 203182935425214942233493504.000000
11 12 94714124916930965518942208.000000
11 13 29796523028487030140043264.000000
11 14 -49878197417763440888381440.000000
11 15 -146666797056363598308179968.000000
11 16 -114876176381822547211059200.000000
11 17 -128729930212223415553622016.000000
11 18 -108600695505038963153829888.000000
11 19 -362666714731432674099986432.000000
11 20 -329633539822830621315563520.000000
11 21 -630337272275791437346373632.000000
11 22 -796693994829224095082610688.000000
11 23 -478252832505676007114539008.000000
11 24 0.000000
11 25 0.000000
11 26 0.000000
11 27 0.000000
11 28 0.000000
11 29 0.000000
11 30 0.000000
11 31 0.000000
12 0 0.000000
12 1 0.000000
12 2 0.000000
12 3 0.000000
12 4 0.000000
12 5 0.000000
12 6 0.000000
12 7 0.000000
12 8 1528120752794517182372380672.000000
12 9 504460970361422557734764544.000000
12 10 163976077997000071552434176.000000
12 11 173244109601257298184896512.000000
12 12 89221634539100057089605632.000000
12 13 44919408239473097206398976.000000
12 14 -42377995696752113852874752.000000
12 15 -140966550223402536053768192.000000
12 16 -132274361405522263639326720.000000
12 17 -124584919148744768741179392.000000
12 18 -93382030187136177668096000.000000
12 19 -381275199857180511064555520.000000
12 20 -315985974474313641486188544.000000
12 21 -656234287345990802669043712.000000
12 22 -603836790419964737752137728.000000
12 23 -433618463355629869899710464.000000
12 24 0.000000
12 25 0.000000
12 26 0.000000
12 27 0.000000
12 28 0.000000
12 29 0.000000
12 30 0.000000
12 31 0.000000
13 0 0.000000
13 1 0.000000
13 2 0.000000
13 3 0.000000
13 4 0.000000
13 5 0.000000
13 6 0.000000
13 7 0.000000
13 8 1678075368387370255193735168.000000
13 9 375716052169639253170454528.000000
13 10 203714072527329261353172992.000000
13 11 158499295021747926806298624.000000
13 12 92392362367581660223897600.000000
13 13 50177237585942346429628416.000000
13 14 -62052804087052768303382528.000000
13 15 -97644648467456759726866432.000000
13 16 -104630541128635009181155328.000000
13 17 -116790505694815829639561216.000000
13 18 -159809308998886484323860480.000000
13 19 -403760046889089525786607616.000000
13 20 -395697491563305144642699264.000000
13 21 -708404188343635439138111488.000000
13 22 -423668178921806495500730368.000000
13 23 -209764899731411173636046848.000000
13 24 0.000000
13 25 0.000000
13 26 0.000000
13 27 0.000000
13 28 0.000000
13 29 0.000000
13 30 0.000000
13 31 0.000000
14 0 0.000000
14 1 0.000000
14 2 0.000000
14 3 0.000000
14 4 0.000000
14 5 0.000000
14 6 0.000000
14 7 0.000000
14 8 1459658687430972269916061696.000000
14 9 350550561182426913826668544.000000
14 10 215872432226775669080588288.000000
14 11 173773180668035361834795008.000000
14 12 88809294468820427482333184.000000
14 13 49181888169213126443532288.000000
14 14 -66044370521640280638095360.000000
14 15 -91460912472323770124599296.000000
14 16 -98204368799513291796774912.000000
14 17 -106694676450250886878330880.000000
14 18 -190655401036621385249587200.000000
14 19 -392496538744658768408084480.000000
14 20 -385379379052652001784496128.000000
14 21 -676587317952277499349041152.000000
14 22 -412527415412442201478660096.000000
14 23 -185967640645634019154722816.000000
14 24 0.000000
14 25 0.000000
14 26 0.000000
14 27 0.000000
14 28 0.000000
14 29 0.000000
14 30 0.000000
14 31 0.000000
15 0 0.000000
15 1 0.000000
15 2 0.000000
15 3 0.000000
15 4 0.000000
15 5 0.000000
15 6 0.000000
15 7 0.000000
15 8 1962028461097222818041430016.000000
15 9 376923502249727985581031424.000000
15 10 224956439112153569226129408.000000
15 11 164266946257554323762315264.000000
15 12 87531608410671045953978368.000000
15 13 64916513530543586515353600.000000
15 14 -57811976023169255652458496.000000
15 15 -88881135313615489331101696.000000
15 16 -105319619253508429481771008.000000
15 17 -86479101757429436922200064.000000
15 18 -209629094801540523917049856.000000
15 19 -389971732883290142078402560.000000
15 20 -385564731937104635359133696.000000
15 21 -663761518158756132625055744.000000
15 22 -403641176070278541435994112.000000
15 23 -181663222043242411251990528.000000
15 24 0.000000
15 25 0.000000
15 26 0.000000
15 27 0.000000
15 28 0.000000
15 29 0.000000
15 30 0.000000
15 31 0.000000
16 0 0.000000
16 1 0.000000
16 2 0.000000
16 3 0.000000
16 4 0.000000
16 5 0.000000
16 6 0.000000
16 7 0.000000
16 8 44977069809968461471222333440.000000
16 9 456602368601709022831181824.000000
16 10 230376922624492752420732928.000000
16 11 147588009008660579606331392.000000
16 12 105217784002849515902074880.000000
16 13 56390506818337345024032768.000000
16 14 -60183673908726092703727616.000000
16 15 -67262012427829737575940096.000000
16 16 -102573978195461389254918144.000000
16 17 -100952122009756771767287808.000000
16 18 -214811080359750716318810112.000000
16 19 -361903720503055899626045440.000000
16 20 -417790234603183389135601664.000000
16 21 -656246240836150566458490880.000000
16 22 -386147981091227183962128384.000000
16 23 -183473714633844782614446080.000000
16 24 0.000000
16 25 0.000000
16 26 0.000000
16 27 0.000000
16 28 0.000000
16 29 0.000000
16 30 0.000000
16 31 0.000000
17 0 0.000000
17 1 0.000000
17 2 0.000000
17 3 0.000000
17 4 0.000000
17 5 0.000000
17 6 0.000000
17 7 0.000000
17 8 134252341208941880875679744.000000
17 9 454344413340110678875176960.000000
17 10 240577621609116733982900224.000000
17 11 171283700321567889296457728.000000
17 12 116354129517008156486533120.000000
17 13 43109473662878955557879808.000000
17 14 -55949841772532534400253952.000000
17 15 -64741573833120561982603264.000000
17 16 -110990664890600809515974656.000000
17 17 -95655600617592916759543808.000000
17 18 -236908490425879609328271360.000000
17 19 -342632702117156710405636096.000000
17 20 -441111604585346984604336128.000000
17 21 -646627591967284342378463232.000000
17 22 -374323027844169002670620672.000000
17 23 -175085223787022027403034624.000000
17 24 0.000000
17 25 0.000000
17 26 0.000000
17 27 0.000000
17 28 0.000000
17 29 0.000000
17 30 0.000000
17 31 0.000000
18 0 0.000000
18 1 0.000000
18 2 0.000000
18 3 0.000000
18 4 0.000000
18 5 0.000000
18 6 0.000000
18 7 0.000000
18 8 160064741064075140485087232.000000
18 9 464924174468705318013501440.000000
18 10 256382349209613308778250240.000000
18 11 165924404659321200684564480.000000
18 12 96085345190906091328765952.000000
18 13 37249584095017992416395264.000000
18 14 -46389669082379969598849024.000000
18 15 -75113905936292355640393728.000000
18 16 -101728084299217364056014848.000000
18 17 -61020999292347879815905280.000000
18 18 -258204444802238043448672256.000000
18 19 -332952883844942065452449792.000000
18 20 -447695579586647250348015616.000000
18 21 -633331621560812266602889216.000000
18 22 -362243435741917334728605696.000000
18 23 -168071107607411002334773248.000000
18 24 0.000000
18 25 0.000000
18 26 0.000000
18 27 0.000000
18 28 0.000000
18 29 0.000000
18 30 0.000000
18 31 0.000000
19 0 0.000000
19 1 0.000000
19 2 0.000000
19 3 0.000000
19 4 0.000000
19 5 0.000000
19 6 0.000000
19 7 0.000000
19 8 390697206434220991324356608.000000
19 9 523726971232933697957134336.000000
19 10 268868692018690272333398016.000000
19 11 146922192228064107050303488.000000
19 12 106230796177029312783843328.000000
19 13 38851646924331519555141632.000000
19 14 -38587886154193583531360256.000000
19 15 -74668380173424122549764096.000000
19 16 -96077957269904570653343744.000000
19 17 -68764342935308754023874560.000000
19 18 -276366592508378404102340608.000000
19 19 -309958427061252750657454080.000000
19 20 -476344479937762606580760576.000000
19 21 -613586632532683184163258368.000000
19 22 -345962523889902021567840256.000000
19 23 -176052552599503282580226048.000000
19 24 0.000000
19 25 0.000000
19 26 0.000000
19 27 0.000000
19 28 0.000000
19 29 0.000000
19 30 0.000000
19 31 0.000000
20 0 0.000000
20 1 0.000000
20 2 0.000000
20 3 0.000000
20 4 0.000000
20 5 0.000000
20 6 0.000000
20 7 0.000000
20 8 553528239686333689879330816.000000
20 9 768249336828492851005358080.000000
20 10 288536555209847175137722368.000000
20 11 152262192596009695471206400.000000
20 12 98524576606516779048501248.000000
20 13 21534281698104743099891712.000000
20 14 -19315048458160124706422784.000000
20 15 -50699414182122861134610432.000000
20 16 -94683641672349160484896768.000000
20 17 -84210760978917594488635392.000000
20 18 -279822276415938635535220736.000000
20 19 -290734706127158552727388160.000000
20 20 -497494594355474292986085376.000000
20 21 -599974189784882547320160256.000000
20 22 -338725903083273911887986688.000000
20 23 -260013978162148581914443776.000000
20 24 0.000000
20 25 0.000000
20 26 0.000000
20 27 0.000000
20 28 0.000000
20 29 0.000000
20 30 0.000000
20 31 0.000000
21 0 0.000000
21 1 0.000000
21 2 0.000000
21 3 0.000000
21 4 0.000000
21 5 0.000000
21 6 0.000000
21 7 0.000000
21 8 22091997791417666627017113600.000000
21 9 826683235604735187335774208.000000
21 10 538941513703536009358082048.000000
21 11 190153778725025001412493312.000000
21 12 84064330724460488067907584.000000
21 13 21777801778307801318162432.000000
21 14 -6891364627015534070726656.000000
21 15 -63884067711482136620957696.000000
21 16 -84968894490230946495725568.000000
21 17 -75116170274127403487854592.000000
21 18 -304684502930579189850439680.000000
21 19 -276993855593860823695491072.000000
21 20 -513306257931742582572843008.000000
21 21 -593799474247601601688633344.000000
21 22 -408135762157326021106335744.000000
21 23 -156497989310447103841927168.000000
21 24 0.000000
21 25 0.000000
21 26 0.000000
21 27 0.000000
21 28 0.000000
21 29 0.000000
21 30 0.000000
21 31 0.000000
22 0 0.000000
22 1 0.000000
22 2 0.000000
22 3 0.000000
22 4 0.000000
22 5 0.000000
22 6 0.000000
22 7 0.000000
22 8 -32367837743351496676737024.000000
22 9 335654040579655355095580672.000000
22 10 950628679923420740760633344.000000
22 11 428142473590372894664294400.000000
22 12 105132098876627135034818560.000000
22 13 48521688422187098445971456.000000
22 14 -15873817574581644707233792.000000
22 15 -85150428898660322193178624.000000
22 16 -69641038282469855746588672.000000
22 17 -69191551081311793529749504.000000
22 18 -303337410997852476134129664.000000
22 19 -274553664947558303079071744.000000
22 20 -528602445691615132449243136.000000
22 21 -600474539271137845198192640.000000
22 22 -499761514734692459784175616.000000
22 23 -103437811550317096992768000.000000
22 24 0.000000
22 25 0.000000
22 26 0.000000
22 27 0.000000
22 28 0.000000
22 29 0.000000
22 30 0.000000
22 31 0.000000
23 0 0.000000
23 1 0.000000
23 2 0.000000
23 3 0.000000
23 4 0.000000
23 5 0.000000
23 6 0.000000
23 7 0.000000
23 8 -32216671287353465328631808.000000
23 9 344697741329232199870840832.000000
23 10 86954963190926885370462208.000000
23 11 620827680557888984135499776.000000
23 12 367381112220862476787384320.000000
23 13 65399555359171726406582272.000000
23 14 -25598733524370491086733312.000000
23 15 -61585003880715530929176576.000000
23 16 -69455819136911756566200320.000000
23 17 -86490677089335689665839104.000000
23 18 -313456077311580671320260608.000000
23 19 -277101990407620909087064064.000000
23 20 -541533428819844791036542976.000000
23 21 -777496394484738269877633024.000000
23 22 -265989210609016432454795264.000000
23 23 -138305450593445306701971456.000000
23 24 0.000000
23 25 0.000000
23 26 0.000000
23 27 0.000000
23 28 0.000000
23 29 0.000000
23 30 0.000000
23 31 0.000000
24 0 0.000000
24 1 0.000000
24 2 0.000000
24 3 0.000000
24 4 0.000000
24 5 0.000000
24 6 0.000000
24 7 0.000000
24 8 0.000000
24 9 0.000000
24 10 0.000000
24 11 0.000000
24 12 0.000000
24 13 0.000000
24 14 0.000000
24 15 0.000000
24 16 0.000000
24 17 0.000000
24 18 0.000000
24 19 0.000000
24 20 0.000000
24 21 0.000000
24 22 0.000000
24 23 0.000000
24 24 0.000000
24 25 0.000000
24 26 0.000000
24 27 0.000000
24 28 0.000000
24 29 0.000000
24 30 0.000000
24 31 0.000000
25 0 0.000000
25 1 0.000000
25 2 0.000000
25 3 0.000000
25 4 0.000000
25 5 0.000000
25 6 0.000000
25 7 0.000000
25 8 0.000000
25 9 0.000000
25 10 0.000000
25 11 0.000000
25 12 0.000000
25 13 0.000000
25 14 0.000000
25 15 0.000000
25 16 0.000000
25 17 0.000000
25 18 0.000000
25 19 0.000000
25 20 0.000000
25 21 0.000000
25 22 0.000000
25 23 0.000000
25 24 0.000000
25 25 0.000000
25 26 0.000000
25 27 0.000000
25 28 0.000000
25 29 0.000000
25 30 0.000000
25 31 0.000000
26 0 0.000000
26 1 0.000000
26 2 0.000000
26 3 0.000000
26 4 0.000000
26 5 0.000000
26 6 0.000000
26 7 0.000000
26 8 0.000000
26 9 0.000000
26 10 0.000000
26 11 0.000000
26 12 0.000000
26 13 0.000000
26 14 0.000000
26 15 0.000000
26 16 0.000000
26 17 0.000000
26 18 0.000000
26 19 0.000000
26 20 0.000000
26 21 0.000000
26 22 0.000000
26 23 0.000000
26 24 0.000000
26 25 0.000000
26 26 0.000000
26 27 0.000000
26 28 0.000000
26 29 0.000000
26 30 0.000000
26 31 0.000000
27 0 0.000000
27 1 0.000000
27 2 0.000000
27 3 0.000000
27 4 0.000000
27 5 0.000000
27 6 0.000000
27 7 0.000000
27 8 0.000000
27 9 0.000000
27 10 0.000000
27 11 0.000000
27 12 0.000000
27 13 0.000000
27 14 0.000000
27 15 0.000000
27 16 0.000000
27 17 0.000000
27 18 0.000000
27 19 0.000000
27 20 0.000000
27 21 0.000000
27 22 0.000000
27 23 0.000000
27 24 0.000000
27 25 0.000000
27 26 0.000000
27 27 0.000000
27 28 0.000000
27 29 0.000000
27 30 0.000000
27 31 0.000000
28 0 0.000000
28 1 0.000000
28 2 0.000000
28 3 0.000000
28 4 0.000000
28 5 0.000000
28 6 0.000000
28 7 0.000000
28 8 0.000000
28 9 0.000000
28 10 0.000000
28 11 0.000000
28 12 0.000000
28 13 0.000000
28 14 0.000000
28 15 0.000000
28 16 0.000000
28 17 0.000000
28 18 0.000000
28 19 0.000000
28 20 0.000000
28 21 0.000000
28 22 0.000000
28 23 0.000000
28 24 0.000000
28 25 0.000000
28 26 0.000000
28 27 0.000000
28 28 0.000000
28 29 0.000000
28 30 0.000000
28 31 0.000000
29 0 0.000000
29 1 0.000000
29 2 0.000000
29 3 0.000000
29 4 0.000000
29 5 0.000000
29 6 0.000000
29 7 0.000000
29 8 0.000000
29 9 0.000000
29 10 0.000000
29 11 0.000000
29 12 0.000000
29 13 0.000000
29 14 0.000000
29 15 0.000000
29 16 0.000000
29 17 0.000000
29 18 0.000000
29 19 0.000000
29 20 0.000000
29 21 0.000000
29 22 0.000000
29 23 0.000000
29 24 0.000000
29 25 0.000000
29 26 0.000000
29 27 0.000000
29 28 0.000000
29 29 0.000000
29 30 0.000000
29 31 0.000000
30 0 0.000000
30 1 0.000000
30 2 0.000000
30 3 0.000000
30 4 0.000000
30 5 0.000000
30 6 0.000000
30 7 0.000000
30 8 0.000000
30 9 0.000000
30 10 0.000000
30 11 0.000000
30 12 0.000000
30 13 0.000000
30 14 0.000000
30 15 0.000000
30 16 0.000000
30 17 0.000000
30 18 0.000000
30 19 0.000000
30 20 0.000000
30 21 0.000000
30 22 0.000000
30 23 0.000000
30 24 0.000000
30 25 0.000000
30 26 0.000000
30 27 0.000000
30 28 0.000000
30 29 0.000000
30 30 0.000000
30 31 0.000000
31 0 0.000000
31 1 0.000000
31 2 0.000000
31 3 0.000000
31 4 0.000000
31 5 0.000000
31 6 0.000000
31 7 0.000000
31 8 0.000000
31 9 0.000000
31 10 0.000000
31 11 0.000000
31 12 0.000000
31 13 0.000000
31 14 0.000000
31 15 0.000000
31 16 0.000000
31 17 0.000000
31 18 0.000000
31 19 0.000000
31 20 0.000000
31 21 0.000000
31 22 0.000000
31 23 0.000000
31 24 0.000000
31 25 0.000000
31 26 0.000000
31 27 0.000000
31 28 0.000000
31 29 0.000000
31 30 0.000000
31 31 0.000000
