0 0 2.699997
0 1 3.050001
0 2 3.050001
0 3 3.050001
0 4 3.050001
0 5 3.050001
0 6 3.050001
0 7 3.050001
0 8 3.050001
0 9 3.050001
0 10 3.050001
0 11 3.050001
0 12 3.050001
0 13 3.050001
0 14 3.050001
0 15 3.050001
0 16 3.050001
0 17 3.050000
0 18 3.050001
0 19 3.050001
0 20 3.050001
0 21 3.050000
0 22 3.050000
0 23 3.050001
0 24 3.050001
0 25 3.050001
0 26 3.050001
0 27 3.050001
0 28 3.050000
0 29 3.050001
0 30 3.050000
0 31 3.050001
1 0 4.266548
1 1 4.283519
1 2 4.346282
1 3 4.357595
1 4 4.422297
1 5 4.439267
1 6 4.456239
1 7 4.473208
1 8 4.490179
1 9 4.607151
1 10 4.624121
1 11 4.641090
1 12 4.658062
1 13 4.675032
1 14 4.740624
1 15 4.751939
1 16 4.813812
1 17 4.830783
1 18 4.847754
1 19 4.864725
1 20 4.881695
1 21 4.898666
1 22 5.015635
1 23 5.032606
1 24 5.049578
1 25 5.066547
1 26 5.083518
1 27 5.146281
1 28 5.157597
1 29 5.222298
1 30 5.239268
1 31 5.256238
2 0 3.080669
2 1 3.020734
2 2 3.009419
2 3 2.998106
2 4 2.986792
2 5 2.975478
2 6 2.917438
2 7 2.911782
2 8 2.906124
2 9 2.900467
2 10 2.894810
2 11 2.889153
2 12 2.883497
2 13 2.826390
2 14 2.815076
2 15 2.803763
2 16 2.792449
2 17 2.781135
2 18 2.669821
2 19 2.658508
2 20 2.647193
2 21 2.635880
2 22 2.624566
2 23 2.613252
2 24 2.601939
2 25 2.590625
2 26 2.525033
2 27 2.508062
2 28 2.491092
2 29 2.474121
2 30 2.457151
2 31 2.340180
3 0 0.000000
3 1 0.000000
3 2 0.000000
3 3 0.000000
3 4 0.000000
3 5 0.000000
3 6 0.000000
3 7 0.000000
3 8 0.000000
3 9 0.000000
3 10 0.000000
3 11 0.000000
3 12 0.000000
3 13 0.000000
3 14 0.000000
3 15 0.000000
3 16 0.000000
3 17 0.000000
3 18 0.000000
3 19 0.000000
3 20 0.000000
3 21 0.000000
3 22 0.000000
3 23 0.000000
3 24 0.000000
3 25 0.000000
3 26 0.000000
3 27 0.000000
3 28 0.000000
3 29 0.000000
3 30 0.000000
3 31 0.000000
4 0 0.000000
4 1 0.000000
4 2 0.000000
4 3 0.000000
4 4 0.000000
4 5 0.000000
4 6 0.000000
4 7 0.000000
4 8 0.000000
4 9 0.000000
4 10 0.000000
4 11 0.000000
4 12 0.000000
4 13 0.000000
4 14 0.000000
4 15 0.000000
4 16 0.000000
4 17 0.000000
4 18 0.000000
4 19 0.000000
4 20 0.000000
4 21 0.000000
4 22 0.000000
4 23 0.000000
4 24 0.000000
4 25 0.000000
4 26 0.000000
4 27 0.000000
4 28 0.000000
4 29 0.000000
4 30 0.000000
4 31 0.000000
5 0 0.000000
5 1 0.000000
5 2 0.000000
5 3 0.000000
5 4 0.000000
5 5 0.000000
5 6 0.000000
5 7 0.000000
5 8 0.000000
5 9 0.000000
5 10 0.000000
5 11 0.000000
5 12 0.000000
5 13 0.000000
5 14 0.000000
5 15 0.000000
5 16 0.000000
5 17 0.000000
5 18 0.000000
5 19 0.000000
5 20 0.000000
5 21 0.000000
5 22 0.000000
5 23 0.000000
5 24 0.000000
5 25 0.000000
5 26 0.000000
5 27 0.000000
5 28 0.000000
5 29 0.000000
5 30 0.000000
5 31 0.000000
6 0 0.000000
6 1 0.000000
6 2 0.000000
6 3 0.000000
6 4 0.000000
6 5 0.000000
6 6 0.000000
6 7 0.000000
6 8 0.000000
6 9 0.000000
6 10 0.000000
6 11 0.000000
6 12 0.000000
6 13 0.000000
6 14 0.000000
6 15 0.000000
6 16 0.000000
6 17 0.000000
6 18 0.000000
6 19 0.000000
6 20 0.000000
6 21 0.000000
6 22 0.000000
6 23 0.000000
6 24 0.000000
6 25 0.000000
6 26 0.000000
6 27 0.000000
6 28 0.000000
6 29 0.000000
6 30 0.000000
6 31 0.000000
7 0 0.000000
7 1 0.000000
7 2 0.000000
7 3 0.000000
7 4 0.000000
7 5 0.000000
7 6 0.000000
7 7 0.000000
7 8 0.000000
7 9 0.000000
7 10 0.000000
7 11 0.000000
7 12 0.000000
7 13 0.000000
7 14 0.000000
7 15 0.000000
7 16 0.000000
7 17 0.000000
7 18 0.000000
7 19 0.000000
7 20 0.000000
7 21 0.000000
7 22 0.000000
7 23 0.000000
7 24 0.000000
7 25 0.000000
7 26 0.000000
7 27 0.000000
7 28 0.000000
7 29 0.000000
7 30 0.000000
7 31 0.000000
8 0 0.000000
8 1 0.000000
8 2 0.000000
8 3 0.000000
8 4 0.000000
8 5 0.000000
8 6 0.000000
8 7 0.000000
8 8 3434655337640343109632.000000
8 9 172496978480661004288.000000
8 10 -199995852252268986368.000000
8 11 15079201096241306927104.000000
8 12 -144044115644236431360.000000
8 13 206459379734661824512.000000
8 14 -122586328191536726016.000000
8 15 -381078486025674686464.000000
8 16 -368139362821262540800.000000
8 17 -286247859929808371712.000000
8 18 -343950599591399784448.000000
8 19 -1495788003325445668864.000000
8 20 -404024185389639008256.000000
8 21 14891395362280423030784.000000
8 22 -1982491311367933394944.000000
8 23 -1107948558727925202944.000000
8 24 0.000000
8 25 0.000000
8 26 0.000000
8 27 0.000000
8 28 0.000000
8 29 0.000000
8 30 0.000000
8 31 0.000000
9 0 0.000000
9 1 0.000000
9 2 0.000000
9 3 0.000000
9 4 0.000000
9 5 0.000000
9 6 0.000000
9 7 0.000000
9 8 1934251566909307748352.000000
9 9 119228912261518065664.000000
9 10 933240981333294972928.000000
9 11 644258222568835645440.000000
9 12 561700239709088776192.000000
9 13 65083708442293567488.000000
9 14 -30488287557856526336.000000
9 15 -262863534591198625792.000000
9 16 -256704193597699784704.000000
9 17 -208382504736479248384.000000
9 18 -216963726798340751360.000000
9 19 -677984202434585559040.000000
9 20 -1225555700134566690816.000000
9 21 -611812742740886683648.000000
9 22 -951394991431225442304.000000
9 23 -549528628397422411776.000000
9 24 0.000000
9 25 0.000000
9 26 0.000000
9 27 0.000000
9 28 0.000000
9 29 0.000000
9 30 0.000000
9 31 0.000000
10 0 0.000000
10 1 0.000000
10 2 0.000000
10 3 0.000000
10 4 0.000000
10 5 0.000000
10 6 0.000000
10 7 0.000000
10 8 1931128039092749598720.000000
10 9 115568189451907629056.000000
10 10 804020604600036884480.000000
10 11 773166584290409971712.000000
10 12 237993461180207726592.000000
10 13 30819544023026368512.000000
10 14 -95992862662983680000.000000
10 15 -266525594406948438016.000000
10 16 -226354752368198811648.000000
10 17 -247408007502807171072.000000
10 18 -194138569093152768000.000000
10 19 -624455965376031752192.000000
10 20 -716080714632466006016.000000
10 21 -1402604867860452868096.000000
10 22 -1032972913606437896192.000000
10 23 -540385054516465106944.000000
10 24 0.000000
10 25 0.000000
10 26 0.000000
10 27 0.000000
10 28 0.000000
10 29 0.000000
10 30 0.000000
10 31 0.000000
11 0 0.000000
11 1 0.000000
11 2 0.000000
11 3 0.000000
11 4 0.000000
11 5 0.000000
11 6 0.000000
11 7 0.000000
11 8 15889338996510196498432.000000
11 9 694711204769337180160.000000
11 10 692828418650119602176.000000
11 11 368715119886124187648.000000
11 12 171877276135060406272.000000
11 13 54071598112814661632.000000
11 14 -90513767523357294592.000000
11 15 -266155542773504147456.000000
11 16 -208465258379632181248.000000
11 17 -233605600544823443456.000000
11 18 -197077203034384105472.000000
11 19 -658129520527369306112.000000
11 20 -598184498424742674432.000000
11 21 -1143870324886994944000.000000
11 22 -1445757233590010118144.000000
11 23 -867883054691034071040.000000
11 24 0.000000
11 25 0.000000
11 26 0.000000
11 27 0.000000
11 28 0.000000
11 29 0.000000
11 30 0.000000
11 31 0.000000
12 0 0.000000
12 1 0.000000
12 2 0.000000
12 3 0.000000
12 4 0.000000
12 5 0.000000
12 6 0.000000
12 7 0.000000
12 8 2773073174679896719360.000000
12 9 915442896343415128064.000000
12 10 297566584469855404032.000000
12 11 314385242093898432512.000000
12 12 161910071287875633152.000000
12 13 81515012517917622272.000000
12 14 -76903150577629790208.000000
12 15 -255811319787201495040.000000
12 16 -240037638014196776960.000000
12 17 -226083656781254361088.000000
12 18 -169459916258511159296.000000
12 19 -691898284589579239424.000000
12 20 -573418254095785918464.000000
12 21 -1190865457367350247424.000000
12 22 -1095779832534770122752.000000
12 23 -786885463549054812160.000000
12 24 0.000000
12 25 0.000000
12 26 0.000000
12 27 0.000000
12 28 0.000000
12 29 0.000000
12 30 0.000000
12 31 0.000000
13 0 0.000000
13 1 0.000000
13 2 0.000000
13 3 0.000000
13 4 0.000000
13 5 0.000000
13 6 0.000000
13 7 0.000000
13 8 3045195582339387752448.000000
13 9 681810221424269328384.000000
13 10 369678995759497740288.000000
13 11 287627931740620718080.000000
13 12 167664017946166951936.000000
13 13 91056363317525217280.000000
13 14 -112606931959423172608.000000
13 15 -177195253238799007744.000000
13 16 -189872569530498154496.000000
13 17 -211939169765636964352.000000
13 18 -290005181432988696576.000000
13 19 -732701319426020999168.000000
13 20 -718070461242833633280.000000
13 21 -1285537595459142418432.000000
13 22 -768828632686833696768.000000
13 23 -380659369785352519680.000000
13 24 0.000000
13 25 0.000000
13 26 0.000000
13 27 0.000000
13 28 0.000000
13 29 0.000000
13 30 0.000000
13 31 0.000000
14 0 0.000000
14 1 0.000000
14 2 0.000000
14 3 0.000000
14 4 0.000000
14 5 0.000000
14 6 0.000000
14 7 0.000000
14 8 2648835749459347374080.000000
14 9 636142384196593123328.000000
14 10 391742658099567132672.000000
14 11 315345353239458480128.000000
14 12 161161805246662443008.000000
14 13 89250138391972937728.000000
14 14 -119850391417909149696.000000
14 15 -165973725526647373824.000000
14 16 -178211026061003587584.000000
14 17 -193618350559633342464.000000
14 18 -345981406363995078656.000000
14 19 -712261591779711647744.000000
14 20 -699346112473343197184.000000
14 21 -1227799759386392395776.000000
14 22 -748611481378358296576.000000
14 23 -337474528880357277696.000000
14 24 0.000000
14 25 0.000000
14 26 0.000000
14 27 0.000000
14 28 0.000000
14 29 0.000000
14 30 0.000000
14 31 0.000000
15 0 0.000000
15 1 0.000000
15 2 0.000000
15 3 0.000000
15 4 0.000000
15 5 0.000000
15 6 0.000000
15 7 0.000000
15 8 3560483659429261082624.000000
15 9 684001222642985074688.000000
15 10 408227486401231323136.000000
15 11 298094490788676239360.000000
15 12 158843190310380503040.000000
15 13 117803707697408770048.000000
15 14 -104911107028991082496.000000
15 15 -161292163345251565568.000000
15 16 -191122986930163154944.000000
15 17 -156933171487166169088.000000
15 18 -380412868074498162688.000000
15 19 -707679812477559767040.000000
15 20 -699682475070512431104.000000
15 21 -1204524875037164961792.000000
15 22 -732485709593860636672.000000
15 23 -329663351986031951872.000000
15 24 0.000000
15 25 0.000000
15 26 0.000000
15 27 0.000000
15 28 0.000000
15 29 0.000000
15 30 0.000000
15 31 0.000000
16 0 0.000000
16 1 0.000000
16 2 0.000000
16 3 0.000000
16 4 0.000000
16 5 0.000000
16 6 0.000000
16 7 0.000000
16 8 81619681802757246812160.000000
16 9 828594144123063107584.000000
16 10 418063875752989818880.000000
16 11 267827293028932911104.000000
16 12 190938233792324698112.000000
16 13 102331591177577431040.000000
16 14 -109215017752571412480.000000
16 15 -122060057946018021376.000000
16 16 -186140510406477611008.000000
16 17 -183197320089060769792.000000
16 18 -389816700755796557824.000000
16 19 -656745015485673766912.000000
16 20 -758161927338150854656.000000
16 21 -1190886990203068612608.000000
16 22 -700740961720432852992.000000
16 23 -332948833467314995200.000000
16 24 0.000000
16 25 0.000000
16 26 0.000000
16 27 0.000000
16 28 0.000000
16 29 0.000000
16 30 0.000000
16 31 0.000000
17 0 0.000000
17 1 0.000000
17 2 0.000000
17 3 0.000000
17 4 0.000000
17 5 0.000000
17 6 0.000000
17 7 0.000000
17 8 243627094878141284352.000000
17 9 824496783255830265856.000000
17 10 436575042411994021888.000000
17 11 310827715047624540160.000000
17 12 211147257510847578112.000000
17 13 78230551383425155072.000000
17 14 -101531929564835479552.000000
17 15 -117486239108051238912.000000
17 16 -201414204659913981952.000000
17 17 -173585758874949910528.000000
17 18 -429916681469159276544.000000
17 19 -621773931060444266496.000000
17 20 -800483308567714070528.000000
17 21 -1173432234316031590400.000000
17 22 -679282224289686749184.000000
17 23 -317726314883081830400.000000
17 24 0.000000
17 25 0.000000
17 26 0.000000
17 27 0.000000
17 28 0.000000
17 29 0.000000
17 30 0.000000
17 31 0.000000
18 0 0.000000
18 1 0.000000
18 2 0.000000
18 3 0.000000
18 4 0.000000
18 5 0.000000
18 6 0.000000
18 7 0.000000
18 8 290468682758700924928.000000
18 9 843695628467310690304.000000
18 10 465255864795182137344.000000
18 11 301102226836690042880.000000
18 12 174365602890112827392.000000
18 13 67596620277343059968.000000
18 14 -84183131414343974912.000000
18 15 -136308875420971827200.000000
18 16 -184605451436613959680.000000
18 17 -110734516433878777856.000000
18 18 -468562351346602213376.000000
18 19 -604208062926350712832.000000
18 20 -812431076904151285760.000000
18 21 -1149303847468673269760.000000
18 22 -657361516053414281216.000000
18 23 -304997805329993433088.000000
18 24 0.000000
18 25 0.000000
18 26 0.000000
18 27 0.000000
18 28 0.000000
18 29 0.000000
18 30 0.000000
18 31 0.000000
19 0 0.000000
19 1 0.000000
19 2 0.000000
19 3 0.000000
19 4 0.000000
19 5 0.000000
19 6 0.000000
19 7 0.000000
19 8 708996341312379682816.000000
19 9 950404762463157354496.000000
19 10 487914741157878300672.000000
19 11 266619026507030331392.000000
19 12 192776564457408036864.000000
19 13 70503882952810692608.000000
19 14 -70025300725611888640.000000
19 15 -135500382530835578880.000000
19 16 -174352232828719071232.000000
19 17 -124786319017321168896.000000
19 18 -501521206347699322880.000000
19 19 -562479960578949382144.000000
19 20 -864420068052562870272.000000
19 21 -1113472856989592715264.000000
19 22 -627816495122980274176.000000
19 23 -319481768759709925376.000000
19 24 0.000000
19 25 0.000000
19 26 0.000000
19 27 0.000000
19 28 0.000000
19 29 0.000000
19 30 0.000000
19 31 0.000000
20 0 0.000000
20 1 0.000000
20 2 0.000000
20 3 0.000000
20 4 0.000000
20 5 0.000000
20 6 0.000000
20 7 0.000000
20 8 1004484971951040757760.000000
20 9 1394138100560996335616.000000
20 10 523605908942277836800.000000
20 11 276309488675550396416.000000
20 12 178792095966050648064.000000
20 13 39078134188926304256.000000
20 14 -35050952949871149056.000000
20 15 -92004001603179773952.000000
20 16 -171821913525578629120.000000
20 17 -152816846243377446912.000000
20 18 -507792187353836027904.000000
20 19 -527594937127849164800.000000
20 20 -902801010714409435136.000000
20 21 -1088770542664721367040.000000
20 22 -614684350453288796160.000000
20 23 -471846108793652903936.000000
20 24 0.000000
20 25 0.000000
20 26 0.000000
20 27 0.000000
20 28 0.000000
20 29 0.000000
20 30 0.000000
20 31 0.000000
21 0 0.000000
21 1 0.000000
21 2 0.000000
21 3 0.000000
21 4 0.000000
21 5 0.000000
21 6 0.000000
21 7 0.000000
21 8 40090242242118483443712.000000
21 9 1500178168537201770496.000000
21 10 978014713297449779200.000000
21 11 345071151473684905984.000000
21 12 152551081088804454400.000000
21 13 39520071892594589696.000000
21 14 -12505722109021913088.000000
21 15 -115930034330562199552.000000
21 16 -154192660745167044608.000000
21 17 -136312930419855065088.000000
21 18 -552909529895810367488.000000
21 19 -502659385600400949248.000000
21 20 -931494569840293707776.000000
21 21 -1077565023841870151680.000000
21 22 -740642009994005315584.000000
21 23 -283996183261425434624.000000
21 24 0.000000
21 25 0.000000
21 26 0.000000
21 27 0.000000
21 28 0.000000
21 29 0.000000
21 30 0.000000
21 31 0.000000
22 0 0.000000
22 1 0.000000
22 2 0.000000
22 3 0.000000
22 4 0.000000
22 5 0.000000
22 6 0.000000
22 7 0.000000
22 8 -58737771529468116992.000000
22 9 609109879277022609408.000000
22 10 1725101303989478096896.000000
22 11 776948130233773457408.000000
22 12 190782648498947883008.000000
22 13 88052101726255185920.000000
22 14 -28806131524382490624.000000
22 15 -154522109613220823040.000000
22 16 -126377233177875841024.000000
22 17 -125561571471926493184.000000
22 18 -550464954907450408960.000000
22 19 -498231221266788909056.000000
22 20 -959252295037359226880.000000
22 21 -1089678299464613232640.000000
22 22 -906914908236524027904.000000
22 23 -187708097328337387520.000000
22 24 0.000000
22 25 0.000000
22 26 0.000000
22 27 0.000000
22 28 0.000000
22 29 0.000000
22 30 0.000000
22 31 0.000000
23 0 0.000000
23 1 0.000000
23 2 0.000000
23 3 0.000000
23 4 0.000000
23 5 0.000000
23 6 0.000000
23 7 0.000000
23 8 -58463478562710093824.000000
23 9 625521277794137407488.000000
23 10 157796736715714461696.000000
23 11 1126613164433608802304.000000
23 12 666684811707001339904.000000
23 13 118680247163164819456.000000
23 14 -46453900080605822976.000000
23 15 -111757985837477789696.000000
23 16 -126041099279125184512.000000
23 17 -156954229333861335040.000000
23 18 -568827186119402586112.000000
23 19 -502855644027912454144.000000
23 20 -982718160158284840960.000000
23 21 -1410918794247555514368.000000
23 22 -482689334137105416192.000000
23 23 -250982229533637214208.000000
23 24 0.000000
23 25 0.000000
23 26 0.000000
23 27 0.000000
23 28 0.000000
23 29 0.000000
23 30 0.000000
23 31 0.000000
24 0 0.000000
24 1 0.000000
24 2 0.000000
24 3 0.000000
24 4 0.000000
24 5 0.000000
24 6 0.000000
24 7 0.000000
24 8 0.000000
24 9 0.000000
24 10 0.000000
24 11 0.000000
24 12 0.000000
24 13 0.000000
24 14 0.000000
24 15 0.000000
24 16 0.000000
24 17 0.000000
24 18 0.000000
24 19 0.000000
24 20 0.000000
24 21 0.000000
24 22 0.000000
24 23 0.000000
24 24 0.000000
24 25 0.000000
24 26 0.000000
24 27 0.000000
24 28 0.000000
24 29 0.000000
24 30 0.000000
24 31 0.000000
25 0 0.000000
25 1 0.000000
25 2 0.000000
25 3 0.000000
25 4 0.000000
25 5 0.000000
25 6 0.000000
25 7 0.000000
25 8 0.000000
25 9 0.000000
25 10 0.000000
25 11 0.000000
25 12 0.000000
25 13 0.000000
25 14 0.000000
25 15 0.000000
25 16 0.000000
25 17 0.000000
25 18 0.000000
25 19 0.000000
25 20 0.000000
25 21 0.000000
25 22 0.000000
25 23 0.000000
25 24 0.000000
25 25 0.000000
25 26 0.000000
25 27 0.000000
25 28 0.000000
25 29 0.000000
25 30 0.000000
25 31 0.000000
26 0 0.000000
26 1 0.000000
26 2 0.000000
26 3 0.000000
26 4 0.000000
26 5 0.000000
26 6 0.000000
26 7 0.000000
26 8 0.000000
26 9 0.000000
26 10 0.000000
26 11 0.000000
26 12 0.000000
26 13 0.000000
26 14 0.000000
26 15 0.000000
26 16 0.000000
26 17 0.000000
26 18 0.000000
26 19 0.000000
26 20 0.000000
26 21 0.000000
26 22 0.000000
26 23 0.000000
26 24 0.000000
26 25 0.000000
26 26 0.000000
26 27 0.000000
26 28 0.000000
26 29 0.000000
26 30 0.000000
26 31 0.000000
27 0 0.000000
27 1 0.000000
27 2 0.000000
27 3 0.000000
27 4 0.000000
27 5 0.000000
27 6 0.000000
27 7 0.000000
27 8 0.000000
27 9 0.000000
27 10 0.000000
27 11 0.000000
27 12 0.000000
27 13 0.000000
27 14 0.000000
27 15 0.000000
27 16 0.000000
27 17 0.000000
27 18 0.000000
27 19 0.000000
27 20 0.000000
27 21 0.000000
27 22 0.000000
27 23 0.000000
27 24 0.000000
27 25 0.000000
27 26 0.000000
27 27 0.000000
27 28 0.000000
27 29 0.000000
27 30 0.000000
27 31 0.000000
28 0 0.000000
28 1 0.000000
28 2 0.000000
28 3 0.000000
28 4 0.000000
28 5 0.000000
28 6 0.000000
28 7 0.000000
28 8 0.000000
28 9 0.000000
28 10 0.000000
28 11 0.000000
28 12 0.000000
28 13 0.000000
28 14 0.000000
28 15 0.000000
28 16 0.000000
28 17 0.000000
28 18 0.000000
28 19 0.000000
28 20 0.000000
28 21 0.000000
28 22 0.000000
28 23 0.000000
28 24 0.000000
28 25 0.000000
28 26 0.000000
28 27 0.000000
28 28 0.000000
28 29 0.000000
28 30 0.000000
28 31 0.000000
29 0 0.000000
29 1 0.000000
29 2 0.000000
29 3 0.000000
29 4 0.000000
29 5 0.000000
29 6 0.000000
29 7 0.000000
29 8 0.000000
29 9 0.000000
29 10 0.000000
29 11 0.000000
29 12 0.000000
29 13 0.000000
29 14 0.000000
29 15 0.000000
29 16 0.000000
29 17 0.000000
29 18 0.000000
29 19 0.000000
29 20 0.000000
29 21 0.000000
29 22 0.000000
29 23 0.000000
29 24 0.000000
29 25 0.000000
29 26 0.000000
29 27 0.000000
29 28 0.000000
29 29 0.000000
29 30 0.000000
29 31 0.000000
30 0 0.000000
30 1 0.000000
30 2 0.000000
30 3 0.000000
30 4 0.000000
30 5 0.000000
30 6 0.000000
30 7 0.000000
30 8 0.000000
30 9 0.000000
30 10 0.000000
30 11 0.000000
30 12 0.000000
30 13 0.000000
30 14 0.000000
30 15 0.000000
30 16 0.000000
30 17 0.000000
30 18 0.000000
30 19 0.000000
30 20 0.000000
30 21 0.000000
30 22 0.000000
30 23 0.000000
30 24 0.000000
30 25 0.000000
30 26 0.000000
30 27 0.000000
30 28 0.000000
30 29 0.000000
30 30 0.000000
30 31 0.000000
31 0 0.000000
31 1 0.000000
31 2 0.000000
31 3 0.000000
31 4 0.000000
31 5 0.000000
31 6 0.000000
31 7 0.000000
31 8 0.000000
31 9 0.000000
31 10 0.000000
31 11 0.000000
31 12 0.000000
31 13 0.000000
31 14 0.000000
31 15 0.000000
31 16 0.000000
31 17 0.000000
31 18 0.000000
31 19 0.000000
31 20 0.000000
31 21 0.000000
31 22 0.000000
31 23 0.000000
31 24 0.000000
31 25 0.000000
31 26 0.000000
31 27 0.000000
31 28 0.000000
31 29 0.000000
31 30 0.000000
31 31 0.000000
