0 0 2.699997
0 1 3.050001
0 2 3.050001
0 3 3.050001
0 4 3.050001
0 5 3.050001
0 6 3.050001
0 7 3.050001
0 8 3.050001
0 9 3.050001
0 10 3.050001
0 11 3.050001
0 12 3.050001
0 13 3.050001
0 14 3.050001
0 15 3.050001
0 16 3.050001
0 17 3.050000
0 18 3.050001
0 19 3.050001
0 20 3.050001
0 21 3.050000
0 22 3.050000
0 23 3.050001
0 24 3.050001
0 25 3.050001
0 26 3.050001
0 27 3.050001
0 28 3.050000
0 29 3.050001
0 30 3.050000
0 31 3.050001
1 0 4.266548
1 1 4.283519
1 2 4.346282
1 3 4.357595
1 4 4.422297
1 5 4.439267
1 6 4.456239
1 7 4.473208
1 8 4.490179
1 9 4.607151
1 10 4.624121
1 11 4.641090
1 12 4.658062
1 13 4.675032
1 14 4.740624
1 15 4.751939
1 16 4.813812
1 17 4.830783
1 18 4.847754
1 19 4.864725
1 20 4.881695
1 21 4.898666
1 22 5.015635
1 23 5.032606
1 24 5.049578
1 25 5.066547
1 26 5.083518
1 27 5.146281
1 28 5.157597
1 29 5.222298
1 30 5.239268
1 31 5.256238
2 0 3.080669
2 1 3.020734
2 2 3.009419
2 3 2.998106
2 4 2.986792
2 5 2.975478
2 6 2.917438
2 7 2.911782
2 8 2.906124
2 9 2.900467
2 10 2.894810
2 11 2.889153
2 12 2.883497
2 13 2.826390
2 14 2.815076
2 15 2.803763
2 16 2.792449
2 17 2.781135
2 18 2.669821
2 19 2.658508
2 20 2.647193
2 21 2.635880
2 22 2.624566
2 23 2.613252
2 24 2.601939
2 25 2.590625
2 26 2.525033
2 27 2.508062
2 28 2.491092
2 29 2.474121
2 30 2.457151
2 31 2.340180
3 0 0.000000
3 1 0.000000
3 2 0.000000
3 3 0.000000
3 4 0.000000
3 5 0.000000
3 6 0.000000
3 7 0.000000
3 8 0.000000
3 9 0.000000
3 10 0.000000
3 11 0.000000
3 12 0.000000
3 13 0.000000
3 14 0.000000
3 15 0.000000
3 16 0.000000
3 17 0.000000
3 18 0.000000
3 19 0.000000
3 20 0.000000
3 21 0.000000
3 22 0.000000
3 23 0.000000
3 24 0.000000
3 25 0.000000
3 26 0.000000
3 27 0.000000
3 28 0.000000
3 29 0.000000
3 30 0.000000
3 31 0.000000
4 0 0.000000
4 1 0.000000
4 2 0.000000
4 3 0.000000
4 4 0.000000
4 5 0.000000
4 6 0.000000
4 7 0.000000
4 8 0.000000
4 9 0.000000
4 10 0.000000
4 11 0.000000
4 12 0.000000
4 13 0.000000
4 14 0.000000
4 15 0.000000
4 16 0.000000
4 17 0.000000
4 18 0.000000
4 19 0.000000
4 20 0.000000
4 21 0.000000
4 22 0.000000
4 23 0.000000
4 24 0.000000
4 25 0.000000
4 26 0.000000
4 27 0.000000
4 28 0.000000
4 29 0.000000
4 30 0.000000
4 31 0.000000
5 0 0.000000
5 1 0.000000
5 2 0.000000
5 3 0.000000
5 4 0.000000
5 5 0.000000
5 6 0.000000
5 7 0.000000
5 8 0.000000
5 9 0.000000
5 10 0.000000
5 11 0.000000
5 12 0.000000
5 13 0.000000
5 14 0.000000
5 15 0.000000
5 16 0.000000
5 17 0.000000
5 18 0.000000
5 19 0.000000
5 20 0.000000
5 21 0.000000
5 22 0.000000
5 23 0.000000
5 24 0.000000
5 25 0.000000
5 26 0.000000
5 27 0.000000
5 28 0.000000
5 29 0.000000
5 30 0.000000
5 31 0.000000
6 0 0.000000
6 1 0.000000
6 2 0.000000
6 3 0.000000
6 4 0.000000
6 5 0.000000
6 6 0.000000
6 7 0.000000
6 8 0.000000
6 9 0.000000
6 10 0.000000
6 11 0.000000
6 12 0.000000
6 13 0.000000
6 14 0.000000
6 15 0.000000
6 16 0.000000
6 17 0.000000
6 18 0.000000
6 19 0.000000
6 20 0.000000
6 21 0.000000
6 22 0.000000
6 23 0.000000
6 24 0.000000
6 25 0.000000
6 26 0.000000
6 27 0.000000
6 28 0.000000
6 29 0.000000
6 30 0.000000
6 31 0.000000
7 0 0.000000
7 1 0.000000
7 2 0.000000
7 3 0.000000
7 4 0.000000
7 5 0.000000
7 6 0.000000
7 7 0.000000
7 8 0.000000
7 9 0.000000
7 10 0.000000
7 11 0.000000
7 12 0.000000
7 13 0.000000
7 14 0.000000
7 15 0.000000
7 16 0.000000
7 17 0.000000
7 18 0.000000
7 19 0.000000
7 20 0.000000
7 21 0.000000
7 22 0.000000
7 23 0.000000
7 24 0.000000
7 25 0.000000
7 26 0.000000
7 27 0.000000
7 28 0.000000
7 29 0.000000
7 30 0.000000
7 31 0.000000
8 0 0.000000
8 1 0.000000
8 2 0.000000
8 3 0.000000
8 4 0.000000
8 5 0.000000
8 6 0.000000
8 7 0.000000
8 8 26626782432854763793534681088.000000
8 9 1337263802632146446561837056.000000
8 10 -1550445592768330840443715584.000000
8 11 116899839989662563921018486784.000000
8 12 -1116686196287977829569658880.000000
8 13 1600553295352487338718527488.000000
8 14 -950336926219150950492274688.000000
8 15 -2954269084941188680822816768.000000
8 16 -2853958937295313112016093184.000000
8 17 -2219104204969822795155374080.000000
8 18 -2666438486627042370225438720.000000
8 19 -11595927917371969237933883392.000000
8 20 -3132152366209543194143621120.000000
8 21 115443877734596057865893445632.000000
8 22 -15369043249378642045345726464.000000
8 23 -8589246762576936261648384000.000000
8 24 0.000000
8 25 0.000000
8 26 0.000000
8 27 0.000000
8 28 0.000000
8 29 0.000000
8 30 0.000000
8 31 0.000000
9 0 0.000000
9 1 0.000000
9 2 0.000000
9 3 0.000000
9 4 0.000000
9 5 0.000000
9 6 0.000000
9 7 0.000000
9 8 14995067241683987666760105984.000000
9 9 924308791692075657676718080.000000
9 10 7234845491978455872606044160.000000
9 11 4994540665405647574293020672.000000
9 12 4354518335982324558480801792.000000
9 13 504554126418994790970425344.000000
9 14 -236357061905284209701814272.000000
9 15 -2037819934390086599222231040.000000
9 16 -1990070463568313130026008576.000000
9 17 -1615461806338906808658165760.000000
9 18 -1681986816000759628518391808.000000
9 19 -5255996846912966916371906560.000000
9 20 -9500983434099992206354939904.000000
9 21 -4743010307949509867747672064.000000
9 22 -7375583819084178474087219200.000000
9 23 -4260158960400675101348986880.000000
9 24 0.000000
9 25 0.000000
9 26 0.000000
9 27 0.000000
9 28 0.000000
9 29 0.000000
9 30 0.000000
9 31 0.000000
10 0 0.000000
10 1 0.000000
10 2 0.000000
10 3 0.000000
10 4 0.000000
10 5 0.000000
10 6 0.000000
10 7 0.000000
10 8 14970853307543073560926879744.000000
10 9 895929582739317935088599040.000000
10 10 6233080445234352294134284288.000000
10 11 5993887860510521894415368192.000000
10 12 1845017811958631338612883456.000000
10 13 238925143828249758639587328.000000
10 14 -744173827055107861647458304.000000
10 15 -2066209768667430778512080896.000000
10 16 -1754789916753682462337400832.000000
10 17 -1918002576247192064096206848.000000
10 18 -1505037087556487408185769984.000000
10 19 -4841025090336805609627713536.000000
10 20 -5551335417639065604153409536.000000
10 21 -10873538071754433870304378880.000000
10 22 -8008006680244943513339297792.000000
10 23 -4189274468605370650574454784.000000
10 24 0.000000
10 25 0.000000
10 26 0.000000
10 27 0.000000
10 28 0.000000
10 29 0.000000
10 30 0.000000
10 31 0.000000
11 0 0.000000
11 1 0.000000
11 2 0.000000
11 3 0.000000
11 4 0.000000
11 5 0.000000
11 6 0.000000
11 7 0.000000
11 8 123180322959356151355102199808.000000
11 9 5385671259645136297823043584.000000
11 10 5371075605438206941878812672.000000
11 11 2858422754213245644154339328.000000
11 12 1332459385031636941262553088.000000
11 13 419183886117952145760190464.000000
11 14 -701697837642150184229011456.000000
11 15 -2063341373750945238073999360.000000
11 16 -1616103753032671901054402560.000000
11 17 -1811001720738805746080153600.000000
11 18 -1527818816487518704431529984.000000
11 19 -5102076033770313700276699136.000000
11 20 -4637358573515698371498606592.000000
11 21 -8867725894663379957311340544.000000
11 22 -11208068152217678102419996672.000000
11 23 -6728166854044491952576004096.000000
11 24 0.000000
11 25 0.000000
11 26 0.000000
11 27 0.000000
11 28 0.000000
11 29 0.000000
11 30 0.000000
11 31 0.000000
12 0 0.000000
12 1 0.000000
12 2 0.000000
12 3 0.000000
12 4 0.000000
12 5 0.000000
12 6 0.000000
12 7 0.000000
12 8 21497940616155355302892404736.000000
12 9 7096868568673591296163577856.000000
12 10 2306851529605691800605949952.000000
12 11 2437236658493533063661748224.000000
12 12 1255189811029634961129865216.000000
12 13 631936236052100581280448512.000000
12 14 -596183162516806349948452864.000000
12 15 -1983148654896046947554033664.000000
12 16 -1860865188431426329891569664.000000
12 17 -1752688168520900290864480256.000000
12 18 -1313718821218321343908413440.000000
12 19 -5363864551818864993637498880.000000
12 20 -4445360729125856847339716608.000000
12 21 -9232051156154479857197121536.000000
12 22 -8494909227940270076625682432.000000
12 23 -6100240866367039532978667520.000000
12 24 0.000000
12 25 0.000000
12 26 0.000000
12 27 0.000000
12 28 0.000000
12 29 0.000000
12 30 0.000000
12 31 0.000000
13 0 0.000000
13 1 0.000000
13 2 0.000000
13 3 0.000000
13 4 0.000000
13 5 0.000000
13 6 0.000000
13 7 0.000000
13 8 23607535060848814691335536640.000000
13 9 5285657440496060799253479424.000000
13 10 2865895013728671319646535680.000000
13 11 2229803759254432104121892864.000000
13 12 1299796694531011271112785920.000000
13 13 705904506947695205217730560.000000
13 14 -872972535952610103264280576.000000
13 15 -1373686677444757071713009664.000000
13 16 -1471965764781140924048605184.000000
13 17 -1643034523640761949649633280.000000
13 18 -2248232646879878304891928576.000000
13 19 -5680185777419974232514756608.000000
13 20 -5566760437459548941538295808.000000
13 21 -9965987778118441866079764480.000000
13 22 -5960258117898576074731683840.000000
13 23 -2951019801653069185562968064.000000
13 24 0.000000
13 25 0.000000
13 26 0.000000
13 27 0.000000
13 28 0.000000
13 29 0.000000
13 30 0.000000
13 31 0.000000
14 0 0.000000
14 1 0.000000
14 2 0.000000
14 3 0.000000
14 4 0.000000
14 5 0.000000
14 6 0.000000
14 7 0.000000
14 8 20534806888424366857091284992.000000
14 9 4931622805866944214993993728.000000
14 10 3036941193773546124756385792.000000
14 11 2444679698366345983224184832.000000
14 12 1249389269249145140043317248.000000
14 13 691901952456223758777057280.000000
14 14 -929126638522270823529578496.000000
14 15 -1286692275115000595321192448.000000
14 16 -1381560633259131846401196032.000000
14 17 -1501004186580116731173273600.000000
14 18 -2682182561333024588015075328.000000
14 19 -5521728540974714363486142464.000000
14 20 -5421603746213291428254056448.000000
14 21 -9518380632222883979322195968.000000
14 22 -5803527496698615419734327296.000000
14 23 -2616233827956034454547333120.000000
14 24 0.000000
14 25 0.000000
14 26 0.000000
14 27 0.000000
14 28 0.000000
14 29 0.000000
14 30 0.000000
14 31 0.000000
15 0 0.000000
15 1 0.000000
15 2 0.000000
15 3 0.000000
15 4 0.000000
15 5 0.000000
15 6 0.000000
15 7 0.000000
15 8 27602255704205490622279188480.000000
15 9 5302643202439132554381492224.000000
15 10 3164737580385059284176601088.000000
15 11 2310944198032861296565682176.000000
15 12 1231414540462793668434067456.000000
15 13 913260298796568058831831040.000000
15 14 -813311338399655723045748736.000000
15 15 -1250399412954621475089809408.000000
15 16 -1481659455004898998584606720.000000
15 17 -1216606748699016652646252544.000000
15 18 -2949108423819127696662724608.000000
15 19 -5486208080882189609600024576.000000
15 20 -5424209902216025113706364928.000000
15 21 -9337944911870538422763388928.000000
15 22 -5678513469389228019403456512.000000
15 23 -2555678037102481455913631744.000000
15 24 0.000000
15 25 0.000000
15 26 0.000000
15 27 0.000000
15 28 0.000000
15 29 0.000000
15 30 0.000000
15 31 0.000000
16 0 0.000000
16 1 0.000000
16 2 0.000000
16 3 0.000000
16 4 0.000000
16 5 0.000000
16 6 0.000000
16 7 0.000000
16 8 632747429409132669967615918080.000000
16 9 6423583660632365575583039488.000000
16 10 3240993764054627956381712384.000000
16 11 2076301170693418030980923392.000000
16 12 1480227544942921368349966336.000000
16 13 793314625101896800064765952.000000
16 14 -846677071210418611626704896.000000
16 15 -946257096725856756380467200.000000
16 16 -1443033596228029683941244928.000000
16 17 -1420216892270234634385620992.000000
16 18 -3022010841842143382707634176.000000
16 19 -5091342094754750996705968128.000000
16 20 -5877567119600287152217260032.000000
16 21 -9232218209868811370896556032.000000
16 22 -5432415604275821480970813440.000000
16 23 -2581148711023649246079352832.000000
16 24 0.000000
16 25 0.000000
16 26 0.000000
16 27 0.000000
16 28 0.000000
16 29 0.000000
16 30 0.000000
16 31 0.000000
17 0 0.000000
17 1 0.000000
17 2 0.000000
17 3 0.000000
17 4 0.000000
17 5 0.000000
17 6 0.000000
17 7 0.000000
17 8 1888691880505688303989686272.000000
17 9 6391818662485342907053113344.000000
17 10 3384499988215122528663764992.000000
17 11 2409657447937763976908111872.000000
17 12 1636895889934889179901067264.000000
17 13 606473826272277812993851392.000000
17 14 -787114895779651904281247744.000000
17 15 -910798912841324845940604928.000000
17 16 -1561441032827882450618155008.000000
17 17 -1345703852128655219970015232.000000
17 18 -3332881275930400333596983296.000000
17 19 -4820232805860635741104635904.000000
17 20 -6205657072772517905672699904.000000
17 21 -9096902930372854198237659136.000000
17 22 -5266059029296341412910989312.000000
17 23 -2463137067764641991541915648.000000
17 24 0.000000
17 25 0.000000
17 26 0.000000
17 27 0.000000
17 28 0.000000
17 29 0.000000
17 30 0.000000
17 31 0.000000
18 0 0.000000
18 1 0.000000
18 2 0.000000
18 3 0.000000
18 4 0.000000
18 5 0.000000
18 6 0.000000
18 7 0.000000
18 8 2251826515347294694575964160.000000
18 9 6540656438404997308781428736.000000
18 10 3606844349919694751671517184.000000
18 11 2334261620411793118190370816.000000
18 12 1351750252114159441960501248.000000
18 13 524035400793846121660153856.000000
18 14 -652620275034045922154643456.000000
18 15 -1056719520653162819176366080.000000
18 16 -1431133085117245588326318080.000000
18 17 -858456866827984351935856640.000000
18 18 -3632477355188711185891459072.000000
18 19 -4684055104185744499488587776.000000
18 20 -6298280978671712768188481536.000000
18 21 -8909849993986387551323160576.000000
18 22 -5096121719931225436367880192.000000
18 23 -2364461744365554858037608448.000000
18 24 0.000000
18 25 0.000000
18 26 0.000000
18 27 0.000000
18 28 0.000000
18 29 0.000000
18 30 0.000000
18 31 0.000000
19 0 0.000000
19 1 0.000000
19 2 0.000000
19 3 0.000000
19 4 0.000000
19 5 0.000000
19 6 0.000000
19 7 0.000000
19 8 5496415476034912347729428480.000000
19 9 7367905841478842789675401216.000000
19 10 3782504577166238379507974144.000000
19 11 2066934356774646089699557376.000000
19 12 1494479056692411598899249152.000000
19 13 546573632703104451824582656.000000
19 14 -542863033239189628097921024.000000
19 15 -1050451464590868903213662208.000000
19 16 -1351646064903631130412974080.000000
19 17 -967391826559010969019744256.000000
19 18 -3887986601554571747882172416.000000
19 19 -4360564145672018421765636096.000000
19 20 -6701319019997757302124838912.000000
19 21 -8632073904210081074091393024.000000
19 22 -4867077500779081904213196800.000000
19 23 -2476746337672461950342135808.000000
19 24 0.000000
19 25 0.000000
19 26 0.000000
19 27 0.000000
19 28 0.000000
19 29 0.000000
19 30 0.000000
19 31 0.000000
20 0 0.000000
20 1 0.000000
20 2 0.000000
20 3 0.000000
20 4 0.000000
20 5 0.000000
20 6 0.000000
20 7 0.000000
20 8 7787158128123820250452983808.000000
20 9 10807899538825787236656611328.000000
20 10 4059196293538915914457546752.000000
20 11 2142058500653899354141097984.000000
20 12 1386066066031694667287887872.000000
20 13 302949070141612742653509632.000000
20 14 -271728435412205242991771648.000000
20 15 -713250885881561886729699328.000000
20 16 -1332030239977506162253758464.000000
20 17 -1184695209617072435438288896.000000
20 18 -3936601593608283669240217600.000000
20 19 -4090120120156177427433783296.000000
20 20 -6998865297054597549043744768.000000
20 21 -8440571318005130503974289408.000000
20 22 -4765271248401852195932209152.000000
20 23 -3657934452306240725827190784.000000
20 24 0.000000
20 25 0.000000
20 26 0.000000
20 27 0.000000
20 28 0.000000
20 29 0.000000
20 30 0.000000
20 31 0.000000
21 0 0.000000
21 1 0.000000
21 2 0.000000
21 3 0.000000
21 4 0.000000
21 5 0.000000
21 6 0.000000
21 7 0.000000
21 8 310795107620488697178545455104.000000
21 9 11629964373797252205811597312.000000
21 10 7581948873202340535103127552.000000
21 11 2675125870068091441301684224.000000
21 12 1182635667534730911419465728.000000
21 13 306375036344470227998736384.000000
21 14 -96949150875645688502288384.000000
21 15 -898735037365023978536566784.000000
21 16 -1195361485975372772373692416.000000
21 17 -1056750806331111830575906816.000000
21 18 -4286368979824317170343477248.000000
21 19 -3896810933623624038669615104.000000
21 20 -7221307057567878958484029440.000000
21 21 -8353702796256933021562699776.000000
21 22 -5741745366299042210109194240.000000
21 23 -2201648567561705510328598528.000000
21 24 0.000000
21 25 0.000000
21 26 0.000000
21 27 0.000000
21 28 0.000000
21 29 0.000000
21 30 0.000000
21 31 0.000000
22 0 0.000000
22 1 0.000000
22 2 0.000000
22 3 0.000000
22 4 0.000000
22 5 0.000000
22 6 0.000000
22 7 0.000000
22 8 -455357988139984723898269696.000000
22 9 4722054806681775817111896064.000000
22 10 13373654515706902156750618624.000000
22 11 6023204311636176651901992960.000000
22 12 1479021570602358532703518720.000000
22 13 682614164389063589214814208.000000
22 14 -223316357543304126701502464.000000
22 15 -1197915253224937122699411456.000000
22 16 -979725541007622059744821248.000000
22 17 -973401849565201835774443520.000000
22 18 -4267418713424371642806566912.000000
22 19 -3862482575920118690847129600.000000
22 20 -7436496443755093310287380480.000000
22 21 -8447609414952037351459651584.000000
22 22 -7030756618505036980583137280.000000
22 23 -1455186016075884357193039872.000000
22 24 0.000000
22 25 0.000000
22 26 0.000000
22 27 0.000000
22 28 0.000000
22 29 0.000000
22 30 0.000000
22 31 0.000000
23 0 0.000000
23 1 0.000000
23 2 0.000000
23 3 0.000000
23 4 0.000000
23 5 0.000000
23 6 0.000000
23 7 0.000000
23 8 -453231558163631929045286912.000000
23 9 4849283623871629081047990272.000000
23 10 1223301736206152502471557120.000000
23 11 8733941842499493267112984576.000000
23 12 5168399900134786791186104320.000000
23 13 920055415230536004103307264.000000
23 14 -360128516533866534635831296.000000
23 15 -866391180388968304276930560.000000
23 16 -977119753939769848483545088.000000
23 17 -1216769817916628245082537984.000000
23 18 -4409770909275614945539522560.000000
23 19 -3898332421074823602486902784.000000
23 20 -7618412625999818500620681216.000000
23 21 -10937990110104259505592205312.000000
23 22 -3741994641736656666100760576.000000
23 23 -1945711504307287476416806912.000000
23 24 0.000000
23 25 0.000000
23 26 0.000000
23 27 0.000000
23 28 0.000000
23 29 0.000000
23 30 0.000000
23 31 0.000000
24 0 0.000000
24 1 0.000000
24 2 0.000000
24 3 0.000000
24 4 0.000000
24 5 0.000000
24 6 0.000000
24 7 0.000000
24 8 0.000000
24 9 0.000000
24 10 0.000000
24 11 0.000000
24 12 0.000000
24 13 0.000000
24 14 0.000000
24 15 0.000000
24 16 0.000000
24 17 0.000000
24 18 0.000000
24 19 0.000000
24 20 0.000000
24 21 0.000000
24 22 0.000000
24 23 0.000000
24 24 0.000000
24 25 0.000000
24 26 0.000000
24 27 0.000000
24 28 0.000000
24 29 0.000000
24 30 0.000000
24 31 0.000000
25 0 0.000000
25 1 0.000000
25 2 0.000000
25 3 0.000000
25 4 0.000000
25 5 0.000000
25 6 0.000000
25 7 0.000000
25 8 0.000000
25 9 0.000000
25 10 0.000000
25 11 0.000000
25 12 0.000000
25 13 0.000000
25 14 0.000000
25 15 0.000000
25 16 0.000000
25 17 0.000000
25 18 0.000000
25 19 0.000000
25 20 0.000000
25 21 0.000000
25 22 0.000000
25 23 0.000000
25 24 0.000000
25 25 0.000000
25 26 0.000000
25 27 0.000000
25 28 0.000000
25 29 0.000000
25 30 0.000000
25 31 0.000000
26 0 0.000000
26 1 0.000000
26 2 0.000000
26 3 0.000000
26 4 0.000000
26 5 0.000000
26 6 0.000000
26 7 0.000000
26 8 0.000000
26 9 0.000000
26 10 0.000000
26 11 0.000000
26 12 0.000000
26 13 0.000000
26 14 0.000000
26 15 0.000000
26 16 0.000000
26 17 0.000000
26 18 0.000000
26 19 0.000000
26 20 0.000000
26 21 0.000000
26 22 0.000000
26 23 0.000000
26 24 0.000000
26 25 0.000000
26 26 0.000000
26 27 0.000000
26 28 0.000000
26 29 0.000000
26 30 0.000000
26 31 0.000000
27 0 0.000000
27 1 0.000000
27 2 0.000000
27 3 0.000000
27 4 0.000000
27 5 0.000000
27 6 0.000000
27 7 0.000000
27 8 0.000000
27 9 0.000000
27 10 0.000000
27 11 0.000000
27 12 0.000000
27 13 0.000000
27 14 0.000000
27 15 0.000000
27 16 0.000000
27 17 0.000000
27 18 0.000000
27 19 0.000000
27 20 0.000000
27 21 0.000000
27 22 0.000000
27 23 0.000000
27 24 0.000000
27 25 0.000000
27 26 0.000000
27 27 0.000000
27 28 0.000000
27 29 0.000000
27 30 0.000000
27 31 0.000000
28 0 0.000000
28 1 0.000000
28 2 0.000000
28 3 0.000000
28 4 0.000000
28 5 0.000000
28 6 0.000000
28 7 0.000000
28 8 0.000000
28 9 0.000000
28 10 0.000000
28 11 0.000000
28 12 0.000000
28 13 0.000000
28 14 0.000000
28 15 0.000000
28 16 0.000000
28 17 0.000000
28 18 0.000000
28 19 0.000000
28 20 0.000000
28 21 0.000000
28 22 0.000000
28 23 0.000000
28 24 0.000000
28 25 0.000000
28 26 0.000000
28 27 0.000000
28 28 0.000000
28 29 0.000000
28 30 0.000000
28 31 0.000000
29 0 0.000000
29 1 0.000000
29 2 0.000000
29 3 0.000000
29 4 0.000000
29 5 0.000000
29 6 0.000000
29 7 0.000000
29 8 0.000000
29 9 0.000000
29 10 0.000000
29 11 0.000000
29 12 0.000000
29 13 0.000000
29 14 0.000000
29 15 0.000000
29 16 0.000000
29 17 0.000000
29 18 0.000000
29 19 0.000000
29 20 0.000000
29 21 0.000000
29 22 0.000000
29 23 0.000000
29 24 0.000000
29 25 0.000000
29 26 0.000000
29 27 0.000000
29 28 0.000000
29 29 0.000000
29 30 0.000000
29 31 0.000000
30 0 0.000000
30 1 0.000000
30 2 0.000000
30 3 0.000000
30 4 0.000000
30 5 0.000000
30 6 0.000000
30 7 0.000000
30 8 0.000000
30 9 0.000000
30 10 0.000000
30 11 0.000000
30 12 0.000000
30 13 0.000000
30 14 0.000000
30 15 0.000000
30 16 0.000000
30 17 0.000000
30 18 0.000000
30 19 0.000000
30 20 0.000000
30 21 0.000000
30 22 0.000000
30 23 0.000000
30 24 0.000000
30 25 0.000000
30 26 0.000000
30 27 0.000000
30 28 0.000000
30 29 0.000000
30 30 0.000000
30 31 0.000000
31 0 0.000000
31 1 0.000000
31 2 0.000000
31 3 0.000000
31 4 0.000000
31 5 0.000000
31 6 0.000000
31 7 0.000000
31 8 0.000000
31 9 0.000000
31 10 0.000000
31 11 0.000000
31 12 0.000000
31 13 0.000000
31 14 0.000000
31 15 0.000000
31 16 0.000000
31 17 0.000000
31 18 0.000000
31 19 0.000000
31 20 0.000000
31 21 0.000000
31 22 0.000000
31 23 0.000000
31 24 0.000000
31 25 0.000000
31 26 0.000000
31 27 0.000000
31 28 0.000000
31 29 0.000000
31 30 0.000000
31 31 0.000000
