0 0 2.699997
0 1 3.050001
0 2 3.050001
0 3 3.050001
0 4 3.050001
0 5 3.050001
0 6 3.050001
0 7 3.050001
0 8 3.050001
0 9 3.050001
0 10 3.050001
0 11 3.050001
0 12 3.050001
0 13 3.050001
0 14 3.050001
0 15 3.050001
0 16 3.050001
0 17 3.050000
0 18 3.050001
0 19 3.050001
0 20 3.050001
0 21 3.050000
0 22 3.050000
0 23 3.050001
0 24 3.050001
0 25 3.050001
0 26 3.050001
0 27 3.050001
0 28 3.050000
0 29 3.050001
0 30 3.050000
0 31 3.050001
1 0 4.266548
1 1 4.283519
1 2 4.346282
1 3 4.357595
1 4 4.422297
1 5 4.439267
1 6 4.456239
1 7 4.473208
1 8 4.490179
1 9 4.607151
1 10 4.624121
1 11 4.641090
1 12 4.658062
1 13 4.675032
1 14 4.740624
1 15 4.751939
1 16 4.813812
1 17 4.830783
1 18 4.847754
1 19 4.864725
1 20 4.881695
1 21 4.898666
1 22 5.015635
1 23 5.032606
1 24 5.049578
1 25 5.066547
1 26 5.083518
1 27 5.146281
1 28 5.157597
1 29 5.222298
1 30 5.239268
1 31 5.256238
2 0 3.080669
2 1 3.020734
2 2 3.009419
2 3 2.998106
2 4 2.986792
2 5 2.975478
2 6 2.917438
2 7 2.911782
2 8 2.906124
2 9 2.900467
2 10 2.894810
2 11 2.889153
2 12 2.883497
2 13 2.826390
2 14 2.815076
2 15 2.803763
2 16 2.792449
2 17 2.781135
2 18 2.669821
2 19 2.658508
2 20 2.647193
2 21 2.635880
2 22 2.624566
2 23 2.613252
2 24 2.601939
2 25 2.590625
2 26 2.525033
2 27 2.508062
2 28 2.491092
2 29 2.474121
2 30 2.457151
2 31 2.340180
3 0 0.000000
3 1 0.000000
3 2 0.000000
3 3 0.000000
3 4 0.000000
3 5 0.000000
3 6 0.000000
3 7 0.000000
3 8 0.000000
3 9 0.000000
3 10 0.000000
3 11 0.000000
3 12 0.000000
3 13 0.000000
3 14 0.000000
3 15 0.000000
3 16 0.000000
3 17 0.000000
3 18 0.000000
3 19 0.000000
3 20 0.000000
3 21 0.000000
3 22 0.000000
3 23 0.000000
3 24 0.000000
3 25 0.000000
3 26 0.000000
3 27 0.000000
3 28 0.000000
3 29 0.000000
3 30 0.000000
3 31 0.000000
4 0 0.000000
4 1 0.000000
4 2 0.000000
4 3 0.000000
4 4 0.000000
4 5 0.000000
4 6 0.000000
4 7 0.000000
4 8 0.000000
4 9 0.000000
4 10 0.000000
4 11 0.000000
4 12 0.000000
4 13 0.000000
4 14 0.000000
4 15 0.000000
4 16 0.000000
4 17 0.000000
4 18 0.000000
4 19 0.000000
4 20 0.000000
4 21 0.000000
4 22 0.000000
4 23 0.000000
4 24 0.000000
4 25 0.000000
4 26 0.000000
4 27 0.000000
4 28 0.000000
4 29 0.000000
4 30 0.000000
4 31 0.000000
5 0 0.000000
5 1 0.000000
5 2 0.000000
5 3 0.000000
5 4 0.000000
5 5 0.000000
5 6 0.000000
5 7 0.000000
5 8 0.000000
5 9 0.000000
5 10 0.000000
5 11 0.000000
5 12 0.000000
5 13 0.000000
5 14 0.000000
5 15 0.000000
5 16 0.000000
5 17 0.000000
5 18 0.000000
5 19 0.000000
5 20 0.000000
5 21 0.000000
5 22 0.000000
5 23 0.000000
5 24 0.000000
5 25 0.000000
5 26 0.000000
5 27 0.000000
5 28 0.000000
5 29 0.000000
5 30 0.000000
5 31 0.000000
6 0 0.000000
6 1 0.000000
6 2 0.000000
6 3 0.000000
6 4 0.000000
6 5 0.000000
6 6 0.000000
6 7 0.000000
6 8 0.000000
6 9 0.000000
6 10 0.000000
6 11 0.000000
6 12 0.000000
6 13 0.000000
6 14 0.000000
6 15 0.000000
6 16 0.000000
6 17 0.000000
6 18 0.000000
6 19 0.000000
6 20 0.000000
6 21 0.000000
6 22 0.000000
6 23 0.000000
6 24 0.000000
6 25 0.000000
6 26 0.000000
6 27 0.000000
6 28 0.000000
6 29 0.000000
6 30 0.000000
6 31 0.000000
7 0 0.000000
7 1 0.000000
7 2 0.000000
7 3 0.000000
7 4 0.000000
7 5 0.000000
7 6 0.000000
7 7 0.000000
7 8 0.000000
7 9 0.000000
7 10 0.000000
7 11 0.000000
7 12 0.000000
7 13 0.000000
7 14 0.000000
7 15 0.000000
7 16 0.000000
7 17 0.000000
7 18 0.000000
7 19 0.000000
7 20 0.000000
7 21 0.000000
7 22 0.000000
7 23 0.000000
7 24 0.000000
7 25 0.000000
7 26 0.000000
7 27 0.000000
7 28 0.000000
7 29 0.000000
7 30 0.000000
7 31 0.000000
8 0 0.000000
8 1 0.000000
8 2 0.000000
8 3 0.000000
8 4 0.000000
8 5 0.000000
8 6 0.000000
8 7 0.000000
8 8 41370607971733879160813125632.000000
8 9 2077735441938637096038170624.000000
8 10 -2408960898881540704239091712.000000
8 11 181629789607005077829670928384.000000
8 12 -1735020172195006461679501312.000000
8 13 2486814127866034854584909824.000000
8 14 -1476559004055494602400989184.000000
8 15 -4590111296854587571135578112.000000
8 16 -4434257855228819952736665600.000000
8 17 -3447870309492465835844829184.000000
8 18 -4142903190926832169398566912.000000
8 19 -18016843440941513463971184640.000000
8 20 -4866493107926826785618001920.000000
8 21 179367662724914928900825415680.000000
8 22 -23879215165791546815302074368.000000
8 23 -13345297885568890654653677568.000000
8 24 0.000000
8 25 0.000000
8 26 0.000000
8 27 0.000000
8 28 0.000000
8 29 0.000000
8 30 0.000000
8 31 0.000000
9 0 0.000000
9 1 0.000000
9 2 0.000000
9 3 0.000000
9 4 0.000000
9 5 0.000000
9 6 0.000000
9 7 0.000000
9 8 23298161026639817059273277440.000000
9 9 1436118575957582626584264704.000000
9 10 11240935822938450833107320832.000000
9 11 7760124941192632966427181056.000000
9 12 6765708486991684914613583872.000000
9 13 783936447988775453699604480.000000
9 14 -367233132439903178764320768.000000
9 15 -3166205055769611026426757120.000000
9 16 -3092015497732108182708289536.000000
9 17 -2509978220908226002416566272.000000
9 18 -2613339312449940541384163328.000000
9 19 -8166355892556907739233648640.000000
9 20 -14761883868309608890575618048.000000
9 21 -7369317829057220813594296320.000000
9 22 -11459603822336109037316210688.000000
9 23 -6619101438939376061543088128.000000
9 24 0.000000
9 25 0.000000
9 26 0.000000
9 27 0.000000
9 28 0.000000
9 29 0.000000
9 30 0.000000
9 31 0.000000
10 0 0.000000
10 1 0.000000
10 2 0.000000
10 3 0.000000
10 4 0.000000
10 5 0.000000
10 6 0.000000
10 7 0.000000
10 8 23260537932870794595855761408.000000
10 9 1392025102237265800841920512.000000
10 10 9684470983791892271133097984.000000
10 11 9312832547506258366928257024.000000
10 12 2866643803964111337765732352.000000
10 13 371222720461188785749622784.000000
10 14 -1156239335995944375953653760.000000
10 15 -3210315205346570485603762176.000000
10 16 -2726455337405737870599127040.000000
10 17 -2980042285465165307635040256.000000
10 18 -2338409038775373384099299328.000000
10 19 -7521605883988421849856868352.000000
10 20 -8625230604880592599471095808.000000
10 21 -16894451445350608385572077568.000000
10 22 -12442212589442451899978612736.000000
10 23 -6508966407825890195869270016.000000
10 24 0.000000
10 25 0.000000
10 26 0.000000
10 27 0.000000
10 28 0.000000
10 29 0.000000
10 30 0.000000
10 31 0.000000
11 0 0.000000
11 1 0.000000
11 2 0.000000
11 3 0.000000
11 4 0.000000
11 5 0.000000
11 6 0.000000
11 7 0.000000
11 8 191387936591479460870605504512.000000
11 9 8367832707069489358747729920.000000
11 10 8345155903218749322431561728.000000
11 11 4441192945556819206085804032.000000
11 12 2070271003842698673395859456.000000
11 13 651294913365838038290137088.000000
11 14 -1090243083806220366680948736.000000
11 15 -3205857881682551899227684864.000000
11 16 -2510974935384016676909481984.000000
11 17 -2813792554027360165298176000.000000
11 18 -2373805241599817630445731840.000000
11 19 -7927205809131423166321655808.000000
11 20 -7205163647746189076321009664.000000
11 21 -13777976450420476875479449600.000000
11 22 -17414217531696035168606224384.000000
11 23 -10453698440778149497403342848.000000
11 24 0.000000
11 25 0.000000
11 26 0.000000
11 27 0.000000
11 28 0.000000
11 29 0.000000
11 30 0.000000
11 31 0.000000
12 0 0.000000
12 1 0.000000
12 2 0.000000
12 3 0.000000
12 4 0.000000
12 5 0.000000
12 6 0.000000
12 7 0.000000
12 8 33401815232466874822622707712.000000
12 9 11026558093490479701575073792.000000
12 10 3584205325000817672517058560.000000
12 11 3786787173270390789011144704.000000
12 12 1950215313766371810862956544.000000
12 13 981852893321178540075384832.000000
12 14 -926302810939467365368201216.000000
12 15 -3081260898363182924439748608.000000
12 16 -2891266222805793667909943296.000000
12 17 -2723189525834928331581030400.000000
12 18 -2041153777553039979066687488.000000
12 19 -8333952088738141089162067968.000000
12 20 -6906852937614934305583136768.000000
12 21 -14344038256580716225366065152.000000
12 22 -13198725074673582606510981120.000000
12 23 -9478075234291591557423300608.000000
12 24 0.000000
12 25 0.000000
12 26 0.000000
12 27 0.000000
12 28 0.000000
12 29 0.000000
12 30 0.000000
12 31 0.000000
13 0 0.000000
13 1 0.000000
13 2 0.000000
13 3 0.000000
13 4 0.000000
13 5 0.000000
13 6 0.000000
13 7 0.000000
13 8 36679538972729452520770895872.000000
13 9 8212440876767422248168456192.000000
13 10 4452802883554954228843675648.000000
13 11 3464493924955882525055516672.000000
13 12 2019522092434540031106875392.000000
13 13 1096778765231535660818497536.000000
13 14 -1356356182748435832484397056.000000
13 15 -2134326658555868437838561280.000000
13 16 -2287024969075268774529073152.000000
13 17 -2552818644197103885736738816.000000
13 18 -3493127994124762618808762368.000000
13 19 -8825427658076316545132265472.000000
13 20 -8649196024485345690224951296.000000
13 21 -15484369341848422368520699904.000000
13 22 -9260581923556547177461317632.000000
13 23 -4585062496788589561696485376.000000
13 24 0.000000
13 25 0.000000
13 26 0.000000
13 27 0.000000
13 28 0.000000
13 29 0.000000
13 30 0.000000
13 31 0.000000
14 0 0.000000
14 1 0.000000
14 2 0.000000
14 3 0.000000
14 4 0.000000
14 5 0.000000
14 6 0.000000
14 7 0.000000
14 8 31905375213092451603548471296.000000
14 9 7662369003518179516975415296.000000
14 10 4718561140928167817712238592.000000
14 11 3798351363343223012081008640.000000
14 12 1941202824907767682649030656.000000
14 13 1075022675271002615642587136.000000
14 14 -1443604707424551731659276288.000000
14 15 -1999161609343647555768025088.000000
14 16 -2146560834373457791823118336.000000
14 17 -2332142901174463133929963520.000000
14 18 -4167365049308096931605512192.000000
14 19 -8579228262083528309327527936.000000
14 20 -8423662884813215739286650880.000000
14 21 -14788912332874313304956207104.000000
14 22 -9017064831726028900137959424.000000
14 23 -4064899141362791369758736384.000000
14 24 0.000000
14 25 0.000000
14 26 0.000000
14 27 0.000000
14 28 0.000000
14 29 0.000000
14 30 0.000000
14 31 0.000000
15 0 0.000000
15 1 0.000000
15 2 0.000000
15 3 0.000000
15 4 0.000000
15 5 0.000000
15 6 0.000000
15 7 0.000000
15 8 42886218437845511704632360960.000000
15 9 8238831231561128901739544576.000000
15 10 4917121008693861893248385024.000000
15 11 3590563991470001649797300224.000000
15 12 1913275192249934369884471296.000000
15 13 1418952183496541107526828032.000000
15 14 -1263659670464566849173454848.000000
15 15 -1942773011763321839682584576.000000
15 16 -2302086809398428918261743616.000000
15 17 -1890268117893298637756170240.000000
15 18 -4582093604010390451621199872.000000
15 19 -8524039735885661841832017920.000000
15 20 -8427712904368086818763046912.000000
15 21 -14508566685435515382022537216.000000
15 22 -8822828585623307164147777536.000000
15 23 -3970812482445527634638012416.000000
15 24 0.000000
15 25 0.000000
15 26 0.000000
15 27 0.000000
15 28 0.000000
15 29 0.000000
15 30 0.000000
15 31 0.000000
16 0 0.000000
16 1 0.000000
16 2 0.000000
16 3 0.000000
16 4 0.000000
16 5 0.000000
16 6 0.000000
16 7 0.000000
16 8 983113436967634175907099312128.000000
16 9 9980460650796816611248439296.000000
16 10 5035602232270009498131759104.000000
16 11 3225994052365508066418884608.000000
16 12 2299861394193376597954789376.000000
16 13 1232590040782146735901245440.000000
16 14 -1315500629121889096918106112.000000
16 15 -1470219964922005052083666944.000000
16 16 -2242072467376927442387075072.000000
16 17 -2206621957337930195120685056.000000
16 18 -4695363105876881044305608704.000000
16 19 -7910528181601358655543836672.000000
16 20 -9132102859840354174954897408.000000
16 21 -14344297986737274055852818432.000000
16 22 -8440461522984403784723070976.000000
16 23 -4010386503867785620234436608.000000
16 24 0.000000
16 25 0.000000
16 26 0.000000
16 27 0.000000
16 28 0.000000
16 29 0.000000
16 30 0.000000
16 31 0.000000
17 0 0.000000
17 1 0.000000
17 2 0.000000
17 3 0.000000
17 4 0.000000
17 5 0.000000
17 6 0.000000
17 7 0.000000
17 8 2934501258843896345958285312.000000
17 9 9931107198684345949120102400.000000
17 10 5258570536646130873013370880.000000
17 11 3743937010100641987047718912.000000
17 12 2543280349345422740463550464.000000
17 13 942291563258843266650472448.000000
17 14 -1222957372387784492561989632.000000
17 15 -1415127952089132232962211840.000000
17 16 -2426045092650989773534527488.000000
17 17 -2090849453661566100796604416.000000
17 18 -5178369406075934970937868288.000000
17 19 -7489299584583300248244322304.000000
17 20 -9641863432200200897192525824.000000
17 21 -14134054689145055298705162240.000000
17 22 -8181989877094258058419240960.000000
17 23 -3827029409549974829405306880.000000
17 24 0.000000
17 25 0.000000
17 26 0.000000
17 27 0.000000
17 28 0.000000
17 29 0.000000
17 30 0.000000
17 31 0.000000
18 0 0.000000
18 1 0.000000
18 2 0.000000
18 3 0.000000
18 4 0.000000
18 5 0.000000
18 6 0.000000
18 7 0.000000
18 8 3498711602194945615568306176.000000
18 9 10162360304758851757823492096.000000
18 10 5604032305221407975093043200.000000
18 11 3626792511387051671112646656.000000
18 12 2100243273613661952861536256.000000
18 13 814205046256538803402440704.000000
18 14 -1013990072976632372518715392.000000
18 15 -1641848029061940951289692160.000000
18 16 -2223582336561156525905674240.000000
18 17 -1333803045869965945002262528.000000
18 18 -5643858973250499486708400128.000000
18 19 -7277716905797377587972931584.000000
18 20 -9785775189582411900257304576.000000
18 21 -13843427269281429440729972736.000000
18 22 -7917954693191481531348025344.000000
18 23 -3673715420500370362720059392.000000
18 24 0.000000
18 25 0.000000
18 26 0.000000
18 27 0.000000
18 28 0.000000
18 29 0.000000
18 30 0.000000
18 31 0.000000
19 0 0.000000
19 1 0.000000
19 2 0.000000
19 3 0.000000
19 4 0.000000
19 5 0.000000
19 6 0.000000
19 7 0.000000
19 8 8539899213422569186576564224.000000
19 9 11447675124600380313506414592.000000
19 10 5876959114915617685395996672.000000
19 11 3211440309161114178575925248.000000
19 12 2322004423057599774685396992.000000
19 13 849223385975377183293571072.000000
19 14 -843458188156532589707919360.000000
19 15 -1632109181208690435771334656.000000
19 16 -2100081532561623667512967168.000000
19 17 -1503057678130402078459166720.000000
19 18 -6040848843703608722537316352.000000
19 19 -6775102454517733356354928640.000000
19 20 -10411984597043341203819462656.000000
19 21 -13411840751679006825359867904.000000
19 22 -7562083058000528655100411904.000000
19 23 -3848174395772834024555282432.000000
19 24 0.000000
19 25 0.000000
19 26 0.000000
19 27 0.000000
19 28 0.000000
19 29 0.000000
19 30 0.000000
19 31 0.000000
20 0 0.000000
20 1 0.000000
20 2 0.000000
20 3 0.000000
20 4 0.000000
20 5 0.000000
20 6 0.000000
20 7 0.000000
20 8 12099075996064177739461033984.000000
20 9 16792468399378176244948402176.000000
20 10 6306860928275276554836115456.000000
20 11 3328162451222392840617197568.000000
20 12 2153560562092691323441119232.000000
20 13 470698484979122324117651456.000000
20 14 -422190447147549770739875840.000000
20 15 -1108193389103418246843858944.000000
20 16 -2069604264724898515362250752.000000
20 17 -1840686811598029515246272512.000000
20 18 -6116383095597108697730383872.000000
20 19 -6354908055759423401357213696.000000
20 20 -10874287747433589426482053120.000000
20 21 -13114297426101218371969220608.000000
20 22 -7403905621769378812550709248.000000
20 23 -5683411744023584558901362688.000000
20 24 0.000000
20 25 0.000000
20 26 0.000000
20 27 0.000000
20 28 0.000000
20 29 0.000000
20 30 0.000000
20 31 0.000000
21 0 0.000000
21 1 0.000000
21 2 0.000000
21 3 0.000000
21 4 0.000000
21 5 0.000000
21 6 0.000000
21 7 0.000000
21 8 482889098146498826342523469824.000000
21 9 18069728042591549903308062720.000000
21 10 11780238339423509338390528000.000000
21 11 4156400894926494332830613504.000000
21 12 1837486522862169792555515904.000000
21 13 476021551236008247170170880.000000
21 14 -150632127609192277233106944.000000
21 15 -1396384436796764842079813632.000000
21 16 -1857258923751992407388848128.000000
21 17 -1641896580892342954829545472.000000
21 18 -6659823585712781729632092160.000000
21 19 -6054559054195000020003979264.000000
21 20 -11219901222032128715914215424.000000
21 21 -12979328650245941759527878656.000000
21 22 -8921073878524547980584812544.000000
21 23 -3420748873337629925324095488.000000
21 24 0.000000
21 25 0.000000
21 26 0.000000
21 27 0.000000
21 28 0.000000
21 29 0.000000
21 30 0.000000
21 31 0.000000
22 0 0.000000
22 1 0.000000
22 2 0.000000
22 3 0.000000
22 4 0.000000
22 5 0.000000
22 6 0.000000
22 7 0.000000
22 8 -707499707588213312403275776.000000
22 9 7336758883045265685962817536.000000
22 10 20778936707306037470881120256.000000
22 11 9358383314008398247248265216.000000
22 12 2297987795291298066216255488.000000
22 13 1060592451464926286957248512.000000
22 14 -346971523897245786622132224.000000
22 15 -1861226892189223626779656192.000000
22 16 -1522220893743934509059932160.000000
22 17 -1512395567554466443163598848.000000
22 18 -6630380811283710209136001024.000000
22 19 -6001222876250039170843541504.000000
22 20 -11554244769019299597043892224.000000
22 21 -13125234426875544470284140544.000000
22 22 -10923837177755099178886758400.000000
22 23 -2260953964314966180715560960.000000
22 24 0.000000
22 25 0.000000
22 26 0.000000
22 27 0.000000
22 28 0.000000
22 29 0.000000
22 30 0.000000
22 31 0.000000
23 0 0.000000
23 1 0.000000
23 2 0.000000
23 3 0.000000
23 4 0.000000
23 5 0.000000
23 6 0.000000
23 7 0.000000
23 8 -704195526789730457517817856.000000
23 9 7534437734313999393313783808.000000
23 10 1900670458237392338427052032.000000
23 11 13570114406127245136930799616.000000
23 12 8030254339041552770646671360.000000
23 13 1429509919212711737460523008.000000
23 14 -559539480177633421464436736.000000
23 15 -1346131226295354922861854720.000000
23 16 -1518172054780684146994839552.000000
23 17 -1890521797517800291509993472.000000
23 18 -6851555796987961836247711744.000000
23 19 -6056923188915486636139085824.000000
23 20 -11836892570118496472019238912.000000
23 21 -16994592768394721364562411520.000000
23 22 -5814018233840310336576552960.000000
23 23 -3023094034654151607578525696.000000
23 24 0.000000
23 25 0.000000
23 26 0.000000
23 27 0.000000
23 28 0.000000
23 29 0.000000
23 30 0.000000
23 31 0.000000
24 0 0.000000
24 1 0.000000
24 2 0.000000
24 3 0.000000
24 4 0.000000
24 5 0.000000
24 6 0.000000
24 7 0.000000
24 8 0.000000
24 9 0.000000
24 10 0.000000
24 11 0.000000
24 12 0.000000
24 13 0.000000
24 14 0.000000
24 15 0.000000
24 16 0.000000
24 17 0.000000
24 18 0.000000
24 19 0.000000
24 20 0.000000
24 21 0.000000
24 22 0.000000
24 23 0.000000
24 24 0.000000
24 25 0.000000
24 26 0.000000
24 27 0.000000
24 28 0.000000
24 29 0.000000
24 30 0.000000
24 31 0.000000
25 0 0.000000
25 1 0.000000
25 2 0.000000
25 3 0.000000
25 4 0.000000
25 5 0.000000
25 6 0.000000
25 7 0.000000
25 8 0.000000
25 9 0.000000
25 10 0.000000
25 11 0.000000
25 12 0.000000
25 13 0.000000
25 14 0.000000
25 15 0.000000
25 16 0.000000
25 17 0.000000
25 18 0.000000
25 19 0.000000
25 20 0.000000
25 21 0.000000
25 22 0.000000
25 23 0.000000
25 24 0.000000
25 25 0.000000
25 26 0.000000
25 27 0.000000
25 28 0.000000
25 29 0.000000
25 30 0.000000
25 31 0.000000
26 0 0.000000
26 1 0.000000
26 2 0.000000
26 3 0.000000
26 4 0.000000
26 5 0.000000
26 6 0.000000
26 7 0.000000
26 8 0.000000
26 9 0.000000
26 10 0.000000
26 11 0.000000
26 12 0.000000
26 13 0.000000
26 14 0.000000
26 15 0.000000
26 16 0.000000
26 17 0.000000
26 18 0.000000
26 19 0.000000
26 20 0.000000
26 21 0.000000
26 22 0.000000
26 23 0.000000
26 24 0.000000
26 25 0.000000
26 26 0.000000
26 27 0.000000
26 28 0.000000
26 29 0.000000
26 30 0.000000
26 31 0.000000
27 0 0.000000
27 1 0.000000
27 2 0.000000
27 3 0.000000
27 4 0.000000
27 5 0.000000
27 6 0.000000
27 7 0.000000
27 8 0.000000
27 9 0.000000
27 10 0.000000
27 11 0.000000
27 12 0.000000
27 13 0.000000
27 14 0.000000
27 15 0.000000
27 16 0.000000
27 17 0.000000
27 18 0.000000
27 19 0.000000
27 20 0.000000
27 21 0.000000
27 22 0.000000
27 23 0.000000
27 24 0.000000
27 25 0.000000
27 26 0.000000
27 27 0.000000
27 28 0.000000
27 29 0.000000
27 30 0.000000
27 31 0.000000
28 0 0.000000
28 1 0.000000
28 2 0.000000
28 3 0.000000
28 4 0.000000
28 5 0.000000
28 6 0.000000
28 7 0.000000
28 8 0.000000
28 9 0.000000
28 10 0.000000
28 11 0.000000
28 12 0.000000
28 13 0.000000
28 14 0.000000
28 15 0.000000
28 16 0.000000
28 17 0.000000
28 18 0.000000
28 19 0.000000
28 20 0.000000
28 21 0.000000
28 22 0.000000
28 23 0.000000
28 24 0.000000
28 25 0.000000
28 26 0.000000
28 27 0.000000
28 28 0.000000
28 29 0.000000
28 30 0.000000
28 31 0.000000
29 0 0.000000
29 1 0.000000
29 2 0.000000
29 3 0.000000
29 4 0.000000
29 5 0.000000
29 6 0.000000
29 7 0.000000
29 8 0.000000
29 9 0.000000
29 10 0.000000
29 11 0.000000
29 12 0.000000
29 13 0.000000
29 14 0.000000
29 15 0.000000
29 16 0.000000
29 17 0.000000
29 18 0.000000
29 19 0.000000
29 20 0.000000
29 21 0.000000
29 22 0.000000
29 23 0.000000
29 24 0.000000
29 25 0.000000
29 26 0.000000
29 27 0.000000
29 28 0.000000
29 29 0.000000
29 30 0.000000
29 31 0.000000
30 0 0.000000
30 1 0.000000
30 2 0.000000
30 3 0.000000
30 4 0.000000
30 5 0.000000
30 6 0.000000
30 7 0.000000
30 8 0.000000
30 9 0.000000
30 10 0.000000
30 11 0.000000
30 12 0.000000
30 13 0.000000
30 14 0.000000
30 15 0.000000
30 16 0.000000
30 17 0.000000
30 18 0.000000
30 19 0.000000
30 20 0.000000
30 21 0.000000
30 22 0.000000
30 23 0.000000
30 24 0.000000
30 25 0.000000
30 26 0.000000
30 27 0.000000
30 28 0.000000
30 29 0.000000
30 30 0.000000
30 31 0.000000
31 0 0.000000
31 1 0.000000
31 2 0.000000
31 3 0.000000
31 4 0.000000
31 5 0.000000
31 6 0.000000
31 7 0.000000
31 8 0.000000
31 9 0.000000
31 10 0.000000
31 11 0.000000
31 12 0.000000
31 13 0.000000
31 14 0.000000
31 15 0.000000
31 16 0.000000
31 17 0.000000
31 18 0.000000
31 19 0.000000
31 20 0.000000
31 21 0.000000
31 22 0.000000
31 23 0.000000
31 24 0.000000
31 25 0.000000
31 26 0.000000
31 27 0.000000
31 28 0.000000
31 29 0.000000
31 30 0.000000
31 31 0.000000
