0 0 0.000000
0 1 0.000000
0 2 0.000000
0 3 0.000000
0 4 0.000000
0 5 0.000000
0 6 0.000000
0 7 0.000000
0 8 0.000000
0 9 0.000000
0 10 0.000000
0 11 0.000000
0 12 0.000000
0 13 0.000000
0 14 0.000000
0 15 0.000000
1 0 0.000000
1 1 0.000000
1 2 0.000000
1 3 0.000000
1 4 0.000000
1 5 0.000000
1 6 0.000000
1 7 0.000000
1 8 0.000000
1 9 0.000000
1 10 0.000000
1 11 0.000000
1 12 0.000000
1 13 0.000000
1 14 0.000000
1 15 0.000000
2 0 0.000000
2 1 0.000000
2 2 0.000000
2 3 0.000000
2 4 0.000000
2 5 0.000000
2 6 0.000000
2 7 0.000000
2 8 0.000000
2 9 0.000000
2 10 0.000000
2 11 0.000000
2 12 0.000000
2 13 0.000000
2 14 0.000000
2 15 0.000000
3 0 0.000000
3 1 0.000000
3 2 0.000000
3 3 0.000000
3 4 0.000000
3 5 0.000000
3 6 0.000000
3 7 0.000000
3 8 0.000000
3 9 0.000000
3 10 0.000000
3 11 0.000000
3 12 0.000000
3 13 0.000000
3 14 0.000000
3 15 0.000000
4 0 0.000000
4 1 0.000000
4 2 0.000000
4 3 0.000000
4 4 277.557037
4 5 1172.762329
4 6 473.059113
4 7 -1252.645142
4 8 -1207.934448
4 9 -1210.664795
4 10 276.805054
4 11 243.408325
4 12 0.000000
4 13 0.000000
4 14 0.000000
4 15 0.000000
5 0 0.000000
5 1 0.000000
5 2 0.000000
5 3 0.000000
5 4 4230.527344
5 5 -1166.315918
5 6 543.542847
5 7 497.114929
5 8 536.870178
5 9 784.079956
5 10 371.887054
5 11 129.085358
5 12 0.000000
5 13 0.000000
5 14 0.000000
5 15 0.000000
6 0 0.000000
6 1 0.000000
6 2 0.000000
6 3 0.000000
6 4 -1267.055054
6 5 -17.903217
6 6 143.195557
6 7 -475.635864
6 8 -313.992340
6 9 -275.702026
6 10 -208.838669
6 11 -281.865356
6 12 0.000000
6 13 0.000000
6 14 0.000000
6 15 0.000000
7 0 0.000000
7 1 0.000000
7 2 0.000000
7 3 0.000000
7 4 501.604523
7 5 19.876078
7 6 227.877975
7 7 249.938477
7 8 263.538788
7 9 37.263069
7 10 98.449730
7 11 305.271515
7 12 0.000000
7 13 0.000000
7 14 0.000000
7 15 0.000000
8 0 0.000000
8 1 0.000000
8 2 0.000000
8 3 0.000000
8 4 -453.428101
8 5 -58.730881
8 6 99.374649
8 7 -80.061523
8 8 -345.846802
8 9 -42.185680
8 10 72.452415
8 11 -71.438393
8 12 0.000000
8 13 0.000000
8 14 0.000000
8 15 0.000000
9 0 0.000000
9 1 0.000000
9 2 0.000000
9 3 0.000000
9 4 249.835632
9 5 -66.973221
9 6 -84.432236
9 7 -72.464455
9 8 -133.687759
9 9 -12.259050
9 10 119.488640
9 11 -106.491905
9 12 0.000000
9 13 0.000000
9 14 0.000000
9 15 0.000000
10 0 0.000000
10 1 0.000000
10 2 0.000000
10 3 0.000000
10 4 -2694.787842
10 5 1352.604248
10 6 -181.026566
10 7 141.712967
10 8 49.712757
10 9 -114.117546
10 10 108.209297
10 11 87.615898
10 12 0.000000
10 13 0.000000
10 14 0.000000
10 15 0.000000
11 0 0.000000
11 1 0.000000
11 2 0.000000
11 3 0.000000
11 4 2475.659180
11 5 -120.506866
11 6 -131.170105
11 7 -341.207733
11 8 118.563644
11 9 -38.398163
11 10 -16.720943
11 11 144.307159
11 12 0.000000
11 13 0.000000
11 14 0.000000
11 15 0.000000
12 0 0.000000
12 1 0.000000
12 2 0.000000
12 3 0.000000
12 4 0.000000
12 5 0.000000
12 6 0.000000
12 7 0.000000
12 8 0.000000
12 9 0.000000
12 10 0.000000
12 11 0.000000
12 12 0.000000
12 13 0.000000
12 14 0.000000
12 15 0.000000
13 0 0.000000
13 1 0.000000
13 2 0.000000
13 3 0.000000
13 4 0.000000
13 5 0.000000
13 6 0.000000
13 7 0.000000
13 8 0.000000
13 9 0.000000
13 10 0.000000
13 11 0.000000
13 12 0.000000
13 13 0.000000
13 14 0.000000
13 15 0.000000
14 0 0.000000
14 1 0.000000
14 2 0.000000
14 3 0.000000
14 4 0.000000
14 5 0.000000
14 6 0.000000
14 7 0.000000
14 8 0.000000
14 9 0.000000
14 10 0.000000
14 11 0.000000
14 12 0.000000
14 13 0.000000
14 14 0.000000
14 15 0.000000
15 0 0.000000
15 1 0.000000
15 2 0.000000
15 3 0.000000
15 4 0.000000
15 5 0.000000
15 6 0.000000
15 7 0.000000
15 8 0.000000
15 9 0.000000
15 10 0.000000
15 11 0.000000
15 12 0.000000
15 13 0.000000
15 14 0.000000
15 15 0.000000
