0 0 0.000000
0 1 0.000000
0 2 0.000000
0 3 0.000000
0 4 0.000000
0 5 0.000000
0 6 0.000000
0 7 0.000000
0 8 0.000000
0 9 0.000000
0 10 0.000000
0 11 0.000000
0 12 0.000000
0 13 0.000000
0 14 0.000000
0 15 0.000000
0 16 0.000000
0 17 0.000000
0 18 0.000000
0 19 0.000000
0 20 0.000000
0 21 0.000000
0 22 0.000000
0 23 0.000000
0 24 0.000000
0 25 0.000000
0 26 0.000000
0 27 0.000000
0 28 0.000000
0 29 0.000000
0 30 0.000000
0 31 0.000000
0 32 0.000000
0 33 0.000000
0 34 0.000000
0 35 0.000000
0 36 0.000000
0 37 0.000000
0 38 0.000000
0 39 0.000000
0 40 0.000000
0 41 0.000000
0 42 0.000000
0 43 0.000000
0 44 0.000000
0 45 0.000000
0 46 0.000000
0 47 0.000000
0 48 0.000000
0 49 0.000000
0 50 0.000000
0 51 0.000000
0 52 0.000000
0 53 0.000000
0 54 0.000000
0 55 0.000000
0 56 0.000000
0 57 0.000000
0 58 0.000000
0 59 0.000000
0 60 0.000000
0 61 0.000000
0 62 0.000000
0 63 0.000000
1 0 0.000000
1 1 0.000000
1 2 0.000000
1 3 0.000000
1 4 0.000000
1 5 0.000000
1 6 0.000000
1 7 0.000000
1 8 0.000000
1 9 0.000000
1 10 0.000000
1 11 0.000000
1 12 0.000000
1 13 0.000000
1 14 0.000000
1 15 0.000000
1 16 0.000000
1 17 0.000000
1 18 0.000000
1 19 0.000000
1 20 0.000000
1 21 0.000000
1 22 0.000000
1 23 0.000000
1 24 0.000000
1 25 0.000000
1 26 0.000000
1 27 0.000000
1 28 0.000000
1 29 0.000000
1 30 0.000000
1 31 0.000000
1 32 0.000000
1 33 0.000000
1 34 0.000000
1 35 0.000000
1 36 0.000000
1 37 0.000000
1 38 0.000000
1 39 0.000000
1 40 0.000000
1 41 0.000000
1 42 0.000000
1 43 0.000000
1 44 0.000000
1 45 0.000000
1 46 0.000000
1 47 0.000000
1 48 0.000000
1 49 0.000000
1 50 0.000000
1 51 0.000000
1 52 0.000000
1 53 0.000000
1 54 0.000000
1 55 0.000000
1 56 0.000000
1 57 0.000000
1 58 0.000000
1 59 0.000000
1 60 0.000000
1 61 0.000000
1 62 0.000000
1 63 0.000000
2 0 0.000000
2 1 0.000000
2 2 0.000000
2 3 0.000000
2 4 0.000000
2 5 0.000000
2 6 0.000000
2 7 0.000000
2 8 0.000000
2 9 0.000000
2 10 0.000000
2 11 0.000000
2 12 0.000000
2 13 0.000000
2 14 0.000000
2 15 0.000000
2 16 0.000000
2 17 0.000000
2 18 0.000000
2 19 0.000000
2 20 0.000000
2 21 0.000000
2 22 0.000000
2 23 0.000000
2 24 0.000000
2 25 0.000000
2 26 0.000000
2 27 0.000000
2 28 0.000000
2 29 0.000000
2 30 0.000000
2 31 0.000000
2 32 0.000000
2 33 0.000000
2 34 0.000000
2 35 0.000000
2 36 0.000000
2 37 0.000000
2 38 0.000000
2 39 0.000000
2 40 0.000000
2 41 0.000000
2 42 0.000000
2 43 0.000000
2 44 0.000000
2 45 0.000000
2 46 0.000000
2 47 0.000000
2 48 0.000000
2 49 0.000000
2 50 0.000000
2 51 0.000000
2 52 0.000000
2 53 0.000000
2 54 0.000000
2 55 0.000000
2 56 0.000000
2 57 0.000000
2 58 0.000000
2 59 0.000000
2 60 0.000000
2 61 0.000000
2 62 0.000000
2 63 0.000000
3 0 0.000000
3 1 0.000000
3 2 0.000000
3 3 0.000000
3 4 0.000000
3 5 0.000000
3 6 0.000000
3 7 0.000000
3 8 0.000000
3 9 0.000000
3 10 0.000000
3 11 0.000000
3 12 0.000000
3 13 0.000000
3 14 0.000000
3 15 0.000000
3 16 0.000000
3 17 0.000000
3 18 0.000000
3 19 0.000000
3 20 0.000000
3 21 0.000000
3 22 0.000000
3 23 0.000000
3 24 0.000000
3 25 0.000000
3 26 0.000000
3 27 0.000000
3 28 0.000000
3 29 0.000000
3 30 0.000000
3 31 0.000000
3 32 0.000000
3 33 0.000000
3 34 0.000000
3 35 0.000000
3 36 0.000000
3 37 0.000000
3 38 0.000000
3 39 0.000000
3 40 0.000000
3 41 0.000000
3 42 0.000000
3 43 0.000000
3 44 0.000000
3 45 0.000000
3 46 0.000000
3 47 0.000000
3 48 0.000000
3 49 0.000000
3 50 0.000000
3 51 0.000000
3 52 0.000000
3 53 0.000000
3 54 0.000000
3 55 0.000000
3 56 0.000000
3 57 0.000000
3 58 0.000000
3 59 0.000000
3 60 0.000000
3 61 0.000000
3 62 0.000000
3 63 0.000000
4 0 0.000000
4 1 0.000000
4 2 0.000000
4 3 0.000000
4 4 0.000000
4 5 0.000000
4 6 0.000000
4 7 0.000000
4 8 0.000000
4 9 0.000000
4 10 0.000000
4 11 0.000000
4 12 0.000000
4 13 0.000000
4 14 0.000000
4 15 0.000000
4 16 0.000000
4 17 0.000000
4 18 0.000000
4 19 0.000000
4 20 0.000000
4 21 0.000000
4 22 0.000000
4 23 0.000000
4 24 0.000000
4 25 0.000000
4 26 0.000000
4 27 0.000000
4 28 0.000000
4 29 0.000000
4 30 0.000000
4 31 0.000000
4 32 0.000000
4 33 0.000000
4 34 0.000000
4 35 0.000000
4 36 0.000000
4 37 0.000000
4 38 0.000000
4 39 0.000000
4 40 0.000000
4 41 0.000000
4 42 0.000000
4 43 0.000000
4 44 0.000000
4 45 0.000000
4 46 0.000000
4 47 0.000000
4 48 0.000000
4 49 0.000000
4 50 0.000000
4 51 0.000000
4 52 0.000000
4 53 0.000000
4 54 0.000000
4 55 0.000000
4 56 0.000000
4 57 0.000000
4 58 0.000000
4 59 0.000000
4 60 0.000000
4 61 0.000000
4 62 0.000000
4 63 0.000000
5 0 0.000000
5 1 0.000000
5 2 0.000000
5 3 0.000000
5 4 0.000000
5 5 0.000000
5 6 0.000000
5 7 0.000000
5 8 0.000000
5 9 0.000000
5 10 0.000000
5 11 0.000000
5 12 0.000000
5 13 0.000000
5 14 0.000000
5 15 0.000000
5 16 0.000000
5 17 0.000000
5 18 0.000000
5 19 0.000000
5 20 0.000000
5 21 0.000000
5 22 0.000000
5 23 0.000000
5 24 0.000000
5 25 0.000000
5 26 0.000000
5 27 0.000000
5 28 0.000000
5 29 0.000000
5 30 0.000000
5 31 0.000000
5 32 0.000000
5 33 0.000000
5 34 0.000000
5 35 0.000000
5 36 0.000000
5 37 0.000000
5 38 0.000000
5 39 0.000000
5 40 0.000000
5 41 0.000000
5 42 0.000000
5 43 0.000000
5 44 0.000000
5 45 0.000000
5 46 0.000000
5 47 0.000000
5 48 0.000000
5 49 0.000000
5 50 0.000000
5 51 0.000000
5 52 0.000000
5 53 0.000000
5 54 0.000000
5 55 0.000000
5 56 0.000000
5 57 0.000000
5 58 0.000000
5 59 0.000000
5 60 0.000000
5 61 0.000000
5 62 0.000000
5 63 0.000000
6 0 0.000000
6 1 0.000000
6 2 0.000000
6 3 0.000000
6 4 0.000000
6 5 0.000000
6 6 0.000000
6 7 0.000000
6 8 0.000000
6 9 0.000000
6 10 0.000000
6 11 0.000000
6 12 0.000000
6 13 0.000000
6 14 0.000000
6 15 0.000000
6 16 0.000000
6 17 0.000000
6 18 0.000000
6 19 0.000000
6 20 0.000000
6 21 0.000000
6 22 0.000000
6 23 0.000000
6 24 0.000000
6 25 0.000000
6 26 0.000000
6 27 0.000000
6 28 0.000000
6 29 0.000000
6 30 0.000000
6 31 0.000000
6 32 0.000000
6 33 0.000000
6 34 0.000000
6 35 0.000000
6 36 0.000000
6 37 0.000000
6 38 0.000000
6 39 0.000000
6 40 0.000000
6 41 0.000000
6 42 0.000000
6 43 0.000000
6 44 0.000000
6 45 0.000000
6 46 0.000000
6 47 0.000000
6 48 0.000000
6 49 0.000000
6 50 0.000000
6 51 0.000000
6 52 0.000000
6 53 0.000000
6 54 0.000000
6 55 0.000000
6 56 0.000000
6 57 0.000000
6 58 0.000000
6 59 0.000000
6 60 0.000000
6 61 0.000000
6 62 0.000000
6 63 0.000000
7 0 0.000000
7 1 0.000000
7 2 0.000000
7 3 0.000000
7 4 0.000000
7 5 0.000000
7 6 0.000000
7 7 0.000000
7 8 0.000000
7 9 0.000000
7 10 0.000000
7 11 0.000000
7 12 0.000000
7 13 0.000000
7 14 0.000000
7 15 0.000000
7 16 0.000000
7 17 0.000000
7 18 0.000000
7 19 0.000000
7 20 0.000000
7 21 0.000000
7 22 0.000000
7 23 0.000000
7 24 0.000000
7 25 0.000000
7 26 0.000000
7 27 0.000000
7 28 0.000000
7 29 0.000000
7 30 0.000000
7 31 0.000000
7 32 0.000000
7 33 0.000000
7 34 0.000000
7 35 0.000000
7 36 0.000000
7 37 0.000000
7 38 0.000000
7 39 0.000000
7 40 0.000000
7 41 0.000000
7 42 0.000000
7 43 0.000000
7 44 0.000000
7 45 0.000000
7 46 0.000000
7 47 0.000000
7 48 0.000000
7 49 0.000000
7 50 0.000000
7 51 0.000000
7 52 0.000000
7 53 0.000000
7 54 0.000000
7 55 0.000000
7 56 0.000000
7 57 0.000000
7 58 0.000000
7 59 0.000000
7 60 0.000000
7 61 0.000000
7 62 0.000000
7 63 0.000000
8 0 0.000000
8 1 0.000000
8 2 0.000000
8 3 0.000000
8 4 0.000000
8 5 0.000000
8 6 0.000000
8 7 0.000000
8 8 0.000000
8 9 0.000000
8 10 0.000000
8 11 0.000000
8 12 0.000000
8 13 0.000000
8 14 0.000000
8 15 0.000000
8 16 0.000000
8 17 0.000000
8 18 0.000000
8 19 0.000000
8 20 0.000000
8 21 0.000000
8 22 0.000000
8 23 0.000000
8 24 0.000000
8 25 0.000000
8 26 0.000000
8 27 0.000000
8 28 0.000000
8 29 0.000000
8 30 0.000000
8 31 0.000000
8 32 0.000000
8 33 0.000000
8 34 0.000000
8 35 0.000000
8 36 0.000000
8 37 0.000000
8 38 0.000000
8 39 0.000000
8 40 0.000000
8 41 0.000000
8 42 0.000000
8 43 0.000000
8 44 0.000000
8 45 0.000000
8 46 0.000000
8 47 0.000000
8 48 0.000000
8 49 0.000000
8 50 0.000000
8 51 0.000000
8 52 0.000000
8 53 0.000000
8 54 0.000000
8 55 0.000000
8 56 0.000000
8 57 0.000000
8 58 0.000000
8 59 0.000000
8 60 0.000000
8 61 0.000000
8 62 0.000000
8 63 0.000000
9 0 0.000000
9 1 0.000000
9 2 0.000000
9 3 0.000000
9 4 0.000000
9 5 0.000000
9 6 0.000000
9 7 0.000000
9 8 0.000000
9 9 0.000000
9 10 0.000000
9 11 0.000000
9 12 0.000000
9 13 0.000000
9 14 0.000000
9 15 0.000000
9 16 0.000000
9 17 0.000000
9 18 0.000000
9 19 0.000000
9 20 0.000000
9 21 0.000000
9 22 0.000000
9 23 0.000000
9 24 0.000000
9 25 0.000000
9 26 0.000000
9 27 0.000000
9 28 0.000000
9 29 0.000000
9 30 0.000000
9 31 0.000000
9 32 0.000000
9 33 0.000000
9 34 0.000000
9 35 0.000000
9 36 0.000000
9 37 0.000000
9 38 0.000000
9 39 0.000000
9 40 0.000000
9 41 0.000000
9 42 0.000000
9 43 0.000000
9 44 0.000000
9 45 0.000000
9 46 0.000000
9 47 0.000000
9 48 0.000000
9 49 0.000000
9 50 0.000000
9 51 0.000000
9 52 0.000000
9 53 0.000000
9 54 0.000000
9 55 0.000000
9 56 0.000000
9 57 0.000000
9 58 0.000000
9 59 0.000000
9 60 0.000000
9 61 0.000000
9 62 0.000000
9 63 0.000000
10 0 0.000000
10 1 0.000000
10 2 0.000000
10 3 0.000000
10 4 0.000000
10 5 0.000000
10 6 0.000000
10 7 0.000000
10 8 0.000000
10 9 0.000000
10 10 0.000000
10 11 0.000000
10 12 0.000000
10 13 0.000000
10 14 0.000000
10 15 0.000000
10 16 0.000000
10 17 0.000000
10 18 0.000000
10 19 0.000000
10 20 0.000000
10 21 0.000000
10 22 0.000000
10 23 0.000000
10 24 0.000000
10 25 0.000000
10 26 0.000000
10 27 0.000000
10 28 0.000000
10 29 0.000000
10 30 0.000000
10 31 0.000000
10 32 0.000000
10 33 0.000000
10 34 0.000000
10 35 0.000000
10 36 0.000000
10 37 0.000000
10 38 0.000000
10 39 0.000000
10 40 0.000000
10 41 0.000000
10 42 0.000000
10 43 0.000000
10 44 0.000000
10 45 0.000000
10 46 0.000000
10 47 0.000000
10 48 0.000000
10 49 0.000000
10 50 0.000000
10 51 0.000000
10 52 0.000000
10 53 0.000000
10 54 0.000000
10 55 0.000000
10 56 0.000000
10 57 0.000000
10 58 0.000000
10 59 0.000000
10 60 0.000000
10 61 0.000000
10 62 0.000000
10 63 0.000000
11 0 0.000000
11 1 0.000000
11 2 0.000000
11 3 0.000000
11 4 0.000000
11 5 0.000000
11 6 0.000000
11 7 0.000000
11 8 0.000000
11 9 0.000000
11 10 0.000000
11 11 0.000000
11 12 0.000000
11 13 0.000000
11 14 0.000000
11 15 0.000000
11 16 0.000000
11 17 0.000000
11 18 0.000000
11 19 0.000000
11 20 0.000000
11 21 0.000000
11 22 0.000000
11 23 0.000000
11 24 0.000000
11 25 0.000000
11 26 0.000000
11 27 0.000000
11 28 0.000000
11 29 0.000000
11 30 0.000000
11 31 0.000000
11 32 0.000000
11 33 0.000000
11 34 0.000000
11 35 0.000000
11 36 0.000000
11 37 0.000000
11 38 0.000000
11 39 0.000000
11 40 0.000000
11 41 0.000000
11 42 0.000000
11 43 0.000000
11 44 0.000000
11 45 0.000000
11 46 0.000000
11 47 0.000000
11 48 0.000000
11 49 0.000000
11 50 0.000000
11 51 0.000000
11 52 0.000000
11 53 0.000000
11 54 0.000000
11 55 0.000000
11 56 0.000000
11 57 0.000000
11 58 0.000000
11 59 0.000000
11 60 0.000000
11 61 0.000000
11 62 0.000000
11 63 0.000000
12 0 0.000000
12 1 0.000000
12 2 0.000000
12 3 0.000000
12 4 0.000000
12 5 0.000000
12 6 0.000000
12 7 0.000000
12 8 0.000000
12 9 0.000000
12 10 0.000000
12 11 0.000000
12 12 0.000000
12 13 0.000000
12 14 0.000000
12 15 0.000000
12 16 0.000000
12 17 0.000000
12 18 0.000000
12 19 0.000000
12 20 0.000000
12 21 0.000000
12 22 0.000000
12 23 0.000000
12 24 0.000000
12 25 0.000000
12 26 0.000000
12 27 0.000000
12 28 0.000000
12 29 0.000000
12 30 0.000000
12 31 0.000000
12 32 0.000000
12 33 0.000000
12 34 0.000000
12 35 0.000000
12 36 0.000000
12 37 0.000000
12 38 0.000000
12 39 0.000000
12 40 0.000000
12 41 0.000000
12 42 0.000000
12 43 0.000000
12 44 0.000000
12 45 0.000000
12 46 0.000000
12 47 0.000000
12 48 0.000000
12 49 0.000000
12 50 0.000000
12 51 0.000000
12 52 0.000000
12 53 0.000000
12 54 0.000000
12 55 0.000000
12 56 0.000000
12 57 0.000000
12 58 0.000000
12 59 0.000000
12 60 0.000000
12 61 0.000000
12 62 0.000000
12 63 0.000000
13 0 0.000000
13 1 0.000000
13 2 0.000000
13 3 0.000000
13 4 0.000000
13 5 0.000000
13 6 0.000000
13 7 0.000000
13 8 0.000000
13 9 0.000000
13 10 0.000000
13 11 0.000000
13 12 0.000000
13 13 0.000000
13 14 0.000000
13 15 0.000000
13 16 0.000000
13 17 0.000000
13 18 0.000000
13 19 0.000000
13 20 0.000000
13 21 0.000000
13 22 0.000000
13 23 0.000000
13 24 0.000000
13 25 0.000000
13 26 0.000000
13 27 0.000000
13 28 0.000000
13 29 0.000000
13 30 0.000000
13 31 0.000000
13 32 0.000000
13 33 0.000000
13 34 0.000000
13 35 0.000000
13 36 0.000000
13 37 0.000000
13 38 0.000000
13 39 0.000000
13 40 0.000000
13 41 0.000000
13 42 0.000000
13 43 0.000000
13 44 0.000000
13 45 0.000000
13 46 0.000000
13 47 0.000000
13 48 0.000000
13 49 0.000000
13 50 0.000000
13 51 0.000000
13 52 0.000000
13 53 0.000000
13 54 0.000000
13 55 0.000000
13 56 0.000000
13 57 0.000000
13 58 0.000000
13 59 0.000000
13 60 0.000000
13 61 0.000000
13 62 0.000000
13 63 0.000000
14 0 0.000000
14 1 0.000000
14 2 0.000000
14 3 0.000000
14 4 0.000000
14 5 0.000000
14 6 0.000000
14 7 0.000000
14 8 0.000000
14 9 0.000000
14 10 0.000000
14 11 0.000000
14 12 0.000000
14 13 0.000000
14 14 0.000000
14 15 0.000000
14 16 0.000000
14 17 0.000000
14 18 0.000000
14 19 0.000000
14 20 0.000000
14 21 0.000000
14 22 0.000000
14 23 0.000000
14 24 0.000000
14 25 0.000000
14 26 0.000000
14 27 0.000000
14 28 0.000000
14 29 0.000000
14 30 0.000000
14 31 0.000000
14 32 0.000000
14 33 0.000000
14 34 0.000000
14 35 0.000000
14 36 0.000000
14 37 0.000000
14 38 0.000000
14 39 0.000000
14 40 0.000000
14 41 0.000000
14 42 0.000000
14 43 0.000000
14 44 0.000000
14 45 0.000000
14 46 0.000000
14 47 0.000000
14 48 0.000000
14 49 0.000000
14 50 0.000000
14 51 0.000000
14 52 0.000000
14 53 0.000000
14 54 0.000000
14 55 0.000000
14 56 0.000000
14 57 0.000000
14 58 0.000000
14 59 0.000000
14 60 0.000000
14 61 0.000000
14 62 0.000000
14 63 0.000000
15 0 0.000000
15 1 0.000000
15 2 0.000000
15 3 0.000000
15 4 0.000000
15 5 0.000000
15 6 0.000000
15 7 0.000000
15 8 0.000000
15 9 0.000000
15 10 0.000000
15 11 0.000000
15 12 0.000000
15 13 0.000000
15 14 0.000000
15 15 0.000000
15 16 0.000000
15 17 0.000000
15 18 0.000000
15 19 0.000000
15 20 0.000000
15 21 0.000000
15 22 0.000000
15 23 0.000000
15 24 0.000000
15 25 0.000000
15 26 0.000000
15 27 0.000000
15 28 0.000000
15 29 0.000000
15 30 0.000000
15 31 0.000000
15 32 0.000000
15 33 0.000000
15 34 0.000000
15 35 0.000000
15 36 0.000000
15 37 0.000000
15 38 0.000000
15 39 0.000000
15 40 0.000000
15 41 0.000000
15 42 0.000000
15 43 0.000000
15 44 0.000000
15 45 0.000000
15 46 0.000000
15 47 0.000000
15 48 0.000000
15 49 0.000000
15 50 0.000000
15 51 0.000000
15 52 0.000000
15 53 0.000000
15 54 0.000000
15 55 0.000000
15 56 0.000000
15 57 0.000000
15 58 0.000000
15 59 0.000000
15 60 0.000000
15 61 0.000000
15 62 0.000000
15 63 0.000000
16 0 0.000000
16 1 0.000000
16 2 0.000000
16 3 0.000000
16 4 0.000000
16 5 0.000000
16 6 0.000000
16 7 0.000000
16 8 0.000000
16 9 0.000000
16 10 0.000000
16 11 0.000000
16 12 0.000000
16 13 0.000000
16 14 0.000000
16 15 0.000000
16 16 -0.008582
16 17 -0.037230
16 18 -0.030089
16 19 -0.036895
16 20 0.025461
16 21 0.180843
16 22 0.130142
16 23 0.071872
16 24 0.254359
16 25 -0.009648
16 26 -0.546309
16 27 -0.655175
16 28 -0.498062
16 29 -0.259610
16 30 -0.383768
16 31 -0.415875
16 32 -0.455582
16 33 -0.407748
16 34 -0.297182
16 35 -0.243347
16 36 -0.153184
16 37 -0.171986
16 38 -0.222278
16 39 0.082333
16 40 -0.012081
16 41 -0.242575
16 42 -0.060050
16 43 0.209889
16 44 0.012541
16 45 0.010646
16 46 -0.002534
16 47 0.005652
16 48 0.000000
16 49 0.000000
16 50 0.000000
16 51 0.000000
16 52 0.000000
16 53 0.000000
16 54 0.000000
16 55 0.000000
16 56 0.000000
16 57 0.000000
16 58 0.000000
16 59 0.000000
16 60 0.000000
16 61 0.000000
16 62 0.000000
16 63 0.000000
17 0 0.000000
17 1 0.000000
17 2 0.000000
17 3 0.000000
17 4 0.000000
17 5 0.000000
17 6 0.000000
17 7 0.000000
17 8 0.000000
17 9 0.000000
17 10 0.000000
17 11 0.000000
17 12 0.000000
17 13 0.000000
17 14 0.000000
17 15 0.000000
17 16 0.109704
17 17 0.224673
17 18 0.217343
17 19 0.211521
17 20 0.403948
17 21 0.362809
17 22 0.403185
17 23 0.055765
17 24 1.164637
17 25 0.826624
17 26 0.304689
17 27 0.329873
17 28 0.303302
17 29 0.227735
17 30 0.236546
17 31 0.283107
17 32 0.239797
17 33 0.221572
17 34 0.150499
17 35 0.099136
17 36 0.106116
17 37 0.062567
17 38 0.053331
17 39 0.022015
17 40 -0.013524
17 41 -0.019440
17 42 0.242784
17 43 0.185390
17 44 0.075865
17 45 0.097179
17 46 0.072013
17 47 0.134360
17 48 0.000000
17 49 0.000000
17 50 0.000000
17 51 0.000000
17 52 0.000000
17 53 0.000000
17 54 0.000000
17 55 0.000000
17 56 0.000000
17 57 0.000000
17 58 0.000000
17 59 0.000000
17 60 0.000000
17 61 0.000000
17 62 0.000000
17 63 0.000000
18 0 0.000000
18 1 0.000000
18 2 0.000000
18 3 0.000000
18 4 0.000000
18 5 0.000000
18 6 0.000000
18 7 0.000000
18 8 0.000000
18 9 0.000000
18 10 0.000000
18 11 0.000000
18 12 0.000000
18 13 0.000000
18 14 0.000000
18 15 0.000000
18 16 0.102676
18 17 0.210622
18 18 0.201734
18 19 0.191458
18 20 0.370702
18 21 0.133465
18 22 0.327949
18 23 0.254687
18 24 -0.260479
18 25 -0.090133
18 26 -0.068860
18 27 -0.138069
18 28 -0.089775
18 29 -0.077924
18 30 -0.053747
18 31 0.042713
18 32 0.042226
18 33 0.062034
18 34 0.020818
18 35 0.039611
18 36 0.069182
18 37 0.055339
18 38 0.048621
18 39 0.010732
18 40 -0.023261
18 41 -0.032904
18 42 -0.041096
18 43 0.239817
18 44 0.056864
18 45 0.093482
18 46 0.070490
18 47 0.119323
18 48 0.000000
18 49 0.000000
18 50 0.000000
18 51 0.000000
18 52 0.000000
18 53 0.000000
18 54 0.000000
18 55 0.000000
18 56 0.000000
18 57 0.000000
18 58 0.000000
18 59 0.000000
18 60 0.000000
18 61 0.000000
18 62 0.000000
18 63 0.000000
19 0 0.000000
19 1 0.000000
19 2 0.000000
19 3 0.000000
19 4 0.000000
19 5 0.000000
19 6 0.000000
19 7 0.000000
19 8 0.000000
19 9 0.000000
19 10 0.000000
19 11 0.000000
19 12 0.000000
19 13 0.000000
19 14 0.000000
19 15 0.000000
19 16 0.098070
19 17 0.191692
19 18 0.180422
19 19 0.141060
19 20 -0.101688
19 21 0.457644
19 22 -0.085068
19 23 0.013305
19 24 0.061357
19 25 0.092564
19 26 0.065536
19 27 0.010312
19 28 0.022973
19 29 -0.010046
19 30 -0.040429
19 31 0.015238
19 32 0.058870
19 33 0.089416
19 34 0.089916
19 35 0.129269
19 36 0.142833
19 37 0.108573
19 38 0.095573
19 39 0.056859
19 40 0.050492
19 41 0.055368
19 42 0.077987
19 43 0.031548
19 44 0.347055
19 45 0.299612
19 46 0.050517
19 47 0.100345
19 48 0.000000
19 49 0.000000
19 50 0.000000
19 51 0.000000
19 52 0.000000
19 53 0.000000
19 54 0.000000
19 55 0.000000
19 56 0.000000
19 57 0.000000
19 58 0.000000
19 59 0.000000
19 60 0.000000
19 61 0.000000
19 62 0.000000
19 63 0.000000
20 0 0.000000
20 1 0.000000
20 2 0.000000
20 3 0.000000
20 4 0.000000
20 5 0.000000
20 6 0.000000
20 7 0.000000
20 8 0.000000
20 9 0.000000
20 10 0.000000
20 11 0.000000
20 12 0.000000
20 13 0.000000
20 14 0.000000
20 15 0.000000
20 16 0.157020
20 17 0.378378
20 18 0.375171
20 19 0.012595
20 20 -0.228810
20 21 -0.064634
20 22 0.068861
20 23 0.051524
20 24 0.015576
20 25 0.008677
20 26 0.036171
20 27 0.052514
20 28 0.034908
20 29 -0.024470
20 30 -0.028095
20 31 -0.007339
20 32 0.010459
20 33 -0.034588
20 34 -0.038533
20 35 0.000889
20 36 0.071567
20 37 0.072173
20 38 0.046412
20 39 0.022329
20 40 0.030485
20 41 0.065084
20 42 0.123454
20 43 0.062333
20 44 -0.036876
20 45 0.149176
20 46 -0.046439
20 47 0.048996
20 48 0.000000
20 49 0.000000
20 50 0.000000
20 51 0.000000
20 52 0.000000
20 53 0.000000
20 54 0.000000
20 55 0.000000
20 56 0.000000
20 57 0.000000
20 58 0.000000
20 59 0.000000
20 60 0.000000
20 61 0.000000
20 62 0.000000
20 63 0.000000
21 0 0.000000
21 1 0.000000
21 2 0.000000
21 3 0.000000
21 4 0.000000
21 5 0.000000
21 6 0.000000
21 7 0.000000
21 8 0.000000
21 9 0.000000
21 10 0.000000
21 11 0.000000
21 12 0.000000
21 13 0.000000
21 14 0.000000
21 15 0.000000
21 16 0.333957
21 17 -0.037586
21 18 -0.215526
21 19 -0.630556
21 20 0.143069
21 21 0.097144
21 22 0.145220
21 23 0.106143
21 24 0.026412
21 25 0.044649
21 26 0.061432
21 27 0.074383
21 28 0.093593
21 29 0.050751
21 30 0.043023
21 31 0.044699
21 32 0.038707
21 33 -0.034545
21 34 -0.069189
21 35 -0.063182
21 36 0.001875
21 37 0.000914
21 38 0.032876
21 39 0.063805
21 40 0.066223
21 41 0.091350
21 42 0.111311
21 43 0.117907
21 44 0.030170
21 45 0.053149
21 46 0.111393
21 47 0.130587
21 48 0.000000
21 49 0.000000
21 50 0.000000
21 51 0.000000
21 52 0.000000
21 53 0.000000
21 54 0.000000
21 55 0.000000
21 56 0.000000
21 57 0.000000
21 58 0.000000
21 59 0.000000
21 60 0.000000
21 61 0.000000
21 62 0.000000
21 63 0.000000
22 0 0.000000
22 1 0.000000
22 2 0.000000
22 3 0.000000
22 4 0.000000
22 5 0.000000
22 6 0.000000
22 7 0.000000
22 8 0.000000
22 9 0.000000
22 10 0.000000
22 11 0.000000
22 12 0.000000
22 13 0.000000
22 14 0.000000
22 15 0.000000
22 16 0.281145
22 17 -0.039767
22 18 0.512406
22 19 0.027287
22 20 0.018887
22 21 0.053308
22 22 -0.001875
22 23 0.004211
22 24 -0.026292
22 25 0.018398
22 26 0.051651
22 27 0.042257
22 28 0.051104
22 29 0.012923
22 30 -0.034027
22 31 -0.030522
22 32 -0.025805
22 33 -0.020084
22 34 -0.057297
22 35 -0.057076
22 36 -0.048283
22 37 -0.086209
22 38 -0.057032
22 39 -0.031249
22 40 0.012719
22 41 0.065955
22 42 0.058248
22 43 0.087086
22 44 0.050363
22 45 0.013608
22 46 0.010676
22 47 0.176825
22 48 0.000000
22 49 0.000000
22 50 0.000000
22 51 0.000000
22 52 0.000000
22 53 0.000000
22 54 0.000000
22 55 0.000000
22 56 0.000000
22 57 0.000000
22 58 0.000000
22 59 0.000000
22 60 0.000000
22 61 0.000000
22 62 0.000000
22 63 0.000000
23 0 0.000000
23 1 0.000000
23 2 0.000000
23 3 0.000000
23 4 0.000000
23 5 0.000000
23 6 0.000000
23 7 0.000000
23 8 0.000000
23 9 0.000000
23 10 0.000000
23 11 0.000000
23 12 0.000000
23 13 0.000000
23 14 0.000000
23 15 0.000000
23 16 0.206146
23 17 0.332851
23 18 -0.413922
23 19 0.049105
23 20 0.072394
23 21 0.049041
23 22 -0.003442
23 23 0.069715
23 24 0.047067
23 25 0.042943
23 26 0.068354
23 27 0.059756
23 28 0.063588
23 29 0.023734
23 30 -0.008061
23 31 -0.025795
23 32 -0.069897
23 33 0.021278
23 34 0.021223
23 35 0.013349
23 36 0.021029
23 37 -0.017446
23 38 -0.030168
23 39 -0.050168
23 40 -0.007616
23 41 0.026638
23 42 0.017414
23 43 0.043114
23 44 0.041013
23 45 0.025594
23 46 -0.009382
23 47 0.172000
23 48 0.000000
23 49 0.000000
23 50 0.000000
23 51 0.000000
23 52 0.000000
23 53 0.000000
23 54 0.000000
23 55 0.000000
23 56 0.000000
23 57 0.000000
23 58 0.000000
23 59 0.000000
23 60 0.000000
23 61 0.000000
23 62 0.000000
23 63 0.000000
24 0 0.000000
24 1 0.000000
24 2 0.000000
24 3 0.000000
24 4 0.000000
24 5 0.000000
24 6 0.000000
24 7 0.000000
24 8 0.000000
24 9 0.000000
24 10 0.000000
24 11 0.000000
24 12 0.000000
24 13 0.000000
24 14 0.000000
24 15 0.000000
24 16 -0.253040
24 17 -0.247457
24 18 0.190940
24 19 0.021292
24 20 0.054390
24 21 -0.034394
24 22 -0.002227
24 23 0.081224
24 24 0.061747
24 25 0.036530
24 26 0.056302
24 27 0.037424
24 28 0.048340
24 29 0.013472
24 30 0.013742
24 31 0.011116
24 32 -0.042649
24 33 0.006534
24 34 0.013338
24 35 0.027189
24 36 0.063896
24 37 0.034885
24 38 0.030384
24 39 0.003967
24 40 0.032889
24 41 0.010229
24 42 -0.038029
24 43 -0.041772
24 44 -0.008491
24 45 0.026085
24 46 0.000767
24 47 0.049312
24 48 0.000000
24 49 0.000000
24 50 0.000000
24 51 0.000000
24 52 0.000000
24 53 0.000000
24 54 0.000000
24 55 0.000000
24 56 0.000000
24 57 0.000000
24 58 0.000000
24 59 0.000000
24 60 0.000000
24 61 0.000000
24 62 0.000000
24 63 0.000000
25 0 0.000000
25 1 0.000000
25 2 0.000000
25 3 0.000000
25 4 0.000000
25 5 0.000000
25 6 0.000000
25 7 0.000000
25 8 0.000000
25 9 0.000000
25 10 0.000000
25 11 0.000000
25 12 0.000000
25 13 0.000000
25 14 0.000000
25 15 0.000000
25 16 0.083982
25 17 -0.027974
25 18 0.086646
25 19 -0.010508
25 20 0.022535
25 21 -0.030303
25 22 0.028170
25 23 0.038301
25 24 -0.004936
25 25 -0.020734
25 26 0.020096
25 27 0.043868
25 28 0.058425
25 29 0.014075
25 30 -0.001714
25 31 -0.001131
25 32 0.022432
25 33 -0.016878
25 34 -0.006862
25 35 0.034621
25 36 0.085673
25 37 0.060202
25 38 0.035907
25 39 0.010393
25 40 0.036463
25 41 0.027655
25 42 0.002355
25 43 -0.030643
25 44 -0.046707
25 45 -0.004271
25 46 -0.026474
25 47 0.058295
25 48 0.000000
25 49 0.000000
25 50 0.000000
25 51 0.000000
25 52 0.000000
25 53 0.000000
25 54 0.000000
25 55 0.000000
25 56 0.000000
25 57 0.000000
25 58 0.000000
25 59 0.000000
25 60 0.000000
25 61 0.000000
25 62 0.000000
25 63 0.000000
26 0 0.000000
26 1 0.000000
26 2 0.000000
26 3 0.000000
26 4 0.000000
26 5 0.000000
26 6 0.000000
26 7 0.000000
26 8 0.000000
26 9 0.000000
26 10 0.000000
26 11 0.000000
26 12 0.000000
26 13 0.000000
26 14 0.000000
26 15 0.000000
26 16 -0.587412
26 17 0.255968
26 18 -0.001665
26 19 0.009985
26 20 0.005570
26 21 -0.031832
26 22 0.039699
26 23 0.036657
26 24 -0.001264
26 25 -0.007716
26 26 -0.011879
26 27 0.017007
26 28 0.047613
26 29 0.032772
26 30 0.017855
26 31 -0.000585
26 32 -0.004204
26 33 -0.015188
26 34 0.012674
26 35 0.046392
26 36 0.081121
26 37 0.051478
26 38 0.017640
26 39 0.021239
26 40 0.041580
26 41 0.050260
26 42 0.029682
26 43 -0.008329
26 44 -0.021697
26 45 0.024241
26 46 -0.026945
26 47 -0.013491
26 48 0.000000
26 49 0.000000
26 50 0.000000
26 51 0.000000
26 52 0.000000
26 53 0.000000
26 54 0.000000
26 55 0.000000
26 56 0.000000
26 57 0.000000
26 58 0.000000
26 59 0.000000
26 60 0.000000
26 61 0.000000
26 62 0.000000
26 63 0.000000
27 0 0.000000
27 1 0.000000
27 2 0.000000
27 3 0.000000
27 4 0.000000
27 5 0.000000
27 6 0.000000
27 7 0.000000
27 8 0.000000
27 9 0.000000
27 10 0.000000
27 11 0.000000
27 12 0.000000
27 13 0.000000
27 14 0.000000
27 15 0.000000
27 16 -1.007775
27 17 0.240747
27 18 -0.077251
27 19 0.002731
27 20 0.016465
27 21 -0.001097
27 22 0.036687
27 23 0.032981
27 24 -0.006440
27 25 0.026585
27 26 0.027184
27 27 0.041390
27 28 0.025867
27 29 0.001594
27 30 -0.008473
27 31 0.006499
27 32 0.002206
27 33 0.002394
27 34 -0.012543
27 35 -0.000772
27 36 0.033990
27 37 0.061478
27 38 0.067152
27 39 0.063098
27 40 0.035925
27 41 0.040603
27 42 0.017205
27 43 0.022891
27 44 0.015752
27 45 0.041270
27 46 0.019811
27 47 -0.010148
27 48 0.000000
27 49 0.000000
27 50 0.000000
27 51 0.000000
27 52 0.000000
27 53 0.000000
27 54 0.000000
27 55 0.000000
27 56 0.000000
27 57 0.000000
27 58 0.000000
27 59 0.000000
27 60 0.000000
27 61 0.000000
27 62 0.000000
27 63 0.000000
28 0 0.000000
28 1 0.000000
28 2 0.000000
28 3 0.000000
28 4 0.000000
28 5 0.000000
28 6 0.000000
28 7 0.000000
28 8 0.000000
28 9 0.000000
28 10 0.000000
28 11 0.000000
28 12 0.000000
28 13 0.000000
28 14 0.000000
28 15 0.000000
28 16 -0.776672
28 17 0.220848
28 18 -0.032477
28 19 -0.003110
28 20 0.013467
28 21 0.032909
28 22 0.056039
28 23 0.048732
28 24 0.007159
28 25 0.034189
28 26 0.043177
28 27 0.031338
28 28 0.064167
28 29 0.030514
28 30 -0.026120
28 31 -0.033529
28 32 -0.038992
28 33 -0.029742
28 34 -0.029706
28 35 0.024853
28 36 0.046514
28 37 0.015401
28 38 0.068599
28 39 0.077538
28 40 0.061292
28 41 0.060524
28 42 0.048649
28 43 0.040750
28 44 -0.013107
28 45 0.026226
28 46 0.053257
28 47 0.031709
28 48 0.000000
28 49 0.000000
28 50 0.000000
28 51 0.000000
28 52 0.000000
28 53 0.000000
28 54 0.000000
28 55 0.000000
28 56 0.000000
28 57 0.000000
28 58 0.000000
28 59 0.000000
28 60 0.000000
28 61 0.000000
28 62 0.000000
28 63 0.000000
29 0 0.000000
29 1 0.000000
29 2 0.000000
29 3 0.000000
29 4 0.000000
29 5 0.000000
29 6 0.000000
29 7 0.000000
29 8 0.000000
29 9 0.000000
29 10 0.000000
29 11 0.000000
29 12 0.000000
29 13 0.000000
29 14 0.000000
29 15 0.000000
29 16 0.440598
29 17 -0.059770
29 18 -0.013679
29 19 -0.043918
29 20 -0.019825
29 21 -0.003053
29 22 0.031345
29 23 0.020209
29 24 -0.033516
29 25 -0.015465
29 26 0.032289
29 27 0.015753
29 28 0.036512
29 29 -0.049699
29 30 -0.087799
29 31 -0.070224
29 32 -0.081516
29 33 -0.068357
29 34 -0.093388
29 35 -0.052282
29 36 0.020329
29 37 -0.009394
29 38 0.035251
29 39 0.026534
29 40 0.031382
29 41 0.039997
29 42 0.046282
29 43 0.026001
29 44 -0.025480
29 45 0.013832
29 46 0.029557
29 47 0.021013
29 48 0.000000
29 49 0.000000
29 50 0.000000
29 51 0.000000
29 52 0.000000
29 53 0.000000
29 54 0.000000
29 55 0.000000
29 56 0.000000
29 57 0.000000
29 58 0.000000
29 59 0.000000
29 60 0.000000
29 61 0.000000
29 62 0.000000
29 63 0.000000
30 0 0.000000
30 1 0.000000
30 2 0.000000
30 3 0.000000
30 4 0.000000
30 5 0.000000
30 6 0.000000
30 7 0.000000
30 8 0.000000
30 9 0.000000
30 10 0.000000
30 11 0.000000
30 12 0.000000
30 13 0.000000
30 14 0.000000
30 15 0.000000
30 16 0.411975
30 17 -0.124031
30 18 0.020573
30 19 -0.023438
30 20 0.027573
30 21 0.011517
30 22 0.027020
30 23 0.050316
30 24 0.010352
30 25 -0.002647
30 26 0.037997
30 27 0.014795
30 28 0.001662
30 29 -0.063101
30 30 -0.071732
30 31 -0.072449
30 32 -0.076180
30 33 -0.060560
30 34 -0.073455
30 35 -0.075557
30 36 -0.024435
30 37 -0.014811
30 38 0.015879
30 39 0.000931
30 40 0.046709
30 41 0.058362
30 42 0.033305
30 43 0.018021
30 44 -0.016604
30 45 0.017616
30 46 0.029289
30 47 0.068700
30 48 0.000000
30 49 0.000000
30 50 0.000000
30 51 0.000000
30 52 0.000000
30 53 0.000000
30 54 0.000000
30 55 0.000000
30 56 0.000000
30 57 0.000000
30 58 0.000000
30 59 0.000000
30 60 0.000000
30 61 0.000000
30 62 0.000000
30 63 0.000000
31 0 0.000000
31 1 0.000000
31 2 0.000000
31 3 0.000000
31 4 0.000000
31 5 0.000000
31 6 0.000000
31 7 0.000000
31 8 0.000000
31 9 0.000000
31 10 0.000000
31 11 0.000000
31 12 0.000000
31 13 0.000000
31 14 0.000000
31 15 0.000000
31 16 0.353073
31 17 -0.128389
31 18 0.034692
31 19 0.008730
31 20 0.056182
31 21 0.009110
31 22 0.020118
31 23 0.055294
31 24 0.024059
31 25 -0.000720
31 26 0.014515
31 27 0.013691
31 28 -0.010018
31 29 -0.052618
31 30 -0.076101
31 31 -0.077805
31 32 -0.075892
31 33 -0.071242
31 34 -0.072303
31 35 -0.060520
31 36 -0.024429
31 37 -0.008298
31 38 -0.018155
31 39 -0.022047
31 40 0.029255
31 41 0.060551
31 42 0.034565
31 43 0.002880
31 44 -0.011996
31 45 0.035415
31 46 0.045956
31 47 0.108675
31 48 0.000000
31 49 0.000000
31 50 0.000000
31 51 0.000000
31 52 0.000000
31 53 0.000000
31 54 0.000000
31 55 0.000000
31 56 0.000000
31 57 0.000000
31 58 0.000000
31 59 0.000000
31 60 0.000000
31 61 0.000000
31 62 0.000000
31 63 0.000000
32 0 0.000000
32 1 0.000000
32 2 0.000000
32 3 0.000000
32 4 0.000000
32 5 0.000000
32 6 0.000000
32 7 0.000000
32 8 0.000000
32 9 0.000000
32 10 0.000000
32 11 0.000000
32 12 0.000000
32 13 0.000000
32 14 0.000000
32 15 0.000000
32 16 0.339622
32 17 -0.187339
32 18 0.031943
32 19 0.046177
32 20 0.088922
32 21 0.051533
32 22 0.014328
32 23 -0.010434
32 24 -0.015709
32 25 0.048041
32 26 0.024382
32 27 0.011289
32 28 -0.015236
32 29 -0.064518
32 30 -0.075445
32 31 -0.068687
32 32 -0.061031
32 33 -0.059742
32 34 -0.069575
32 35 -0.070884
32 36 -0.032839
32 37 -0.005942
32 38 0.007474
32 39 0.028419
32 40 -0.014421
32 41 -0.006478
32 42 0.015370
32 43 0.036118
32 44 0.039191
32 45 0.049795
32 46 0.028505
32 47 0.082974
32 48 0.000000
32 49 0.000000
32 50 0.000000
32 51 0.000000
32 52 0.000000
32 53 0.000000
32 54 0.000000
32 55 0.000000
32 56 0.000000
32 57 0.000000
32 58 0.000000
32 59 0.000000
32 60 0.000000
32 61 0.000000
32 62 0.000000
32 63 0.000000
33 0 0.000000
33 1 0.000000
33 2 0.000000
33 3 0.000000
33 4 0.000000
33 5 0.000000
33 6 0.000000
33 7 0.000000
33 8 0.000000
33 9 0.000000
33 10 0.000000
33 11 0.000000
33 12 0.000000
33 13 0.000000
33 14 0.000000
33 15 0.000000
33 16 0.361062
33 17 -0.216950
33 18 0.051224
33 19 0.066614
33 20 0.012732
33 21 0.013379
33 22 0.059907
33 23 0.059030
33 24 0.007799
33 25 -0.003915
33 26 -0.001571
33 27 0.005734
33 28 -0.014784
33 29 -0.053266
33 30 -0.062171
33 31 -0.064693
33 32 -0.065620
33 33 -0.062017
33 34 -0.056741
33 35 -0.052324
33 36 -0.023060
33 37 -0.004273
33 38 -0.001030
33 39 0.001771
33 40 0.033973
33 41 0.038074
33 42 0.005165
33 43 0.009801
33 44 0.010404
33 45 0.038702
33 46 0.044428
33 47 0.089980
33 48 0.000000
33 49 0.000000
33 50 0.000000
33 51 0.000000
33 52 0.000000
33 53 0.000000
33 54 0.000000
33 55 0.000000
33 56 0.000000
33 57 0.000000
33 58 0.000000
33 59 0.000000
33 60 0.000000
33 61 0.000000
33 62 0.000000
33 63 0.000000
34 0 0.000000
34 1 0.000000
34 2 0.000000
34 3 0.000000
34 4 0.000000
34 5 0.000000
34 6 0.000000
34 7 0.000000
34 8 0.000000
34 9 0.000000
34 10 0.000000
34 11 0.000000
34 12 0.000000
34 13 0.000000
34 14 0.000000
34 15 0.000000
34 16 0.247712
34 17 -0.231336
34 18 0.012911
34 19 0.108406
34 20 0.012705
34 21 -0.047352
34 22 0.030915
34 23 0.073021
34 24 0.026770
34 25 0.011865
34 26 0.026741
34 27 -0.005173
34 28 -0.018781
34 29 -0.070095
34 30 -0.063760
34 31 -0.058471
34 32 -0.066520
34 33 -0.047281
34 34 -0.048902
34 35 -0.060574
34 36 -0.009136
34 37 0.004921
34 38 0.039759
34 39 0.017973
34 40 0.031345
34 41 0.027356
34 42 -0.008238
34 43 0.001505
34 44 -0.000370
34 45 0.027330
34 46 0.026257
34 47 0.074603
34 48 0.000000
34 49 0.000000
34 50 0.000000
34 51 0.000000
34 52 0.000000
34 53 0.000000
34 54 0.000000
34 55 0.000000
34 56 0.000000
34 57 0.000000
34 58 0.000000
34 59 0.000000
34 60 0.000000
34 61 0.000000
34 62 0.000000
34 63 0.000000
35 0 0.000000
35 1 0.000000
35 2 0.000000
35 3 0.000000
35 4 0.000000
35 5 0.000000
35 6 0.000000
35 7 0.000000
35 8 0.000000
35 9 0.000000
35 10 0.000000
35 11 0.000000
35 12 0.000000
35 13 0.000000
35 14 0.000000
35 15 0.000000
35 16 0.042018
35 17 -0.164489
35 18 -0.006058
35 19 0.129281
35 20 0.052313
35 21 -0.078653
35 22 -0.024651
35 23 0.036131
35 24 0.029992
35 25 0.034663
35 26 0.050221
35 27 0.006270
35 28 0.021757
35 29 -0.058371
35 30 -0.090234
35 31 -0.069596
35 32 -0.074639
35 33 -0.044013
35 34 -0.063954
35 35 -0.027575
35 36 0.043700
35 37 0.018467
35 38 0.048430
35 39 0.020439
35 40 0.022322
35 41 0.019526
35 42 -0.000511
35 43 -0.013635
35 44 -0.026554
35 45 0.039233
35 46 0.055768
35 47 0.084253
35 48 0.000000
35 49 0.000000
35 50 0.000000
35 51 0.000000
35 52 0.000000
35 53 0.000000
35 54 0.000000
35 55 0.000000
35 56 0.000000
35 57 0.000000
35 58 0.000000
35 59 0.000000
35 60 0.000000
35 61 0.000000
35 62 0.000000
35 63 0.000000
36 0 0.000000
36 1 0.000000
36 2 0.000000
36 3 0.000000
36 4 0.000000
36 5 0.000000
36 6 0.000000
36 7 0.000000
36 8 0.000000
36 9 0.000000
36 10 0.000000
36 11 0.000000
36 12 0.000000
36 13 0.000000
36 14 0.000000
36 15 0.000000
36 16 -0.019354
36 17 -0.032170
36 18 -0.002868
36 19 0.120720
36 20 0.138850
36 21 -0.010348
36 22 -0.037652
36 23 0.002965
36 24 0.044978
36 25 0.085604
36 26 0.071183
36 27 0.019284
36 28 0.050921
36 29 0.024621
36 30 -0.036697
36 31 -0.046665
36 32 -0.057407
36 33 -0.037557
36 34 -0.024674
36 35 0.039508
36 36 0.061107
36 37 0.026238
36 38 0.049892
36 39 0.046537
36 40 0.038272
36 41 0.023945
36 42 0.019254
36 43 0.024225
36 44 -0.013010
36 45 0.028747
36 46 0.060588
36 47 0.107207
36 48 0.000000
36 49 0.000000
36 50 0.000000
36 51 0.000000
36 52 0.000000
36 53 0.000000
36 54 0.000000
36 55 0.000000
36 56 0.000000
36 57 0.000000
36 58 0.000000
36 59 0.000000
36 60 0.000000
36 61 0.000000
36 62 0.000000
36 63 0.000000
37 0 0.000000
37 1 0.000000
37 2 0.000000
37 3 0.000000
37 4 0.000000
37 5 0.000000
37 6 0.000000
37 7 0.000000
37 8 0.000000
37 9 0.000000
37 10 0.000000
37 11 0.000000
37 12 0.000000
37 13 0.000000
37 14 0.000000
37 15 0.000000
37 16 -0.107270
37 17 0.032607
37 18 -0.000124
37 19 0.067727
37 20 0.150315
37 21 0.006468
37 22 -0.053766
37 23 -0.033197
37 24 -0.027756
37 25 0.052937
37 26 0.071223
37 27 0.044884
37 28 0.011728
37 29 -0.002774
37 30 -0.017365
37 31 -0.011544
37 32 -0.022305
37 33 -0.022970
37 34 -0.025626
37 35 0.000876
37 36 0.021798
37 37 0.034586
37 38 0.034567
37 39 0.045821
37 40 0.029706
37 41 0.029213
37 42 0.023553
37 43 0.017619
37 44 -0.003430
37 45 0.019748
37 46 0.036382
37 47 0.091129
37 48 0.000000
37 49 0.000000
37 50 0.000000
37 51 0.000000
37 52 0.000000
37 53 0.000000
37 54 0.000000
37 55 0.000000
37 56 0.000000
37 57 0.000000
37 58 0.000000
37 59 0.000000
37 60 0.000000
37 61 0.000000
37 62 0.000000
37 63 0.000000
38 0 0.000000
38 1 0.000000
38 2 0.000000
38 3 0.000000
38 4 0.000000
38 5 0.000000
38 6 0.000000
38 7 0.000000
38 8 0.000000
38 9 0.000000
38 10 0.000000
38 11 0.000000
38 12 0.000000
38 13 0.000000
38 14 0.000000
38 15 0.000000
38 16 -0.080055
38 17 0.082375
38 18 0.023829
38 19 0.041440
38 20 0.140656
38 21 0.050548
38 22 -0.030919
38 23 -0.024273
38 24 -0.033254
38 25 0.002647
38 26 0.044205
38 27 0.070181
38 28 0.058558
38 29 0.029510
38 30 0.007649
38 31 -0.017069
38 32 -0.010462
38 33 -0.020564
38 34 0.003981
38 35 0.016683
38 36 0.026086
38 37 0.010565
38 38 0.013153
38 39 0.037312
38 40 0.047671
38 41 0.043431
38 42 0.031907
38 43 0.004013
38 44 -0.017978
38 45 0.025471
38 46 0.037245
38 47 0.085854
38 48 0.000000
38 49 0.000000
38 50 0.000000
38 51 0.000000
38 52 0.000000
38 53 0.000000
38 54 0.000000
38 55 0.000000
38 56 0.000000
38 57 0.000000
38 58 0.000000
38 59 0.000000
38 60 0.000000
38 61 0.000000
38 62 0.000000
38 63 0.000000
39 0 0.000000
39 1 0.000000
39 2 0.000000
39 3 0.000000
39 4 0.000000
39 5 0.000000
39 6 0.000000
39 7 0.000000
39 8 0.000000
39 9 0.000000
39 10 0.000000
39 11 0.000000
39 12 0.000000
39 13 0.000000
39 14 0.000000
39 15 0.000000
39 16 -0.098365
39 17 -0.118258
39 18 0.094130
39 19 -0.012219
39 20 0.095109
39 21 0.110525
39 22 0.017307
39 23 -0.018847
39 24 -0.024636
39 25 -0.021803
39 26 0.032392
39 27 0.093938
39 28 0.105791
39 29 0.038254
39 30 0.003055
39 31 -0.001828
39 32 0.024241
39 33 -0.013741
39 34 -0.011794
39 35 0.001509
39 36 0.048917
39 37 0.045555
39 38 0.038290
39 39 0.018595
39 40 0.028413
39 41 0.030488
39 42 0.028206
39 43 0.017206
39 44 -0.011432
39 45 0.024239
39 46 0.044264
39 47 -0.015824
39 48 0.000000
39 49 0.000000
39 50 0.000000
39 51 0.000000
39 52 0.000000
39 53 0.000000
39 54 0.000000
39 55 0.000000
39 56 0.000000
39 57 0.000000
39 58 0.000000
39 59 0.000000
39 60 0.000000
39 61 0.000000
39 62 0.000000
39 63 0.000000
40 0 0.000000
40 1 0.000000
40 2 0.000000
40 3 0.000000
40 4 0.000000
40 5 0.000000
40 6 0.000000
40 7 0.000000
40 8 0.000000
40 9 0.000000
40 10 0.000000
40 11 0.000000
40 12 0.000000
40 13 0.000000
40 14 0.000000
40 15 0.000000
40 16 0.191570
40 17 -0.060884
40 18 0.132234
40 19 -0.003631
40 20 0.033281
40 21 0.079325
40 22 0.035714
40 23 -0.015785
40 24 -0.004141
40 25 0.005205
40 26 0.022359
40 27 0.032704
40 28 0.082686
40 29 0.053737
40 30 0.035718
40 31 0.024694
40 32 -0.023624
40 33 0.014883
40 34 -0.003868
40 35 -0.005845
40 36 0.028867
40 37 0.021466
40 38 0.044483
40 39 0.023549
40 40 0.033564
40 41 0.026574
40 42 0.000515
40 43 -0.004134
40 44 -0.000593
40 45 0.044241
40 46 0.056253
40 47 -0.093192
40 48 0.000000
40 49 0.000000
40 50 0.000000
40 51 0.000000
40 52 0.000000
40 53 0.000000
40 54 0.000000
40 55 0.000000
40 56 0.000000
40 57 0.000000
40 58 0.000000
40 59 0.000000
40 60 0.000000
40 61 0.000000
40 62 0.000000
40 63 0.000000
41 0 0.000000
41 1 0.000000
41 2 0.000000
41 3 0.000000
41 4 0.000000
41 5 0.000000
41 6 0.000000
41 7 0.000000
41 8 0.000000
41 9 0.000000
41 10 0.000000
41 11 0.000000
41 12 0.000000
41 13 0.000000
41 14 0.000000
41 15 0.000000
41 16 0.017972
41 17 0.017548
41 18 -0.109940
41 19 0.050493
41 20 -0.005442
41 21 0.071995
41 22 0.112645
41 23 0.021659
41 24 -0.027369
41 25 -0.005958
41 26 0.034159
41 27 0.035951
41 28 0.059641
41 29 0.062007
41 30 0.068436
41 31 0.059642
41 32 -0.008052
41 33 0.034365
41 34 0.005345
41 35 0.004060
41 36 0.021403
41 37 0.018150
41 38 0.033518
41 39 0.008282
41 40 0.031484
41 41 0.049664
41 42 0.025767
41 43 0.023432
41 44 0.009609
41 45 0.040298
41 46 -0.154579
41 47 0.176426
41 48 0.000000
41 49 0.000000
41 50 0.000000
41 51 0.000000
41 52 0.000000
41 53 0.000000
41 54 0.000000
41 55 0.000000
41 56 0.000000
41 57 0.000000
41 58 0.000000
41 59 0.000000
41 60 0.000000
41 61 0.000000
41 62 0.000000
41 63 0.000000
42 0 0.000000
42 1 0.000000
42 2 0.000000
42 3 0.000000
42 4 0.000000
42 5 0.000000
42 6 0.000000
42 7 0.000000
42 8 0.000000
42 9 0.000000
42 10 0.000000
42 11 0.000000
42 12 0.000000
42 13 0.000000
42 14 0.000000
42 15 0.000000
42 16 0.040684
42 17 -0.157741
42 18 0.019597
42 19 0.115196
42 20 0.017207
42 21 0.023771
42 22 0.111330
42 23 0.069675
42 24 -0.016333
42 25 0.003026
42 26 0.018642
42 27 0.016095
42 28 0.050473
42 29 0.057353
42 30 0.070494
42 31 0.068776
42 32 0.022624
42 33 0.019168
42 34 0.003711
42 35 0.012329
42 36 0.024475
42 37 0.013236
42 38 0.030527
42 39 0.018787
42 40 0.033594
42 41 0.051564
42 42 0.038342
42 43 0.057826
42 44 0.037487
42 45 0.036707
42 46 0.149316
42 47 -0.157603
42 48 0.000000
42 49 0.000000
42 50 0.000000
42 51 0.000000
42 52 0.000000
42 53 0.000000
42 54 0.000000
42 55 0.000000
42 56 0.000000
42 57 0.000000
42 58 0.000000
42 59 0.000000
42 60 0.000000
42 61 0.000000
42 62 0.000000
42 63 0.000000
43 0 0.000000
43 1 0.000000
43 2 0.000000
43 3 0.000000
43 4 0.000000
43 5 0.000000
43 6 0.000000
43 7 0.000000
43 8 0.000000
43 9 0.000000
43 10 0.000000
43 11 0.000000
43 12 0.000000
43 13 0.000000
43 14 0.000000
43 15 0.000000
43 16 0.078398
43 17 -0.100082
43 18 -0.108862
43 19 0.071252
43 20 0.081344
43 21 0.003675
43 22 0.084901
43 23 0.088495
43 24 -0.009146
43 25 0.010178
43 26 0.016266
43 27 0.030648
43 28 0.055546
43 29 0.025459
43 30 0.029225
43 31 0.051093
43 32 0.067830
43 33 0.026057
43 34 0.005947
43 35 0.000265
43 36 0.038898
43 37 0.028615
43 38 0.031626
43 39 0.041222
43 40 0.039153
43 41 0.045555
43 42 0.044406
43 43 0.044887
43 44 0.013415
43 45 -0.041109
43 46 -0.079933
43 47 -0.125359
43 48 0.000000
43 49 0.000000
43 50 0.000000
43 51 0.000000
43 52 0.000000
43 53 0.000000
43 54 0.000000
43 55 0.000000
43 56 0.000000
43 57 0.000000
43 58 0.000000
43 59 0.000000
43 60 0.000000
43 61 0.000000
43 62 0.000000
43 63 0.000000
44 0 0.000000
44 1 0.000000
44 2 0.000000
44 3 0.000000
44 4 0.000000
44 5 0.000000
44 6 0.000000
44 7 0.000000
44 8 0.000000
44 9 0.000000
44 10 0.000000
44 11 0.000000
44 12 0.000000
44 13 0.000000
44 14 0.000000
44 15 0.000000
44 16 0.145246
44 17 0.026630
44 18 -0.098462
44 19 0.034851
44 20 0.046790
44 21 0.016651
44 22 0.051957
44 23 0.076232
44 24 -0.009988
44 25 -0.029539
44 26 -0.005050
44 27 0.017513
44 28 0.026533
44 29 0.014127
44 30 -0.011703
44 31 -0.015344
44 32 0.036610
44 33 0.023149
44 34 0.002111
44 35 -0.003859
44 36 0.026142
44 37 0.029503
44 38 0.021460
44 39 0.021485
44 40 0.028032
44 41 0.038736
44 42 0.063095
44 43 0.030947
44 44 0.102805
44 45 0.034597
44 46 0.284258
44 47 0.395992
44 48 0.000000
44 49 0.000000
44 50 0.000000
44 51 0.000000
44 52 0.000000
44 53 0.000000
44 54 0.000000
44 55 0.000000
44 56 0.000000
44 57 0.000000
44 58 0.000000
44 59 0.000000
44 60 0.000000
44 61 0.000000
44 62 0.000000
44 63 0.000000
45 0 0.000000
45 1 0.000000
45 2 0.000000
45 3 0.000000
45 4 0.000000
45 5 0.000000
45 6 0.000000
45 7 0.000000
45 8 0.000000
45 9 0.000000
45 10 0.000000
45 11 0.000000
45 12 0.000000
45 13 0.000000
45 14 0.000000
45 15 0.000000
45 16 0.226682
45 17 0.217540
45 18 0.205088
45 19 0.273721
45 20 0.079526
45 21 0.049304
45 22 0.018898
45 23 0.080036
45 24 0.013814
45 25 -0.051898
45 26 -0.027115
45 27 -0.038857
45 28 -0.035908
45 29 -0.029767
45 30 -0.043842
45 31 -0.044908
45 32 -0.034745
45 33 -0.011002
45 34 -0.013708
45 35 -0.004898
45 36 -0.000514
45 37 -0.009256
45 38 0.009049
45 39 0.012552
45 40 0.014544
45 41 0.006793
45 42 -0.017959
45 43 0.126611
45 44 0.193376
45 45 0.048499
45 46 0.055055
45 47 0.089329
45 48 0.000000
45 49 0.000000
45 50 0.000000
45 51 0.000000
45 52 0.000000
45 53 0.000000
45 54 0.000000
45 55 0.000000
45 56 0.000000
45 57 0.000000
45 58 0.000000
45 59 0.000000
45 60 0.000000
45 61 0.000000
45 62 0.000000
45 63 0.000000
46 0 0.000000
46 1 0.000000
46 2 0.000000
46 3 0.000000
46 4 0.000000
46 5 0.000000
46 6 0.000000
46 7 0.000000
46 8 0.000000
46 9 0.000000
46 10 0.000000
46 11 0.000000
46 12 0.000000
46 13 0.000000
46 14 0.000000
46 15 0.000000
46 16 0.184666
46 17 0.183274
46 18 0.170541
46 19 0.153373
46 20 -0.117637
46 21 0.093354
46 22 -0.249241
46 23 -0.006231
46 24 0.155231
46 25 0.049742
46 26 0.026181
46 27 0.006514
46 28 0.001123
46 29 -0.019172
46 30 -0.021801
46 31 0.003059
46 32 -0.015774
46 33 0.016119
46 34 0.015040
46 35 0.026569
46 36 0.030001
46 37 0.015058
46 38 0.040756
46 39 0.034974
46 40 0.012724
46 41 0.144100
46 42 0.206938
46 43 -0.101024
46 44 0.325822
46 45 0.053153
46 46 0.028184
46 47 0.060327
46 48 0.000000
46 49 0.000000
46 50 0.000000
46 51 0.000000
46 52 0.000000
46 53 0.000000
46 54 0.000000
46 55 0.000000
46 56 0.000000
46 57 0.000000
46 58 0.000000
46 59 0.000000
46 60 0.000000
46 61 0.000000
46 62 0.000000
46 63 0.000000
47 0 0.000000
47 1 0.000000
47 2 0.000000
47 3 0.000000
47 4 0.000000
47 5 0.000000
47 6 0.000000
47 7 0.000000
47 8 0.000000
47 9 0.000000
47 10 0.000000
47 11 0.000000
47 12 0.000000
47 13 0.000000
47 14 0.000000
47 15 0.000000
47 16 0.189403
47 17 0.190419
47 18 0.177663
47 19 0.163060
47 20 0.025422
47 21 0.226396
47 22 0.223420
47 23 0.034517
47 24 0.085437
47 25 0.030135
47 26 0.143059
47 27 0.095875
47 28 0.110481
47 29 0.059213
47 30 0.048584
47 31 0.064208
47 32 0.035095
47 33 0.054043
47 34 0.057475
47 35 0.088345
47 36 0.105942
47 37 0.043665
47 38 0.035123
47 39 0.167974
47 40 0.110912
47 41 -0.196337
47 42 -0.030838
47 43 -0.052756
47 44 0.368246
47 45 0.046459
47 46 0.022987
47 47 0.053483
47 48 0.000000
47 49 0.000000
47 50 0.000000
47 51 0.000000
47 52 0.000000
47 53 0.000000
47 54 0.000000
47 55 0.000000
47 56 0.000000
47 57 0.000000
47 58 0.000000
47 59 0.000000
47 60 0.000000
47 61 0.000000
47 62 0.000000
47 63 0.000000
48 0 0.000000
48 1 0.000000
48 2 0.000000
48 3 0.000000
48 4 0.000000
48 5 0.000000
48 6 0.000000
48 7 0.000000
48 8 0.000000
48 9 0.000000
48 10 0.000000
48 11 0.000000
48 12 0.000000
48 13 0.000000
48 14 0.000000
48 15 0.000000
48 16 0.000000
48 17 0.000000
48 18 0.000000
48 19 0.000000
48 20 0.000000
48 21 0.000000
48 22 0.000000
48 23 0.000000
48 24 0.000000
48 25 0.000000
48 26 0.000000
48 27 0.000000
48 28 0.000000
48 29 0.000000
48 30 0.000000
48 31 0.000000
48 32 0.000000
48 33 0.000000
48 34 0.000000
48 35 0.000000
48 36 0.000000
48 37 0.000000
48 38 0.000000
48 39 0.000000
48 40 0.000000
48 41 0.000000
48 42 0.000000
48 43 0.000000
48 44 0.000000
48 45 0.000000
48 46 0.000000
48 47 0.000000
48 48 0.000000
48 49 0.000000
48 50 0.000000
48 51 0.000000
48 52 0.000000
48 53 0.000000
48 54 0.000000
48 55 0.000000
48 56 0.000000
48 57 0.000000
48 58 0.000000
48 59 0.000000
48 60 0.000000
48 61 0.000000
48 62 0.000000
48 63 0.000000
49 0 0.000000
49 1 0.000000
49 2 0.000000
49 3 0.000000
49 4 0.000000
49 5 0.000000
49 6 0.000000
49 7 0.000000
49 8 0.000000
49 9 0.000000
49 10 0.000000
49 11 0.000000
49 12 0.000000
49 13 0.000000
49 14 0.000000
49 15 0.000000
49 16 0.000000
49 17 0.000000
49 18 0.000000
49 19 0.000000
49 20 0.000000
49 21 0.000000
49 22 0.000000
49 23 0.000000
49 24 0.000000
49 25 0.000000
49 26 0.000000
49 27 0.000000
49 28 0.000000
49 29 0.000000
49 30 0.000000
49 31 0.000000
49 32 0.000000
49 33 0.000000
49 34 0.000000
49 35 0.000000
49 36 0.000000
49 37 0.000000
49 38 0.000000
49 39 0.000000
49 40 0.000000
49 41 0.000000
49 42 0.000000
49 43 0.000000
49 44 0.000000
49 45 0.000000
49 46 0.000000
49 47 0.000000
49 48 0.000000
49 49 0.000000
49 50 0.000000
49 51 0.000000
49 52 0.000000
49 53 0.000000
49 54 0.000000
49 55 0.000000
49 56 0.000000
49 57 0.000000
49 58 0.000000
49 59 0.000000
49 60 0.000000
49 61 0.000000
49 62 0.000000
49 63 0.000000
50 0 0.000000
50 1 0.000000
50 2 0.000000
50 3 0.000000
50 4 0.000000
50 5 0.000000
50 6 0.000000
50 7 0.000000
50 8 0.000000
50 9 0.000000
50 10 0.000000
50 11 0.000000
50 12 0.000000
50 13 0.000000
50 14 0.000000
50 15 0.000000
50 16 0.000000
50 17 0.000000
50 18 0.000000
50 19 0.000000
50 20 0.000000
50 21 0.000000
50 22 0.000000
50 23 0.000000
50 24 0.000000
50 25 0.000000
50 26 0.000000
50 27 0.000000
50 28 0.000000
50 29 0.000000
50 30 0.000000
50 31 0.000000
50 32 0.000000
50 33 0.000000
50 34 0.000000
50 35 0.000000
50 36 0.000000
50 37 0.000000
50 38 0.000000
50 39 0.000000
50 40 0.000000
50 41 0.000000
50 42 0.000000
50 43 0.000000
50 44 0.000000
50 45 0.000000
50 46 0.000000
50 47 0.000000
50 48 0.000000
50 49 0.000000
50 50 0.000000
50 51 0.000000
50 52 0.000000
50 53 0.000000
50 54 0.000000
50 55 0.000000
50 56 0.000000
50 57 0.000000
50 58 0.000000
50 59 0.000000
50 60 0.000000
50 61 0.000000
50 62 0.000000
50 63 0.000000
51 0 0.000000
51 1 0.000000
51 2 0.000000
51 3 0.000000
51 4 0.000000
51 5 0.000000
51 6 0.000000
51 7 0.000000
51 8 0.000000
51 9 0.000000
51 10 0.000000
51 11 0.000000
51 12 0.000000
51 13 0.000000
51 14 0.000000
51 15 0.000000
51 16 0.000000
51 17 0.000000
51 18 0.000000
51 19 0.000000
51 20 0.000000
51 21 0.000000
51 22 0.000000
51 23 0.000000
51 24 0.000000
51 25 0.000000
51 26 0.000000
51 27 0.000000
51 28 0.000000
51 29 0.000000
51 30 0.000000
51 31 0.000000
51 32 0.000000
51 33 0.000000
51 34 0.000000
51 35 0.000000
51 36 0.000000
51 37 0.000000
51 38 0.000000
51 39 0.000000
51 40 0.000000
51 41 0.000000
51 42 0.000000
51 43 0.000000
51 44 0.000000
51 45 0.000000
51 46 0.000000
51 47 0.000000
51 48 0.000000
51 49 0.000000
51 50 0.000000
51 51 0.000000
51 52 0.000000
51 53 0.000000
51 54 0.000000
51 55 0.000000
51 56 0.000000
51 57 0.000000
51 58 0.000000
51 59 0.000000
51 60 0.000000
51 61 0.000000
51 62 0.000000
51 63 0.000000
52 0 0.000000
52 1 0.000000
52 2 0.000000
52 3 0.000000
52 4 0.000000
52 5 0.000000
52 6 0.000000
52 7 0.000000
52 8 0.000000
52 9 0.000000
52 10 0.000000
52 11 0.000000
52 12 0.000000
52 13 0.000000
52 14 0.000000
52 15 0.000000
52 16 0.000000
52 17 0.000000
52 18 0.000000
52 19 0.000000
52 20 0.000000
52 21 0.000000
52 22 0.000000
52 23 0.000000
52 24 0.000000
52 25 0.000000
52 26 0.000000
52 27 0.000000
52 28 0.000000
52 29 0.000000
52 30 0.000000
52 31 0.000000
52 32 0.000000
52 33 0.000000
52 34 0.000000
52 35 0.000000
52 36 0.000000
52 37 0.000000
52 38 0.000000
52 39 0.000000
52 40 0.000000
52 41 0.000000
52 42 0.000000
52 43 0.000000
52 44 0.000000
52 45 0.000000
52 46 0.000000
52 47 0.000000
52 48 0.000000
52 49 0.000000
52 50 0.000000
52 51 0.000000
52 52 0.000000
52 53 0.000000
52 54 0.000000
52 55 0.000000
52 56 0.000000
52 57 0.000000
52 58 0.000000
52 59 0.000000
52 60 0.000000
52 61 0.000000
52 62 0.000000
52 63 0.000000
53 0 0.000000
53 1 0.000000
53 2 0.000000
53 3 0.000000
53 4 0.000000
53 5 0.000000
53 6 0.000000
53 7 0.000000
53 8 0.000000
53 9 0.000000
53 10 0.000000
53 11 0.000000
53 12 0.000000
53 13 0.000000
53 14 0.000000
53 15 0.000000
53 16 0.000000
53 17 0.000000
53 18 0.000000
53 19 0.000000
53 20 0.000000
53 21 0.000000
53 22 0.000000
53 23 0.000000
53 24 0.000000
53 25 0.000000
53 26 0.000000
53 27 0.000000
53 28 0.000000
53 29 0.000000
53 30 0.000000
53 31 0.000000
53 32 0.000000
53 33 0.000000
53 34 0.000000
53 35 0.000000
53 36 0.000000
53 37 0.000000
53 38 0.000000
53 39 0.000000
53 40 0.000000
53 41 0.000000
53 42 0.000000
53 43 0.000000
53 44 0.000000
53 45 0.000000
53 46 0.000000
53 47 0.000000
53 48 0.000000
53 49 0.000000
53 50 0.000000
53 51 0.000000
53 52 0.000000
53 53 0.000000
53 54 0.000000
53 55 0.000000
53 56 0.000000
53 57 0.000000
53 58 0.000000
53 59 0.000000
53 60 0.000000
53 61 0.000000
53 62 0.000000
53 63 0.000000
54 0 0.000000
54 1 0.000000
54 2 0.000000
54 3 0.000000
54 4 0.000000
54 5 0.000000
54 6 0.000000
54 7 0.000000
54 8 0.000000
54 9 0.000000
54 10 0.000000
54 11 0.000000
54 12 0.000000
54 13 0.000000
54 14 0.000000
54 15 0.000000
54 16 0.000000
54 17 0.000000
54 18 0.000000
54 19 0.000000
54 20 0.000000
54 21 0.000000
54 22 0.000000
54 23 0.000000
54 24 0.000000
54 25 0.000000
54 26 0.000000
54 27 0.000000
54 28 0.000000
54 29 0.000000
54 30 0.000000
54 31 0.000000
54 32 0.000000
54 33 0.000000
54 34 0.000000
54 35 0.000000
54 36 0.000000
54 37 0.000000
54 38 0.000000
54 39 0.000000
54 40 0.000000
54 41 0.000000
54 42 0.000000
54 43 0.000000
54 44 0.000000
54 45 0.000000
54 46 0.000000
54 47 0.000000
54 48 0.000000
54 49 0.000000
54 50 0.000000
54 51 0.000000
54 52 0.000000
54 53 0.000000
54 54 0.000000
54 55 0.000000
54 56 0.000000
54 57 0.000000
54 58 0.000000
54 59 0.000000
54 60 0.000000
54 61 0.000000
54 62 0.000000
54 63 0.000000
55 0 0.000000
55 1 0.000000
55 2 0.000000
55 3 0.000000
55 4 0.000000
55 5 0.000000
55 6 0.000000
55 7 0.000000
55 8 0.000000
55 9 0.000000
55 10 0.000000
55 11 0.000000
55 12 0.000000
55 13 0.000000
55 14 0.000000
55 15 0.000000
55 16 0.000000
55 17 0.000000
55 18 0.000000
55 19 0.000000
55 20 0.000000
55 21 0.000000
55 22 0.000000
55 23 0.000000
55 24 0.000000
55 25 0.000000
55 26 0.000000
55 27 0.000000
55 28 0.000000
55 29 0.000000
55 30 0.000000
55 31 0.000000
55 32 0.000000
55 33 0.000000
55 34 0.000000
55 35 0.000000
55 36 0.000000
55 37 0.000000
55 38 0.000000
55 39 0.000000
55 40 0.000000
55 41 0.000000
55 42 0.000000
55 43 0.000000
55 44 0.000000
55 45 0.000000
55 46 0.000000
55 47 0.000000
55 48 0.000000
55 49 0.000000
55 50 0.000000
55 51 0.000000
55 52 0.000000
55 53 0.000000
55 54 0.000000
55 55 0.000000
55 56 0.000000
55 57 0.000000
55 58 0.000000
55 59 0.000000
55 60 0.000000
55 61 0.000000
55 62 0.000000
55 63 0.000000
56 0 0.000000
56 1 0.000000
56 2 0.000000
56 3 0.000000
56 4 0.000000
56 5 0.000000
56 6 0.000000
56 7 0.000000
56 8 0.000000
56 9 0.000000
56 10 0.000000
56 11 0.000000
56 12 0.000000
56 13 0.000000
56 14 0.000000
56 15 0.000000
56 16 0.000000
56 17 0.000000
56 18 0.000000
56 19 0.000000
56 20 0.000000
56 21 0.000000
56 22 0.000000
56 23 0.000000
56 24 0.000000
56 25 0.000000
56 26 0.000000
56 27 0.000000
56 28 0.000000
56 29 0.000000
56 30 0.000000
56 31 0.000000
56 32 0.000000
56 33 0.000000
56 34 0.000000
56 35 0.000000
56 36 0.000000
56 37 0.000000
56 38 0.000000
56 39 0.000000
56 40 0.000000
56 41 0.000000
56 42 0.000000
56 43 0.000000
56 44 0.000000
56 45 0.000000
56 46 0.000000
56 47 0.000000
56 48 0.000000
56 49 0.000000
56 50 0.000000
56 51 0.000000
56 52 0.000000
56 53 0.000000
56 54 0.000000
56 55 0.000000
56 56 0.000000
56 57 0.000000
56 58 0.000000
56 59 0.000000
56 60 0.000000
56 61 0.000000
56 62 0.000000
56 63 0.000000
57 0 0.000000
57 1 0.000000
57 2 0.000000
57 3 0.000000
57 4 0.000000
57 5 0.000000
57 6 0.000000
57 7 0.000000
57 8 0.000000
57 9 0.000000
57 10 0.000000
57 11 0.000000
57 12 0.000000
57 13 0.000000
57 14 0.000000
57 15 0.000000
57 16 0.000000
57 17 0.000000
57 18 0.000000
57 19 0.000000
57 20 0.000000
57 21 0.000000
57 22 0.000000
57 23 0.000000
57 24 0.000000
57 25 0.000000
57 26 0.000000
57 27 0.000000
57 28 0.000000
57 29 0.000000
57 30 0.000000
57 31 0.000000
57 32 0.000000
57 33 0.000000
57 34 0.000000
57 35 0.000000
57 36 0.000000
57 37 0.000000
57 38 0.000000
57 39 0.000000
57 40 0.000000
57 41 0.000000
57 42 0.000000
57 43 0.000000
57 44 0.000000
57 45 0.000000
57 46 0.000000
57 47 0.000000
57 48 0.000000
57 49 0.000000
57 50 0.000000
57 51 0.000000
57 52 0.000000
57 53 0.000000
57 54 0.000000
57 55 0.000000
57 56 0.000000
57 57 0.000000
57 58 0.000000
57 59 0.000000
57 60 0.000000
57 61 0.000000
57 62 0.000000
57 63 0.000000
58 0 0.000000
58 1 0.000000
58 2 0.000000
58 3 0.000000
58 4 0.000000
58 5 0.000000
58 6 0.000000
58 7 0.000000
58 8 0.000000
58 9 0.000000
58 10 0.000000
58 11 0.000000
58 12 0.000000
58 13 0.000000
58 14 0.000000
58 15 0.000000
58 16 0.000000
58 17 0.000000
58 18 0.000000
58 19 0.000000
58 20 0.000000
58 21 0.000000
58 22 0.000000
58 23 0.000000
58 24 0.000000
58 25 0.000000
58 26 0.000000
58 27 0.000000
58 28 0.000000
58 29 0.000000
58 30 0.000000
58 31 0.000000
58 32 0.000000
58 33 0.000000
58 34 0.000000
58 35 0.000000
58 36 0.000000
58 37 0.000000
58 38 0.000000
58 39 0.000000
58 40 0.000000
58 41 0.000000
58 42 0.000000
58 43 0.000000
58 44 0.000000
58 45 0.000000
58 46 0.000000
58 47 0.000000
58 48 0.000000
58 49 0.000000
58 50 0.000000
58 51 0.000000
58 52 0.000000
58 53 0.000000
58 54 0.000000
58 55 0.000000
58 56 0.000000
58 57 0.000000
58 58 0.000000
58 59 0.000000
58 60 0.000000
58 61 0.000000
58 62 0.000000
58 63 0.000000
59 0 0.000000
59 1 0.000000
59 2 0.000000
59 3 0.000000
59 4 0.000000
59 5 0.000000
59 6 0.000000
59 7 0.000000
59 8 0.000000
59 9 0.000000
59 10 0.000000
59 11 0.000000
59 12 0.000000
59 13 0.000000
59 14 0.000000
59 15 0.000000
59 16 0.000000
59 17 0.000000
59 18 0.000000
59 19 0.000000
59 20 0.000000
59 21 0.000000
59 22 0.000000
59 23 0.000000
59 24 0.000000
59 25 0.000000
59 26 0.000000
59 27 0.000000
59 28 0.000000
59 29 0.000000
59 30 0.000000
59 31 0.000000
59 32 0.000000
59 33 0.000000
59 34 0.000000
59 35 0.000000
59 36 0.000000
59 37 0.000000
59 38 0.000000
59 39 0.000000
59 40 0.000000
59 41 0.000000
59 42 0.000000
59 43 0.000000
59 44 0.000000
59 45 0.000000
59 46 0.000000
59 47 0.000000
59 48 0.000000
59 49 0.000000
59 50 0.000000
59 51 0.000000
59 52 0.000000
59 53 0.000000
59 54 0.000000
59 55 0.000000
59 56 0.000000
59 57 0.000000
59 58 0.000000
59 59 0.000000
59 60 0.000000
59 61 0.000000
59 62 0.000000
59 63 0.000000
60 0 0.000000
60 1 0.000000
60 2 0.000000
60 3 0.000000
60 4 0.000000
60 5 0.000000
60 6 0.000000
60 7 0.000000
60 8 0.000000
60 9 0.000000
60 10 0.000000
60 11 0.000000
60 12 0.000000
60 13 0.000000
60 14 0.000000
60 15 0.000000
60 16 0.000000
60 17 0.000000
60 18 0.000000
60 19 0.000000
60 20 0.000000
60 21 0.000000
60 22 0.000000
60 23 0.000000
60 24 0.000000
60 25 0.000000
60 26 0.000000
60 27 0.000000
60 28 0.000000
60 29 0.000000
60 30 0.000000
60 31 0.000000
60 32 0.000000
60 33 0.000000
60 34 0.000000
60 35 0.000000
60 36 0.000000
60 37 0.000000
60 38 0.000000
60 39 0.000000
60 40 0.000000
60 41 0.000000
60 42 0.000000
60 43 0.000000
60 44 0.000000
60 45 0.000000
60 46 0.000000
60 47 0.000000
60 48 0.000000
60 49 0.000000
60 50 0.000000
60 51 0.000000
60 52 0.000000
60 53 0.000000
60 54 0.000000
60 55 0.000000
60 56 0.000000
60 57 0.000000
60 58 0.000000
60 59 0.000000
60 60 0.000000
60 61 0.000000
60 62 0.000000
60 63 0.000000
61 0 0.000000
61 1 0.000000
61 2 0.000000
61 3 0.000000
61 4 0.000000
61 5 0.000000
61 6 0.000000
61 7 0.000000
61 8 0.000000
61 9 0.000000
61 10 0.000000
61 11 0.000000
61 12 0.000000
61 13 0.000000
61 14 0.000000
61 15 0.000000
61 16 0.000000
61 17 0.000000
61 18 0.000000
61 19 0.000000
61 20 0.000000
61 21 0.000000
61 22 0.000000
61 23 0.000000
61 24 0.000000
61 25 0.000000
61 26 0.000000
61 27 0.000000
61 28 0.000000
61 29 0.000000
61 30 0.000000
61 31 0.000000
61 32 0.000000
61 33 0.000000
61 34 0.000000
61 35 0.000000
61 36 0.000000
61 37 0.000000
61 38 0.000000
61 39 0.000000
61 40 0.000000
61 41 0.000000
61 42 0.000000
61 43 0.000000
61 44 0.000000
61 45 0.000000
61 46 0.000000
61 47 0.000000
61 48 0.000000
61 49 0.000000
61 50 0.000000
61 51 0.000000
61 52 0.000000
61 53 0.000000
61 54 0.000000
61 55 0.000000
61 56 0.000000
61 57 0.000000
61 58 0.000000
61 59 0.000000
61 60 0.000000
61 61 0.000000
61 62 0.000000
61 63 0.000000
62 0 0.000000
62 1 0.000000
62 2 0.000000
62 3 0.000000
62 4 0.000000
62 5 0.000000
62 6 0.000000
62 7 0.000000
62 8 0.000000
62 9 0.000000
62 10 0.000000
62 11 0.000000
62 12 0.000000
62 13 0.000000
62 14 0.000000
62 15 0.000000
62 16 0.000000
62 17 0.000000
62 18 0.000000
62 19 0.000000
62 20 0.000000
62 21 0.000000
62 22 0.000000
62 23 0.000000
62 24 0.000000
62 25 0.000000
62 26 0.000000
62 27 0.000000
62 28 0.000000
62 29 0.000000
62 30 0.000000
62 31 0.000000
62 32 0.000000
62 33 0.000000
62 34 0.000000
62 35 0.000000
62 36 0.000000
62 37 0.000000
62 38 0.000000
62 39 0.000000
62 40 0.000000
62 41 0.000000
62 42 0.000000
62 43 0.000000
62 44 0.000000
62 45 0.000000
62 46 0.000000
62 47 0.000000
62 48 0.000000
62 49 0.000000
62 50 0.000000
62 51 0.000000
62 52 0.000000
62 53 0.000000
62 54 0.000000
62 55 0.000000
62 56 0.000000
62 57 0.000000
62 58 0.000000
62 59 0.000000
62 60 0.000000
62 61 0.000000
62 62 0.000000
62 63 0.000000
63 0 0.000000
63 1 0.000000
63 2 0.000000
63 3 0.000000
63 4 0.000000
63 5 0.000000
63 6 0.000000
63 7 0.000000
63 8 0.000000
63 9 0.000000
63 10 0.000000
63 11 0.000000
63 12 0.000000
63 13 0.000000
63 14 0.000000
63 15 0.000000
63 16 0.000000
63 17 0.000000
63 18 0.000000
63 19 0.000000
63 20 0.000000
63 21 0.000000
63 22 0.000000
63 23 0.000000
63 24 0.000000
63 25 0.000000
63 26 0.000000
63 27 0.000000
63 28 0.000000
63 29 0.000000
63 30 0.000000
63 31 0.000000
63 32 0.000000
63 33 0.000000
63 34 0.000000
63 35 0.000000
63 36 0.000000
63 37 0.000000
63 38 0.000000
63 39 0.000000
63 40 0.000000
63 41 0.000000
63 42 0.000000
63 43 0.000000
63 44 0.000000
63 45 0.000000
63 46 0.000000
63 47 0.000000
63 48 0.000000
63 49 0.000000
63 50 0.000000
63 51 0.000000
63 52 0.000000
63 53 0.000000
63 54 0.000000
63 55 0.000000
63 56 0.000000
63 57 0.000000
63 58 0.000000
63 59 0.000000
63 60 0.000000
63 61 0.000000
63 62 0.000000
63 63 0.000000
