0 0 2.699997
0 1 3.050001
0 2 3.050001
0 3 3.050001
0 4 3.050001
0 5 3.050001
0 6 3.050001
0 7 3.050001
0 8 3.050001
0 9 3.050001
0 10 3.050001
0 11 3.050001
0 12 3.050001
0 13 3.050001
0 14 3.050001
0 15 3.050001
0 16 3.050001
0 17 3.050000
0 18 3.050001
0 19 3.050001
0 20 3.050001
0 21 3.050000
0 22 3.050000
0 23 3.050001
0 24 3.050001
0 25 3.050001
0 26 3.050001
0 27 3.050001
0 28 3.050000
0 29 3.050001
0 30 3.050000
0 31 3.050001
1 0 4.266548
1 1 4.283519
1 2 4.346282
1 3 4.357595
1 4 4.422297
1 5 4.439267
1 6 4.456239
1 7 4.473208
1 8 4.490179
1 9 4.607151
1 10 4.624121
1 11 4.641090
1 12 4.658062
1 13 4.675032
1 14 4.740624
1 15 4.751939
1 16 4.813812
1 17 4.830783
1 18 4.847754
1 19 4.864725
1 20 4.881695
1 21 4.898666
1 22 5.015635
1 23 5.032606
1 24 5.049578
1 25 5.066547
1 26 5.083518
1 27 5.146281
1 28 5.157597
1 29 5.222298
1 30 5.239268
1 31 5.256238
2 0 3.080669
2 1 3.020734
2 2 3.009419
2 3 2.998106
2 4 2.986792
2 5 2.975478
2 6 2.917438
2 7 2.911782
2 8 2.906124
2 9 2.900467
2 10 2.894810
2 11 2.889153
2 12 2.883497
2 13 2.826390
2 14 2.815076
2 15 2.803763
2 16 2.792449
2 17 2.781135
2 18 2.669821
2 19 2.658508
2 20 2.647193
2 21 2.635880
2 22 2.624566
2 23 2.613252
2 24 2.601939
2 25 2.590625
2 26 2.525033
2 27 2.508062
2 28 2.491092
2 29 2.474121
2 30 2.457151
2 31 2.340180
3 0 0.000000
3 1 0.000000
3 2 0.000000
3 3 0.000000
3 4 0.000000
3 5 0.000000
3 6 0.000000
3 7 0.000000
3 8 0.000000
3 9 0.000000
3 10 0.000000
3 11 0.000000
3 12 0.000000
3 13 0.000000
3 14 0.000000
3 15 0.000000
3 16 0.000000
3 17 0.000000
3 18 0.000000
3 19 0.000000
3 20 0.000000
3 21 0.000000
3 22 0.000000
3 23 0.000000
3 24 0.000000
3 25 0.000000
3 26 0.000000
3 27 0.000000
3 28 0.000000
3 29 0.000000
3 30 0.000000
3 31 0.000000
4 0 0.000000
4 1 0.000000
4 2 0.000000
4 3 0.000000
4 4 0.000000
4 5 0.000000
4 6 0.000000
4 7 0.000000
4 8 0.000000
4 9 0.000000
4 10 0.000000
4 11 0.000000
4 12 0.000000
4 13 0.000000
4 14 0.000000
4 15 0.000000
4 16 0.000000
4 17 0.000000
4 18 0.000000
4 19 0.000000
4 20 0.000000
4 21 0.000000
4 22 0.000000
4 23 0.000000
4 24 0.000000
4 25 0.000000
4 26 0.000000
4 27 0.000000
4 28 0.000000
4 29 0.000000
4 30 0.000000
4 31 0.000000
5 0 0.000000
5 1 0.000000
5 2 0.000000
5 3 0.000000
5 4 0.000000
5 5 0.000000
5 6 0.000000
5 7 0.000000
5 8 0.000000
5 9 0.000000
5 10 0.000000
5 11 0.000000
5 12 0.000000
5 13 0.000000
5 14 0.000000
5 15 0.000000
5 16 0.000000
5 17 0.000000
5 18 0.000000
5 19 0.000000
5 20 0.000000
5 21 0.000000
5 22 0.000000
5 23 0.000000
5 24 0.000000
5 25 0.000000
5 26 0.000000
5 27 0.000000
5 28 0.000000
5 29 0.000000
5 30 0.000000
5 31 0.000000
6 0 0.000000
6 1 0.000000
6 2 0.000000
6 3 0.000000
6 4 0.000000
6 5 0.000000
6 6 0.000000
6 7 0.000000
6 8 0.000000
6 9 0.000000
6 10 0.000000
6 11 0.000000
6 12 0.000000
6 13 0.000000
6 14 0.000000
6 15 0.000000
6 16 0.000000
6 17 0.000000
6 18 0.000000
6 19 0.000000
6 20 0.000000
6 21 0.000000
6 22 0.000000
6 23 0.000000
6 24 0.000000
6 25 0.000000
6 26 0.000000
6 27 0.000000
6 28 0.000000
6 29 0.000000
6 30 0.000000
6 31 0.000000
7 0 0.000000
7 1 0.000000
7 2 0.000000
7 3 0.000000
7 4 0.000000
7 5 0.000000
7 6 0.000000
7 7 0.000000
7 8 0.000000
7 9 0.000000
7 10 0.000000
7 11 0.000000
7 12 0.000000
7 13 0.000000
7 14 0.000000
7 15 0.000000
7 16 0.000000
7 17 0.000000
7 18 0.000000
7 19 0.000000
7 20 0.000000
7 21 0.000000
7 22 0.000000
7 23 0.000000
7 24 0.000000
7 25 0.000000
7 26 0.000000
7 27 0.000000
7 28 0.000000
7 29 0.000000
7 30 0.000000
7 31 0.000000
8 0 0.000000
8 1 0.000000
8 2 0.000000
8 3 0.000000
8 4 0.000000
8 5 0.000000
8 6 0.000000
8 7 0.000000
8 8 9563150686398964287143936.000000
8 9 480285409483407033892864.000000
8 10 -556850710431565627785216.000000
8 11 41985190728446542660763648.000000
8 12 -401063561215852150784000.000000
8 13 574847166600132167729152.000000
8 14 -341318520328778999136256.000000
8 15 -1061041370852243330301952.000000
8 16 -1025014519388318386356224.000000
8 17 -797003106919667246039040.000000
8 18 -957665456775204813406208.000000
8 19 -4164739279804726874472448.000000
8 20 -1124928858705368883134464.000000
8 21 41462285485875116428492800.000000
8 22 -5519873416486825651863552.000000
8 23 -3084873799258797363953664.000000
8 24 0.000000
8 25 0.000000
8 26 0.000000
8 27 0.000000
8 28 0.000000
8 29 0.000000
8 30 0.000000
8 31 0.000000
9 0 0.000000
9 1 0.000000
9 2 0.000000
9 3 0.000000
9 4 0.000000
9 5 0.000000
9 6 0.000000
9 7 0.000000
9 8 5385558061200127979159552.000000
9 9 331970380567847551107072.000000
9 10 2598432869804700336128000.000000
9 11 1793815581038233320947712.000000
9 12 1563948397292729384566784.000000
9 13 181213247732748652642304.000000
9 14 -84888916829859527786496.000000
9 15 -731893882559628625051648.000000
9 16 -714744463408977927995392.000000
9 17 -580201730384293573689344.000000
9 18 -604094515357795680780288.000000
9 19 -1887719019975827945160704.000000
9 20 -3412328870840243255771136.000000
9 21 -1703476975392883067584512.000000
9 22 -2648979830870426024673280.000000
9 23 -1530058557895187269419008.000000
9 24 0.000000
9 25 0.000000
9 26 0.000000
9 27 0.000000
9 28 0.000000
9 29 0.000000
9 30 0.000000
9 31 0.000000
10 0 0.000000
10 1 0.000000
10 2 0.000000
10 3 0.000000
10 4 0.000000
10 5 0.000000
10 6 0.000000
10 7 0.000000
10 8 5376860997830126228996096.000000
10 9 321777869919979663523840.000000
10 10 2238643538165803117445120.000000
10 11 2152736474553785432145920.000000
10 12 662647903783466599186432.000000
10 13 85811190983150222180352.000000
10 14 -267274064236044766674944.000000
10 15 -742090392403965617635328.000000
10 16 -630242234650323685736448.000000
10 17 -688860871227395947888640.000000
10 18 -540542239432134568706048.000000
10 19 -1738679848268984305582080.000000
10 20 -1993791545394547839205376.000000
10 21 -3905288706711763548110848.000000
10 22 -2876117761184149402550272.000000
10 23 -1504600177576023102062592.000000
10 24 0.000000
10 25 0.000000
10 26 0.000000
10 27 0.000000
10 28 0.000000
10 29 0.000000
10 30 0.000000
10 31 0.000000
11 0 0.000000
11 1 0.000000
11 2 0.000000
11 3 0.000000
11 4 0.000000
11 5 0.000000
11 6 0.000000
11 7 0.000000
11 8 44240867817151783487143936.000000
11 9 1934292148845549983891456.000000
11 10 1929049958879290726547456.000000
11 11 1026617656740474207076352.000000
11 12 478559738192589716717568.000000
11 13 150552128980060993486848.000000
11 14 -252018516815094420078592.000000
11 15 -741059968809223248150528.000000
11 16 -580432134541229848264704.000000
11 17 -650430754887118031421440.000000
11 18 -548724235119953209982976.000000
11 19 -1832437442636246163652608.000000
11 20 -1665531590487698292342784.000000
11 21 -3184891180935322097680384.000000
11 22 -4025437539010604588597248.000000
11 23 -2416456604208684064571392.000000
11 24 0.000000
11 25 0.000000
11 26 0.000000
11 27 0.000000
11 28 0.000000
11 29 0.000000
11 30 0.000000
11 31 0.000000
12 0 0.000000
12 1 0.000000
12 2 0.000000
12 3 0.000000
12 4 0.000000
12 5 0.000000
12 6 0.000000
12 7 0.000000
12 8 7721099175450989702414336.000000
12 9 2548877997693688839405568.000000
12 10 828518072132907332272128.000000
12 11 875346429000711711752192.000000
12 12 450807872741589360050176.000000
12 13 226963190648181402632192.000000
12 14 -214122311217840530653184.000000
12 15 -712258404357075376275456.000000
12 16 -668339661078928488923136.000000
12 17 -629487431352776390606848.000000
12 18 -471829270679071095783424.000000
12 19 -1926460497179943748239360.000000
12 20 -1596574778836410471284736.000000
12 21 -3315739701257666981527552.000000
12 22 -3050992030311787496734720.000000
12 23 -2190933916922914879307776.000000
12 24 0.000000
12 25 0.000000
12 26 0.000000
12 27 0.000000
12 28 0.000000
12 29 0.000000
12 30 0.000000
12 31 0.000000
13 0 0.000000
13 1 0.000000
13 2 0.000000
13 3 0.000000
13 4 0.000000
13 5 0.000000
13 6 0.000000
13 7 0.000000
13 8 8478771518162498970714112.000000
13 9 1898372014678395211218944.000000
13 10 1029301297715228757196800.000000
13 11 800845650179333791154176.000000
13 12 466828725854418029772800.000000
13 13 253529294346092126666752.000000
13 14 -313532787808580816338944.000000
13 15 -493366997306631604142080.000000
13 16 -528664373717313584627712.000000
13 17 -590104677590520047861760.000000
13 18 -807464788710063813427200.000000
13 19 -2040068661667962069975040.000000
13 20 -1999331477339371814780928.000000
13 21 -3579337044772324984750080.000000
13 22 -2140658324756336027369472.000000
13 23 -1059874326059205049450496.000000
13 24 0.000000
13 25 0.000000
13 26 0.000000
13 27 0.000000
13 28 0.000000
13 29 0.000000
13 30 0.000000
13 31 0.000000
14 0 0.000000
14 1 0.000000
14 2 0.000000
14 3 0.000000
14 4 0.000000
14 5 0.000000
14 6 0.000000
14 7 0.000000
14 8 7375183524737778976817152.000000
14 9 1771218607778315271929856.000000
14 10 1090733495109105953538048.000000
14 11 878019549566736724393984.000000
14 12 448724615640358825492480.000000
14 13 248500196699801531711488.000000
14 14 -333700879717465409454080.000000
14 15 -462122500272612880416768.000000
14 16 -496194933613447104954368.000000
14 17 -539093845763175198228480.000000
14 18 -963320104409737170255872.000000
14 19 -1983158006242370813689856.000000
14 20 -1947197375707366725517312.000000
14 21 -3418577128934460062957568.000000
14 22 -2084367652869847103045632.000000
14 23 -939634196788717954269184.000000
14 24 0.000000
14 25 0.000000
14 26 0.000000
14 27 0.000000
14 28 0.000000
14 29 0.000000
14 30 0.000000
14 31 0.000000
15 0 0.000000
15 1 0.000000
15 2 0.000000
15 3 0.000000
15 4 0.000000
15 5 0.000000
15 6 0.000000
15 7 0.000000
15 8 9913494708611369911975936.000000
15 9 1904472554704834266136576.000000
15 10 1136632164898632986787840.000000
15 11 829987758820904910454784.000000
15 12 442268903732906823778304.000000
15 13 328002240921772897599488.000000
15 14 -292105165184710261866496.000000
15 15 -449087641799121906434048.000000
15 16 -532145872402053091819520.000000
15 17 -436950801091328609353728.000000
15 18 -1059187977475993785860096.000000
15 19 -1970400785678707976044544.000000
15 20 -1948133836199483636973568.000000
15 21 -3353772275851637649571840.000000
15 22 -2039467845448873826844672.000000
15 23 -917885413468220354985984.000000
15 24 0.000000
15 25 0.000000
15 26 0.000000
15 27 0.000000
15 28 0.000000
15 29 0.000000
15 30 0.000000
15 31 0.000000
16 0 0.000000
16 1 0.000000
16 2 0.000000
16 3 0.000000
16 4 0.000000
16 5 0.000000
16 6 0.000000
16 7 0.000000
16 8 227254608275832600004657152.000000
16 9 2307063953087072602947584.000000
16 10 1164019887298162674630656.000000
16 11 745714601153697241104384.000000
16 12 531631561324607381176320.000000
16 13 284923004642964889665536.000000
16 14 -304088703361187867262976.000000
16 15 -339853301211611772485632.000000
16 16 -518273164253886110760960.000000
16 17 -510078522458313813131264.000000
16 18 -1085371113075991432396800.000000
16 19 -1828582505470405094932480.000000
16 20 -2110959066797663649267712.000000
16 21 -3315800229636658840993792.000000
16 22 -1951080847680446813700096.000000
16 23 -927033197088929344389120.000000
16 24 0.000000
16 25 0.000000
16 26 0.000000
16 27 0.000000
16 28 0.000000
16 29 0.000000
16 30 0.000000
16 31 0.000000
17 0 0.000000
17 1 0.000000
17 2 0.000000
17 3 0.000000
17 4 0.000000
17 5 0.000000
17 6 0.000000
17 7 0.000000
17 8 678333689084018904006656.000000
17 9 2295655218338235548696576.000000
17 10 1215560882873641579053056.000000
17 11 865441031836287948029952.000000
17 12 587899679184162434056192.000000
17 13 217818181244842873454592.000000
17 14 -282696533073583973335040.000000
17 15 -327118382473303673536512.000000
17 16 -560799826872814268317696.000000
17 17 -483316800406988624232448.000000
17 18 -1197021905079563479678976.000000
17 19 -1731212231568457681862656.000000
17 20 -2228794417982322975440896.000000
17 21 -3267200552992214116990976.000000
17 22 -1891332996547206182862848.000000
17 23 -884648920275820132433920.000000
17 24 0.000000
17 25 0.000000
17 26 0.000000
17 27 0.000000
17 28 0.000000
17 29 0.000000
17 30 0.000000
17 31 0.000000
18 0 0.000000
18 1 0.000000
18 2 0.000000
18 3 0.000000
18 4 0.000000
18 5 0.000000
18 6 0.000000
18 7 0.000000
18 8 808755268161689064833024.000000
18 9 2349111288590460463874048.000000
18 10 1295417126199106379710464.000000
18 11 838362436515180971032576.000000
18 12 485488183945727544655872.000000
18 13 188210040113831455227904.000000
18 14 -234392130435108168531968.000000
18 15 -379526411049043945848832.000000
18 16 -513999032034729396273152.000000
18 17 -308319384851139711205376.000000
18 18 -1304623780874144356237312.000000
18 19 -1682303427845590247014400.000000
18 20 -2262061103306625089798144.000000
18 21 -3200019816918773143699456.000000
18 22 -1830299205590764690079744.000000
18 23 -849208833800146035671040.000000
18 24 0.000000
18 25 0.000000
18 26 0.000000
18 27 0.000000
18 28 0.000000
18 29 0.000000
18 30 0.000000
18 31 0.000000
19 0 0.000000
19 1 0.000000
19 2 0.000000
19 3 0.000000
19 4 0.000000
19 5 0.000000
19 6 0.000000
19 7 0.000000
19 8 1974066787832981597716480.000000
19 9 2646222619092158750130176.000000
19 10 1358506432083073804795904.000000
19 11 742350304145660423700480.000000
19 12 536750028401903516254208.000000
19 13 196304720012074637328384.000000
19 14 -194972230983125273935872.000000
19 15 -377275259753705039200256.000000
19 16 -485450858112015897985024.000000
19 17 -347444064340349215047680.000000
19 18 -1396391144494078644715520.000000
19 19 -1566119492601092153278464.000000
19 20 -2406814577550468927455232.000000
19 21 -3100254925051757309460480.000000
19 22 -1748036670969997323927552.000000
19 23 -889536658937006822260736.000000
19 24 0.000000
19 25 0.000000
19 26 0.000000
19 27 0.000000
19 28 0.000000
19 29 0.000000
19 30 0.000000
19 31 0.000000
20 0 0.000000
20 1 0.000000
20 2 0.000000
20 3 0.000000
20 4 0.000000
20 5 0.000000
20 6 0.000000
20 7 0.000000
20 8 2796799067510207544295424.000000
20 9 3881714344246315044569088.000000
20 10 1457881636481532524756992.000000
20 11 769331477599628122128384.000000
20 12 497812986887568776757248.000000
20 13 108805633931781481693184.000000
20 14 -97592724701941751349248.000000
20 15 -256167917338971481309184.000000
20 16 -478405787142927683682304.000000
20 17 -425489788558017038385152.000000
20 18 -1413851420105408962887680.000000
20 19 -1468988449911350660956160.000000
20 20 -2513679592388417952940032.000000
20 21 -3031475663312178942836736.000000
20 22 -1711472630142519627218944.000000
20 23 -1313766448405676652756992.000000
20 24 0.000000
20 25 0.000000
20 26 0.000000
20 27 0.000000
20 28 0.000000
20 29 0.000000
20 30 0.000000
20 31 0.000000
21 0 0.000000
21 1 0.000000
21 2 0.000000
21 3 0.000000
21 4 0.000000
21 5 0.000000
21 6 0.000000
21 7 0.000000
21 8 111623720253722373908332544.000000
21 9 4176963130057320969535488.000000
21 10 2723097407406710244507648.000000
21 11 960785622654641130962944.000000
21 12 424749685009653480554496.000000
21 13 110036098414772393869312.000000
21 14 -34819886763789651017728.000000
21 15 -322785487286209028816896.000000
21 16 -429320442314667325390848.000000
21 17 -379537760120104919498752.000000
21 18 -1539472017865114099122176.000000
21 19 -1399560237479866715340800.000000
21 20 -2593570711589397110718464.000000
21 21 -3000276742706389208530944.000000
21 22 -2062177805016243346866176.000000
21 23 -790733735950397325967360.000000
21 24 0.000000
21 25 0.000000
21 26 0.000000
21 27 0.000000
21 28 0.000000
21 29 0.000000
21 30 0.000000
21 31 0.000000
22 0 0.000000
22 1 0.000000
22 2 0.000000
22 3 0.000000
22 4 0.000000
22 5 0.000000
22 6 0.000000
22 7 0.000000
22 8 -163544239285888966721536.000000
22 9 1695951136156373798092800.000000
22 10 4803219426835842633564160.000000
22 11 2163265818424983613865984.000000
22 12 531198279011657320497152.000000
22 13 245164398470206714806272.000000
22 14 -80205398397375580471296.000000
22 15 -430237591371582072160256.000000
22 16 -351873660818642759057408.000000
22 17 -349602621627349384298496.000000
22 18 -1532665889877855653855232.000000
22 19 -1387230894909601093779456.000000
22 20 -2670857092881093249466368.000000
22 21 -3034004308402157909966848.000000
22 22 -2525133291075934674223104.000000
22 23 -522637836839951481700352.000000
22 24 0.000000
22 25 0.000000
22 26 0.000000
22 27 0.000000
22 28 0.000000
22 29 0.000000
22 30 0.000000
22 31 0.000000
23 0 0.000000
23 1 0.000000
23 2 0.000000
23 3 0.000000
23 4 0.000000
23 5 0.000000
23 6 0.000000
23 7 0.000000
23 8 -162780554889876496973824.000000
23 9 1741645882954773495283712.000000
23 10 439355326975577245614080.000000
23 11 3136841159618198687973376.000000
23 12 1856257809727740153167872.000000
23 13 330442687516649440935936.000000
23 14 -129342156318982000345088.000000
23 15 -311168974464963609362432.000000
23 16 -350937740758481132060672.000000
23 17 -437009528030469520621568.000000
23 18 -1583791905769270131294208.000000
23 19 -1400106866388238436663296.000000
23 20 -2736193154547163267596288.000000
23 21 -3928437641142012125118464.000000
23 22 -1343957283270875775238144.000000
23 23 -698812745539974175129600.000000
23 24 0.000000
23 25 0.000000
23 26 0.000000
23 27 0.000000
23 28 0.000000
23 29 0.000000
23 30 0.000000
23 31 0.000000
24 0 0.000000
24 1 0.000000
24 2 0.000000
24 3 0.000000
24 4 0.000000
24 5 0.000000
24 6 0.000000
24 7 0.000000
24 8 0.000000
24 9 0.000000
24 10 0.000000
24 11 0.000000
24 12 0.000000
24 13 0.000000
24 14 0.000000
24 15 0.000000
24 16 0.000000
24 17 0.000000
24 18 0.000000
24 19 0.000000
24 20 0.000000
24 21 0.000000
24 22 0.000000
24 23 0.000000
24 24 0.000000
24 25 0.000000
24 26 0.000000
24 27 0.000000
24 28 0.000000
24 29 0.000000
24 30 0.000000
24 31 0.000000
25 0 0.000000
25 1 0.000000
25 2 0.000000
25 3 0.000000
25 4 0.000000
25 5 0.000000
25 6 0.000000
25 7 0.000000
25 8 0.000000
25 9 0.000000
25 10 0.000000
25 11 0.000000
25 12 0.000000
25 13 0.000000
25 14 0.000000
25 15 0.000000
25 16 0.000000
25 17 0.000000
25 18 0.000000
25 19 0.000000
25 20 0.000000
25 21 0.000000
25 22 0.000000
25 23 0.000000
25 24 0.000000
25 25 0.000000
25 26 0.000000
25 27 0.000000
25 28 0.000000
25 29 0.000000
25 30 0.000000
25 31 0.000000
26 0 0.000000
26 1 0.000000
26 2 0.000000
26 3 0.000000
26 4 0.000000
26 5 0.000000
26 6 0.000000
26 7 0.000000
26 8 0.000000
26 9 0.000000
26 10 0.000000
26 11 0.000000
26 12 0.000000
26 13 0.000000
26 14 0.000000
26 15 0.000000
26 16 0.000000
26 17 0.000000
26 18 0.000000
26 19 0.000000
26 20 0.000000
26 21 0.000000
26 22 0.000000
26 23 0.000000
26 24 0.000000
26 25 0.000000
26 26 0.000000
26 27 0.000000
26 28 0.000000
26 29 0.000000
26 30 0.000000
26 31 0.000000
27 0 0.000000
27 1 0.000000
27 2 0.000000
27 3 0.000000
27 4 0.000000
27 5 0.000000
27 6 0.000000
27 7 0.000000
27 8 0.000000
27 9 0.000000
27 10 0.000000
27 11 0.000000
27 12 0.000000
27 13 0.000000
27 14 0.000000
27 15 0.000000
27 16 0.000000
27 17 0.000000
27 18 0.000000
27 19 0.000000
27 20 0.000000
27 21 0.000000
27 22 0.000000
27 23 0.000000
27 24 0.000000
27 25 0.000000
27 26 0.000000
27 27 0.000000
27 28 0.000000
27 29 0.000000
27 30 0.000000
27 31 0.000000
28 0 0.000000
28 1 0.000000
28 2 0.000000
28 3 0.000000
28 4 0.000000
28 5 0.000000
28 6 0.000000
28 7 0.000000
28 8 0.000000
28 9 0.000000
28 10 0.000000
28 11 0.000000
28 12 0.000000
28 13 0.000000
28 14 0.000000
28 15 0.000000
28 16 0.000000
28 17 0.000000
28 18 0.000000
28 19 0.000000
28 20 0.000000
28 21 0.000000
28 22 0.000000
28 23 0.000000
28 24 0.000000
28 25 0.000000
28 26 0.000000
28 27 0.000000
28 28 0.000000
28 29 0.000000
28 30 0.000000
28 31 0.000000
29 0 0.000000
29 1 0.000000
29 2 0.000000
29 3 0.000000
29 4 0.000000
29 5 0.000000
29 6 0.000000
29 7 0.000000
29 8 0.000000
29 9 0.000000
29 10 0.000000
29 11 0.000000
29 12 0.000000
29 13 0.000000
29 14 0.000000
29 15 0.000000
29 16 0.000000
29 17 0.000000
29 18 0.000000
29 19 0.000000
29 20 0.000000
29 21 0.000000
29 22 0.000000
29 23 0.000000
29 24 0.000000
29 25 0.000000
29 26 0.000000
29 27 0.000000
29 28 0.000000
29 29 0.000000
29 30 0.000000
29 31 0.000000
30 0 0.000000
30 1 0.000000
30 2 0.000000
30 3 0.000000
30 4 0.000000
30 5 0.000000
30 6 0.000000
30 7 0.000000
30 8 0.000000
30 9 0.000000
30 10 0.000000
30 11 0.000000
30 12 0.000000
30 13 0.000000
30 14 0.000000
30 15 0.000000
30 16 0.000000
30 17 0.000000
30 18 0.000000
30 19 0.000000
30 20 0.000000
30 21 0.000000
30 22 0.000000
30 23 0.000000
30 24 0.000000
30 25 0.000000
30 26 0.000000
30 27 0.000000
30 28 0.000000
30 29 0.000000
30 30 0.000000
30 31 0.000000
31 0 0.000000
31 1 0.000000
31 2 0.000000
31 3 0.000000
31 4 0.000000
31 5 0.000000
31 6 0.000000
31 7 0.000000
31 8 0.000000
31 9 0.000000
31 10 0.000000
31 11 0.000000
31 12 0.000000
31 13 0.000000
31 14 0.000000
31 15 0.000000
31 16 0.000000
31 17 0.000000
31 18 0.000000
31 19 0.000000
31 20 0.000000
31 21 0.000000
31 22 0.000000
31 23 0.000000
31 24 0.000000
31 25 0.000000
31 26 0.000000
31 27 0.000000
31 28 0.000000
31 29 0.000000
31 30 0.000000
31 31 0.000000
