0 0 2.699997
0 1 3.050001
0 2 3.050001
0 3 3.050001
0 4 3.050001
0 5 3.050001
0 6 3.050001
0 7 3.050001
0 8 3.050001
0 9 3.050001
0 10 3.050001
0 11 3.050001
0 12 3.050001
0 13 3.050001
0 14 3.050001
0 15 3.050001
0 16 3.050001
0 17 3.050000
0 18 3.050001
0 19 3.050001
0 20 3.050001
0 21 3.050000
0 22 3.050000
0 23 3.050001
0 24 3.050001
0 25 3.050001
0 26 3.050001
0 27 3.050001
0 28 3.050000
0 29 3.050001
0 30 3.050000
0 31 3.050001
1 0 4.266548
1 1 4.283519
1 2 4.346282
1 3 4.357595
1 4 4.422297
1 5 4.439267
1 6 4.456239
1 7 4.473208
1 8 4.490179
1 9 4.607151
1 10 4.624121
1 11 4.641090
1 12 4.658062
1 13 4.675032
1 14 4.740624
1 15 4.751939
1 16 4.813812
1 17 4.830783
1 18 4.847754
1 19 4.864725
1 20 4.881695
1 21 4.898666
1 22 5.015635
1 23 5.032606
1 24 5.049578
1 25 5.066547
1 26 5.083518
1 27 5.146281
1 28 5.157597
1 29 5.222298
1 30 5.239268
1 31 5.256238
2 0 3.080669
2 1 3.020734
2 2 3.009419
2 3 2.998106
2 4 2.986792
2 5 2.975478
2 6 2.917438
2 7 2.911782
2 8 2.906124
2 9 2.900467
2 10 2.894810
2 11 2.889153
2 12 2.883497
2 13 2.826390
2 14 2.815076
2 15 2.803763
2 16 2.792449
2 17 2.781135
2 18 2.669821
2 19 2.658508
2 20 2.647193
2 21 2.635880
2 22 2.624566
2 23 2.613252
2 24 2.601939
2 25 2.590625
2 26 2.525033
2 27 2.508062
2 28 2.491092
2 29 2.474121
2 30 2.457151
2 31 2.340180
3 0 0.000000
3 1 0.000000
3 2 0.000000
3 3 0.000000
3 4 0.000000
3 5 0.000000
3 6 0.000000
3 7 0.000000
3 8 0.000000
3 9 0.000000
3 10 0.000000
3 11 0.000000
3 12 0.000000
3 13 0.000000
3 14 0.000000
3 15 0.000000
3 16 0.000000
3 17 0.000000
3 18 0.000000
3 19 0.000000
3 20 0.000000
3 21 0.000000
3 22 0.000000
3 23 0.000000
3 24 0.000000
3 25 0.000000
3 26 0.000000
3 27 0.000000
3 28 0.000000
3 29 0.000000
3 30 0.000000
3 31 0.000000
4 0 0.000000
4 1 0.000000
4 2 0.000000
4 3 0.000000
4 4 0.000000
4 5 0.000000
4 6 0.000000
4 7 0.000000
4 8 0.000000
4 9 0.000000
4 10 0.000000
4 11 0.000000
4 12 0.000000
4 13 0.000000
4 14 0.000000
4 15 0.000000
4 16 0.000000
4 17 0.000000
4 18 0.000000
4 19 0.000000
4 20 0.000000
4 21 0.000000
4 22 0.000000
4 23 0.000000
4 24 0.000000
4 25 0.000000
4 26 0.000000
4 27 0.000000
4 28 0.000000
4 29 0.000000
4 30 0.000000
4 31 0.000000
5 0 0.000000
5 1 0.000000
5 2 0.000000
5 3 0.000000
5 4 0.000000
5 5 0.000000
5 6 0.000000
5 7 0.000000
5 8 0.000000
5 9 0.000000
5 10 0.000000
5 11 0.000000
5 12 0.000000
5 13 0.000000
5 14 0.000000
5 15 0.000000
5 16 0.000000
5 17 0.000000
5 18 0.000000
5 19 0.000000
5 20 0.000000
5 21 0.000000
5 22 0.000000
5 23 0.000000
5 24 0.000000
5 25 0.000000
5 26 0.000000
5 27 0.000000
5 28 0.000000
5 29 0.000000
5 30 0.000000
5 31 0.000000
6 0 0.000000
6 1 0.000000
6 2 0.000000
6 3 0.000000
6 4 0.000000
6 5 0.000000
6 6 0.000000
6 7 0.000000
6 8 0.000000
6 9 0.000000
6 10 0.000000
6 11 0.000000
6 12 0.000000
6 13 0.000000
6 14 0.000000
6 15 0.000000
6 16 0.000000
6 17 0.000000
6 18 0.000000
6 19 0.000000
6 20 0.000000
6 21 0.000000
6 22 0.000000
6 23 0.000000
6 24 0.000000
6 25 0.000000
6 26 0.000000
6 27 0.000000
6 28 0.000000
6 29 0.000000
6 30 0.000000
6 31 0.000000
7 0 0.000000
7 1 0.000000
7 2 0.000000
7 3 0.000000
7 4 0.000000
7 5 0.000000
7 6 0.000000
7 7 0.000000
7 8 0.000000
7 9 0.000000
7 10 0.000000
7 11 0.000000
7 12 0.000000
7 13 0.000000
7 14 0.000000
7 15 0.000000
7 16 0.000000
7 17 0.000000
7 18 0.000000
7 19 0.000000
7 20 0.000000
7 21 0.000000
7 22 0.000000
7 23 0.000000
7 24 0.000000
7 25 0.000000
7 26 0.000000
7 27 0.000000
7 28 0.000000
7 29 0.000000
7 30 0.000000
7 31 0.000000
8 0 0.000000
8 1 0.000000
8 2 0.000000
8 3 0.000000
8 4 0.000000
8 5 0.000000
8 6 0.000000
8 7 0.000000
8 8 324778024741236940558303232.000000
8 9 16311162206453187611721728.000000
8 10 -18911434850748864323911680.000000
8 11 1425876058204143545468583936.000000
8 12 -13620684983637071192129536.000000
8 13 19522618140006532222287872.000000
8 14 -11591653815993462771679232.000000
8 15 -36034450946022559977570304.000000
8 16 -34810933751845626547535872.000000
8 17 -27067345689525775688007680.000000
8 18 -32523671225600176541401088.000000
8 19 -141440410185167987015680000.000000
8 20 -38204177736559360361889792.000000
8 21 1408117156323454475613241344.000000
8 22 -187462638572343736055889920.000000
8 23 -104766659653154911962529792.000000
8 24 0.000000
8 25 0.000000
8 26 0.000000
8 27 0.000000
8 28 0.000000
8 29 0.000000
8 30 0.000000
8 31 0.000000
9 0 0.000000
9 1 0.000000
9 2 0.000000
9 3 0.000000
9 4 0.000000
9 5 0.000000
9 6 0.000000
9 7 0.000000
9 8 182901127697796838132285440.000000
9 9 11274184197563416781520896.000000
9 10 88246447413643401643425792.000000
9 11 60920496818948291751313408.000000
9 12 53113885455500612208689152.000000
9 13 6154258674563954042208256.000000
9 14 -2882943632952174240071680.000000
9 15 -24856141394939239376879616.000000
9 16 -24273724650143016917401600.000000
9 17 -19704463837242151768424448.000000
9 18 -20515896909713478311215104.000000
9 19 -64109602216213328026402816.000000
9 20 -115887482232175525959303168.000000
9 21 -57852489684841140255195136.000000
9 22 -89963082970398738807259136.000000
9 23 -51962946975881689009487872.000000
9 24 0.000000
9 25 0.000000
9 26 0.000000
9 27 0.000000
9 28 0.000000
9 29 0.000000
9 30 0.000000
9 31 0.000000
10 0 0.000000
10 1 0.000000
10 2 0.000000
10 3 0.000000
10 4 0.000000
10 5 0.000000
10 6 0.000000
10 7 0.000000
10 8 182605739984944527082258432.000000
10 9 10928025280412734011211776.000000
10 10 76027485548228839611564032.000000
10 11 73109966952275010637529088.000000
10 12 22504455920859367975419904.000000
10 13 2914269663153846879256576.000000
10 14 -9077002887237413550161920.000000
10 15 -25202428286376933507203072.000000
10 16 -21403907028520791630151680.000000
10 17 -23394686566484554081632256.000000
10 18 -18357572512857239643488256.000000
10 19 -59048013944886219440652288.000000
10 20 -67711965409275660958957568.000000
10 21 -132629092294059698316902400.000000
10 22 -97677013279934083135176704.000000
10 23 -51098329634402848615694336.000000
10 24 0.000000
10 25 0.000000
10 26 0.000000
10 27 0.000000
10 28 0.000000
10 29 0.000000
10 30 0.000000
10 31 0.000000
11 0 0.000000
11 1 0.000000
11 2 0.000000
11 3 0.000000
11 4 0.000000
11 5 0.000000
11 6 0.000000
11 7 0.000000
11 8 1502481992141349750772334592.000000
11 9 65691281393325406110613504.000000
11 10 65513256477956053655355392.000000
11 11 34865381622822189502824448.000000
11 12 16252564970981544614166528.000000
11 13 5112963606493894293848064.000000
11 14 -8558901868575684049240064.000000
11 15 -25167434812869106487787520.000000
11 16 -19712289868415423045697536.000000
11 17 -22089547141467474313084928.000000
11 18 -18635446195133068081102848.000000
11 19 -62232161779681446273744896.000000
11 20 -56563804755537809406689280.000000
11 21 -108163378543283530813669376.000000
11 22 -136709512083164251134361600.000000
11 23 -82066262416744601129844736.000000
11 24 0.000000
11 25 0.000000
11 26 0.000000
11 27 0.000000
11 28 0.000000
11 29 0.000000
11 30 0.000000
11 31 0.000000
12 0 0.000000
12 1 0.000000
12 2 0.000000
12 3 0.000000
12 4 0.000000
12 5 0.000000
12 6 0.000000
12 7 0.000000
12 8 262219360203136853648343040.000000
12 9 86563477164822584411291648.000000
12 10 28137639615740459154931712.000000
12 11 29727993374253199155789824.000000
12 12 15310077005238548561920000.000000
12 13 7707990457943609852297216.000000
12 14 -7271893287140051556237312.000000
12 15 -24189298514203666727043072.000000
12 16 -22697752434478742725722112.000000
12 17 -21378275277630372208181248.000000
12 18 -16023979835949163491622912.000000
12 19 -65425302402212606513250304.000000
12 20 -54221926031776123845607424.000000
12 21 -112607189967268124943187968.000000
12 22 -103615979427953020697051136.000000
12 23 -74407192724084469008433152.000000
12 24 0.000000
12 25 0.000000
12 26 0.000000
12 27 0.000000
12 28 0.000000
12 29 0.000000
12 30 0.000000
12 31 0.000000
13 0 0.000000
13 1 0.000000
13 2 0.000000
13 3 0.000000
13 4 0.000000
13 5 0.000000
13 6 0.000000
13 7 0.000000
13 8 287951018659459486550327296.000000
13 9 64471379760986919752695808.000000
13 10 34956515456075342328889344.000000
13 11 27197847180475233910915072.000000
13 12 15854162568771107179986944.000000
13 13 8610213216598964077330432.000000
13 14 -10648011775824355265609728.000000
13 15 -16755431284881399239147520.000000
13 16 -17954186030982386809831424.000000
13 17 -20040780263508005886099456.000000
13 18 -27422639203757458506907648.000000
13 19 -69283604945925622619701248.000000
13 20 -67900108363769443103277056.000000
13 21 -121559321079263075504226304.000000
13 22 -72699771315993949765632000.000000
13 23 -35994818116380195005923328.000000
13 24 0.000000
13 25 0.000000
13 26 0.000000
13 27 0.000000
13 28 0.000000
13 29 0.000000
13 30 0.000000
13 31 0.000000
14 0 0.000000
14 1 0.000000
14 2 0.000000
14 3 0.000000
14 4 0.000000
14 5 0.000000
14 6 0.000000
14 7 0.000000
14 8 250471606580027146830348288.000000
14 9 60153075371993826984984576.000000
14 10 37042849128340920257740800.000000
14 11 29818779025211960714067968.000000
14 12 15239321059579321756155904.000000
14 13 8439417695524248856035328.000000
14 14 -11332948606653227771887616.000000
14 15 -15694326143058432342622208.000000
14 16 -16851477716665681840177152.000000
14 17 -18308384269784693124104192.000000
14 18 -32715704137250502187417600.000000
14 19 -67350833500544649066971136.000000
14 20 -66129562197458689774845952.000000
14 21 -116099675129255406931542016.000000
14 22 -70788061440659134093459456.000000
14 23 -31911299274271258983792640.000000
14 24 0.000000
14 25 0.000000
14 26 0.000000
14 27 0.000000
14 28 0.000000
14 29 0.000000
14 30 0.000000
14 31 0.000000
15 0 0.000000
15 1 0.000000
15 2 0.000000
15 3 0.000000
15 4 0.000000
15 5 0.000000
15 6 0.000000
15 7 0.000000
15 8 336676248455755896188829696.000000
15 9 64678564367050788581670912.000000
15 10 38601626672685487933620224.000000
15 11 28187551893517898774216704.000000
15 12 15020074588734256094117888.000000
15 13 11139416897046913224802304.000000
15 14 -9920303863017577950216192.000000
15 15 -15251648096306578164023296.000000
15 16 -18072425048808846608302080.000000
15 17 -14839463670430070481092608.000000
15 18 -35971506043557044560068608.000000
15 19 -66917574822485432828166144.000000
15 20 -66161368995927783469219840.000000
15 21 -113898821763937230892564480.000000
15 22 -69263198235294081428226048.000000
15 23 -31172680112344882468618240.000000
15 24 0.000000
15 25 0.000000
15 26 0.000000
15 27 0.000000
15 28 0.000000
15 29 0.000000
15 30 0.000000
15 31 0.000000
16 0 0.000000
16 1 0.000000
16 2 0.000000
16 3 0.000000
16 4 0.000000
16 5 0.000000
16 6 0.000000
16 7 0.000000
16 8 7717886324482415783518928896.000000
16 9 78351134277159681708261376.000000
16 10 39531759931585117013671936.000000
16 11 25325516492051769704054784.000000
16 12 18054951370485025235533824.000000
16 13 9676389483659944190279680.000000
16 14 -10327275930771758077968384.000000
16 15 -11541893723854631256195072.000000
16 16 -17601285981794267805253632.000000
16 17 -17322984565640230227410944.000000
16 18 -36860729035787204282023936.000000
16 19 -62101236013618292731150336.000000
16 20 -71691135631845640474984448.000000
16 21 -112609246779232343558193152.000000
16 22 -66261451805899694641512448.000000
16 23 -31483353258505271095853056.000000
16 24 0.000000
16 25 0.000000
16 26 0.000000
16 27 0.000000
16 28 0.000000
16 29 0.000000
16 30 0.000000
16 31 0.000000
17 0 0.000000
17 1 0.000000
17 2 0.000000
17 3 0.000000
17 4 0.000000
17 5 0.000000
17 6 0.000000
17 7 0.000000
17 8 23037160996219952406986752.000000
17 9 77963688088007523140894720.000000
17 10 41282157641681361084350464.000000
17 11 29391598549325031772520448.000000
17 12 19965902623469809602396160.000000
17 13 7397415310111112807055360.000000
17 14 -9600771091555038007394304.000000
17 15 -11109397126909960143241216.000000
17 16 -19045555362301283439476736.000000
17 17 -16414119249736083653525504.000000
17 18 -40652542596329543523368960.000000
17 19 -58794389660616786815483904.000000
17 20 -75692986126254245884723200.000000
17 21 -110958724353237181427351552.000000
17 22 -64232333016221736100691968.000000
17 23 -30043921536631585791541248.000000
17 24 0.000000
17 25 0.000000
17 26 0.000000
17 27 0.000000
17 28 0.000000
17 29 0.000000
17 30 0.000000
17 31 0.000000
18 0 0.000000
18 1 0.000000
18 2 0.000000
18 3 0.000000
18 4 0.000000
18 5 0.000000
18 6 0.000000
18 7 0.000000
18 8 27466470973519601615241216.000000
18 9 79779124406021648663183360.000000
18 10 43994188732026102508158976.000000
18 11 28471963793646352641032192.000000
18 12 16487861262092242192957440.000000
18 13 6391879831888691327926272.000000
18 14 -7960282541414469265784832.000000
18 15 -12889248522684395333615616.000000
18 16 -17456133164364265770975232.000000
18 17 -10470961079126395596046336.000000
18 18 -44306847209017424125886464.000000
18 19 -57133389483987757659324416.000000
18 20 -76822761578734605800833024.000000
18 21 -108677175705968562954829824.000000
18 22 -62159536948263251769032704.000000
18 23 -28840329131897267890946048.000000
18 24 0.000000
18 25 0.000000
18 26 0.000000
18 27 0.000000
18 28 0.000000
18 29 0.000000
18 30 0.000000
18 31 0.000000
19 0 0.000000
19 1 0.000000
19 2 0.000000
19 3 0.000000
19 4 0.000000
19 5 0.000000
19 6 0.000000
19 7 0.000000
19 8 67042076509924917019410432.000000
19 9 89869438074108552268480512.000000
19 10 46136791891245522210521088.000000
19 11 25211259665102221955039232.000000
19 12 18228784263263627195187200.000000
19 13 6666784741290157134577664.000000
19 14 -6621527384087567659958272.000000
19 15 -12812797144792410703790080.000000
19 16 -16486594201358679268130816.000000
19 17 -11799685819363217633181696.000000
19 18 -47423406173526579161858048.000000
19 19 -53187617091563229286498304.000000
19 20 -81738814262692182879109120.000000
19 21 -105289016105090145335640064.000000
19 22 -59365786781671977031565312.000000
19 23 -30209914563178861191757824.000000
19 24 0.000000
19 25 0.000000
19 26 0.000000
19 27 0.000000
19 28 0.000000
19 29 0.000000
19 30 0.000000
19 31 0.000000
20 0 0.000000
20 1 0.000000
20 2 0.000000
20 3 0.000000
20 4 0.000000
20 5 0.000000
20 6 0.000000
20 7 0.000000
20 8 94983226019478240457916416.000000
20 9 131828494377888666921992192.000000
20 10 49511715953251053226426368.000000
20 11 26127583230219670222012416.000000
20 12 16906425955575244167053312.000000
20 13 3695196720843652402774016.000000
20 14 -3314385883180882391465984.000000
20 15 -8699822887623026651693056.000000
20 16 -16247334166115143349436416.000000
20 17 -14450226994181257480372224.000000
20 18 -48016385985148009553330176.000000
20 19 -49888910364384247710482432.000000
20 20 -85368091255358058047471616.000000
20 21 -102953178690012599652712448.000000
20 22 -58124011922548089572818944.000000
20 23 -44617370475382213863014400.000000
20 24 0.000000
20 25 0.000000
20 26 0.000000
20 27 0.000000
20 28 0.000000
20 29 0.000000
20 30 0.000000
20 31 0.000000
21 0 0.000000
21 1 0.000000
21 2 0.000000
21 3 0.000000
21 4 0.000000
21 5 0.000000
21 6 0.000000
21 7 0.000000
21 8 3790897993293728815169667072.000000
21 9 141855535713802746765246464.000000
21 10 92480214986232701963468800.000000
21 11 32629627017716554992189440.000000
21 12 14425100222909855857377280.000000
21 13 3736983784317375267995648.000000
21 14 -1182530834688160020037632.000000
21 15 -10962250908198492870541312.000000
21 16 -14580324962604103306838016.000000
21 17 -12889634751388438627352576.000000
21 18 -52282638274051112393768960.000000
21 19 -47531029090138619113373696.000000
21 20 -88081312160695553737359360.000000
21 21 -101893606933790759862665216.000000
21 22 -70034461216701896208678912.000000
21 23 -26854431063584010829561856.000000
21 24 0.000000
21 25 0.000000
21 26 0.000000
21 27 0.000000
21 28 0.000000
21 29 0.000000
21 30 0.000000
21 31 0.000000
22 0 0.000000
22 1 0.000000
22 2 0.000000
22 3 0.000000
22 4 0.000000
22 5 0.000000
22 6 0.000000
22 7 0.000000
22 8 -5554190125071448452104192.000000
22 9 57596886987269802280615936.000000
22 10 163124078228467648491945984.000000
22 11 73467547862771833440829440.000000
22 12 18040242397929251081814016.000000
22 13 8326130475560075465326592.000000
22 14 -2723886005715861327839232.000000
22 15 -14611474595815571098435584.000000
22 16 -11950123628970337453998080.000000
22 17 -11872992027390634784456704.000000
22 18 -52051495959121513284632576.000000
22 19 -47112315669781522856017920.000000
22 20 -90706062481455538417696768.000000
22 21 -103039039060303680760709120.000000
22 22 -85757068524268334507622400.000000
22 23 -17749514793798560907264000.000000
22 24 0.000000
22 25 0.000000
22 26 0.000000
22 27 0.000000
22 28 0.000000
22 29 0.000000
22 30 0.000000
22 31 0.000000
23 0 0.000000
23 1 0.000000
23 2 0.000000
23 3 0.000000
23 4 0.000000
23 5 0.000000
23 6 0.000000
23 7 0.000000
23 8 -5528254002903812822532096.000000
23 9 59148756225958765729415168.000000
23 10 14921121641836859631861760.000000
23 11 106531551892407073313390592.000000
23 12 63041129905975923377700864.000000
23 13 11222300424013099453906944.000000
23 14 -4392640732384876136759296.000000
23 15 -10567739616066103544905728.000000
23 16 -11918338736009831289716736.000000
23 17 -14841452460025517292126208.000000
23 18 -53787814191803498540040192.000000
23 19 -47549595738048807777075200.000000
23 20 -92924993655965949817257984.000000
23 21 -133415255632993051987673088.000000
23 22 -45642682016173156588322816.000000
23 23 -23732663199717042058952704.000000
23 24 0.000000
23 25 0.000000
23 26 0.000000
23 27 0.000000
23 28 0.000000
23 29 0.000000
23 30 0.000000
23 31 0.000000
24 0 0.000000
24 1 0.000000
24 2 0.000000
24 3 0.000000
24 4 0.000000
24 5 0.000000
24 6 0.000000
24 7 0.000000
24 8 0.000000
24 9 0.000000
24 10 0.000000
24 11 0.000000
24 12 0.000000
24 13 0.000000
24 14 0.000000
24 15 0.000000
24 16 0.000000
24 17 0.000000
24 18 0.000000
24 19 0.000000
24 20 0.000000
24 21 0.000000
24 22 0.000000
24 23 0.000000
24 24 0.000000
24 25 0.000000
24 26 0.000000
24 27 0.000000
24 28 0.000000
24 29 0.000000
24 30 0.000000
24 31 0.000000
25 0 0.000000
25 1 0.000000
25 2 0.000000
25 3 0.000000
25 4 0.000000
25 5 0.000000
25 6 0.000000
25 7 0.000000
25 8 0.000000
25 9 0.000000
25 10 0.000000
25 11 0.000000
25 12 0.000000
25 13 0.000000
25 14 0.000000
25 15 0.000000
25 16 0.000000
25 17 0.000000
25 18 0.000000
25 19 0.000000
25 20 0.000000
25 21 0.000000
25 22 0.000000
25 23 0.000000
25 24 0.000000
25 25 0.000000
25 26 0.000000
25 27 0.000000
25 28 0.000000
25 29 0.000000
25 30 0.000000
25 31 0.000000
26 0 0.000000
26 1 0.000000
26 2 0.000000
26 3 0.000000
26 4 0.000000
26 5 0.000000
26 6 0.000000
26 7 0.000000
26 8 0.000000
26 9 0.000000
26 10 0.000000
26 11 0.000000
26 12 0.000000
26 13 0.000000
26 14 0.000000
26 15 0.000000
26 16 0.000000
26 17 0.000000
26 18 0.000000
26 19 0.000000
26 20 0.000000
26 21 0.000000
26 22 0.000000
26 23 0.000000
26 24 0.000000
26 25 0.000000
26 26 0.000000
26 27 0.000000
26 28 0.000000
26 29 0.000000
26 30 0.000000
26 31 0.000000
27 0 0.000000
27 1 0.000000
27 2 0.000000
27 3 0.000000
27 4 0.000000
27 5 0.000000
27 6 0.000000
27 7 0.000000
27 8 0.000000
27 9 0.000000
27 10 0.000000
27 11 0.000000
27 12 0.000000
27 13 0.000000
27 14 0.000000
27 15 0.000000
27 16 0.000000
27 17 0.000000
27 18 0.000000
27 19 0.000000
27 20 0.000000
27 21 0.000000
27 22 0.000000
27 23 0.000000
27 24 0.000000
27 25 0.000000
27 26 0.000000
27 27 0.000000
27 28 0.000000
27 29 0.000000
27 30 0.000000
27 31 0.000000
28 0 0.000000
28 1 0.000000
28 2 0.000000
28 3 0.000000
28 4 0.000000
28 5 0.000000
28 6 0.000000
28 7 0.000000
28 8 0.000000
28 9 0.000000
28 10 0.000000
28 11 0.000000
28 12 0.000000
28 13 0.000000
28 14 0.000000
28 15 0.000000
28 16 0.000000
28 17 0.000000
28 18 0.000000
28 19 0.000000
28 20 0.000000
28 21 0.000000
28 22 0.000000
28 23 0.000000
28 24 0.000000
28 25 0.000000
28 26 0.000000
28 27 0.000000
28 28 0.000000
28 29 0.000000
28 30 0.000000
28 31 0.000000
29 0 0.000000
29 1 0.000000
29 2 0.000000
29 3 0.000000
29 4 0.000000
29 5 0.000000
29 6 0.000000
29 7 0.000000
29 8 0.000000
29 9 0.000000
29 10 0.000000
29 11 0.000000
29 12 0.000000
29 13 0.000000
29 14 0.000000
29 15 0.000000
29 16 0.000000
29 17 0.000000
29 18 0.000000
29 19 0.000000
29 20 0.000000
29 21 0.000000
29 22 0.000000
29 23 0.000000
29 24 0.000000
29 25 0.000000
29 26 0.000000
29 27 0.000000
29 28 0.000000
29 29 0.000000
29 30 0.000000
29 31 0.000000
30 0 0.000000
30 1 0.000000
30 2 0.000000
30 3 0.000000
30 4 0.000000
30 5 0.000000
30 6 0.000000
30 7 0.000000
30 8 0.000000
30 9 0.000000
30 10 0.000000
30 11 0.000000
30 12 0.000000
30 13 0.000000
30 14 0.000000
30 15 0.000000
30 16 0.000000
30 17 0.000000
30 18 0.000000
30 19 0.000000
30 20 0.000000
30 21 0.000000
30 22 0.000000
30 23 0.000000
30 24 0.000000
30 25 0.000000
30 26 0.000000
30 27 0.000000
30 28 0.000000
30 29 0.000000
30 30 0.000000
30 31 0.000000
31 0 0.000000
31 1 0.000000
31 2 0.000000
31 3 0.000000
31 4 0.000000
31 5 0.000000
31 6 0.000000
31 7 0.000000
31 8 0.000000
31 9 0.000000
31 10 0.000000
31 11 0.000000
31 12 0.000000
31 13 0.000000
31 14 0.000000
31 15 0.000000
31 16 0.000000
31 17 0.000000
31 18 0.000000
31 19 0.000000
31 20 0.000000
31 21 0.000000
31 22 0.000000
31 23 0.000000
31 24 0.000000
31 25 0.000000
31 26 0.000000
31 27 0.000000
31 28 0.000000
31 29 0.000000
31 30 0.000000
31 31 0.000000
