0 0 2.699997
0 1 3.050001
0 2 3.050001
0 3 3.050001
0 4 3.050001
0 5 3.050001
0 6 3.050001
0 7 3.050001
0 8 3.050001
0 9 3.050001
0 10 3.050001
0 11 3.050001
0 12 3.050001
0 13 3.050001
0 14 3.050001
0 15 3.050001
0 16 3.050001
0 17 3.050000
0 18 3.050001
0 19 3.050001
0 20 3.050001
0 21 3.050000
0 22 3.050000
0 23 3.050001
0 24 3.050001
0 25 3.050001
0 26 3.050001
0 27 3.050001
0 28 3.050000
0 29 3.050001
0 30 3.050000
0 31 3.050001
1 0 4.266548
1 1 4.283519
1 2 4.346282
1 3 4.357595
1 4 4.422297
1 5 4.439267
1 6 4.456239
1 7 4.473208
1 8 4.490179
1 9 4.607151
1 10 4.624121
1 11 4.641090
1 12 4.658062
1 13 4.675032
1 14 4.740624
1 15 4.751939
1 16 4.813812
1 17 4.830783
1 18 4.847754
1 19 4.864725
1 20 4.881695
1 21 4.898666
1 22 5.015635
1 23 5.032606
1 24 5.049578
1 25 5.066547
1 26 5.083518
1 27 5.146281
1 28 5.157597
1 29 5.222298
1 30 5.239268
1 31 5.256238
2 0 3.080669
2 1 3.020734
2 2 3.009419
2 3 2.998106
2 4 2.986792
2 5 2.975478
2 6 2.917438
2 7 2.911782
2 8 2.906124
2 9 2.900467
2 10 2.894810
2 11 2.889153
2 12 2.883497
2 13 2.826390
2 14 2.815076
2 15 2.803763
2 16 2.792449
2 17 2.781135
2 18 2.669821
2 19 2.658508
2 20 2.647193
2 21 2.635880
2 22 2.624566
2 23 2.613252
2 24 2.601939
2 25 2.590625
2 26 2.525033
2 27 2.508062
2 28 2.491092
2 29 2.474121
2 30 2.457151
2 31 2.340180
3 0 0.000000
3 1 0.000000
3 2 0.000000
3 3 0.000000
3 4 0.000000
3 5 0.000000
3 6 0.000000
3 7 0.000000
3 8 0.000000
3 9 0.000000
3 10 0.000000
3 11 0.000000
3 12 0.000000
3 13 0.000000
3 14 0.000000
3 15 0.000000
3 16 0.000000
3 17 0.000000
3 18 0.000000
3 19 0.000000
3 20 0.000000
3 21 0.000000
3 22 0.000000
3 23 0.000000
3 24 0.000000
3 25 0.000000
3 26 0.000000
3 27 0.000000
3 28 0.000000
3 29 0.000000
3 30 0.000000
3 31 0.000000
4 0 0.000000
4 1 0.000000
4 2 0.000000
4 3 0.000000
4 4 0.000000
4 5 0.000000
4 6 0.000000
4 7 0.000000
4 8 0.000000
4 9 0.000000
4 10 0.000000
4 11 0.000000
4 12 0.000000
4 13 0.000000
4 14 0.000000
4 15 0.000000
4 16 0.000000
4 17 0.000000
4 18 0.000000
4 19 0.000000
4 20 0.000000
4 21 0.000000
4 22 0.000000
4 23 0.000000
4 24 0.000000
4 25 0.000000
4 26 0.000000
4 27 0.000000
4 28 0.000000
4 29 0.000000
4 30 0.000000
4 31 0.000000
5 0 0.000000
5 1 0.000000
5 2 0.000000
5 3 0.000000
5 4 0.000000
5 5 0.000000
5 6 0.000000
5 7 0.000000
5 8 0.000000
5 9 0.000000
5 10 0.000000
5 11 0.000000
5 12 0.000000
5 13 0.000000
5 14 0.000000
5 15 0.000000
5 16 0.000000
5 17 0.000000
5 18 0.000000
5 19 0.000000
5 20 0.000000
5 21 0.000000
5 22 0.000000
5 23 0.000000
5 24 0.000000
5 25 0.000000
5 26 0.000000
5 27 0.000000
5 28 0.000000
5 29 0.000000
5 30 0.000000
5 31 0.000000
6 0 0.000000
6 1 0.000000
6 2 0.000000
6 3 0.000000
6 4 0.000000
6 5 0.000000
6 6 0.000000
6 7 0.000000
6 8 0.000000
6 9 0.000000
6 10 0.000000
6 11 0.000000
6 12 0.000000
6 13 0.000000
6 14 0.000000
6 15 0.000000
6 16 0.000000
6 17 0.000000
6 18 0.000000
6 19 0.000000
6 20 0.000000
6 21 0.000000
6 22 0.000000
6 23 0.000000
6 24 0.000000
6 25 0.000000
6 26 0.000000
6 27 0.000000
6 28 0.000000
6 29 0.000000
6 30 0.000000
6 31 0.000000
7 0 0.000000
7 1 0.000000
7 2 0.000000
7 3 0.000000
7 4 0.000000
7 5 0.000000
7 6 0.000000
7 7 0.000000
7 8 0.000000
7 9 0.000000
7 10 0.000000
7 11 0.000000
7 12 0.000000
7 13 0.000000
7 14 0.000000
7 15 0.000000
7 16 0.000000
7 17 0.000000
7 18 0.000000
7 19 0.000000
7 20 0.000000
7 21 0.000000
7 22 0.000000
7 23 0.000000
7 24 0.000000
7 25 0.000000
7 26 0.000000
7 27 0.000000
7 28 0.000000
7 29 0.000000
7 30 0.000000
7 31 0.000000
8 0 0.000000
8 1 0.000000
8 2 0.000000
8 3 0.000000
8 4 0.000000
8 5 0.000000
8 6 0.000000
8 7 0.000000
8 8 17137420742669113784050647040.000000
8 9 860684200494420338036178944.000000
8 10 -997891451849553457147019264.000000
8 11 75238593972740472445528440832.000000
8 12 -718717025085483501064552448.000000
8 13 1030141599365714686884446208.000000
8 14 -611652011801208821227978752.000000
8 15 -1901414673680302076577447936.000000
8 16 -1836853578179512670420467712.000000
8 17 -1428250818249216618305421312.000000
8 18 -1716162287089382071577083904.000000
8 19 -7463324798040086123452039168.000000
8 20 -2015903283969135986109054976.000000
8 21 74301511179712234397548675072.000000
8 22 -9891761031444886423905239040.000000
8 23 -5528176342111262505319792640.000000
8 24 0.000000
8 25 0.000000
8 26 0.000000
8 27 0.000000
8 28 0.000000
8 29 0.000000
8 30 0.000000
8 31 0.000000
9 0 0.000000
9 1 0.000000
9 2 0.000000
9 3 0.000000
9 4 0.000000
9 5 0.000000
9 6 0.000000
9 7 0.000000
9 8 9651064963292072400891412480.000000
9 9 594899859425086523861630976.000000
9 10 4656461726530526803799310336.000000
9 11 3214565925476963525001740288.000000
9 12 2802637438951106525244948480.000000
9 13 324739065217753265985290240.000000
9 14 -152123159485926146580676608.000000
9 15 -1311573391095572628217266176.000000
9 16 -1280840967894819925548597248.000000
9 17 -1039736931550071742091231232.000000
9 18 -1082553447858630097832509440.000000
9 19 -3382843323023350821252235264.000000
9 20 -6114984684822368924041478144.000000
9 21 -3052676709190278141314072576.000000
9 22 -4747043504073785724112994304.000000
9 23 -2741906330241876991032688640.000000
9 24 0.000000
9 25 0.000000
9 26 0.000000
9 27 0.000000
9 28 0.000000
9 29 0.000000
9 30 0.000000
9 31 0.000000
10 0 0.000000
10 1 0.000000
10 2 0.000000
10 3 0.000000
10 4 0.000000
10 5 0.000000
10 6 0.000000
10 7 0.000000
10 8 9635479973306981854274912256.000000
10 9 576634520632597831976222720.000000
10 10 4011709947074609838305574912.000000
10 11 3857761685176774942397562880.000000
10 12 1187482955368467717716705280.000000
10 13 153776015425046632969797632.000000
10 14 -478962183602286434212380672.000000
10 15 -1329845702757321182313185280.000000
10 16 -1129410760350022678274375680.000000
10 17 -1234457146430311321877610496.000000
10 18 -968665832491717645492551680.000000
10 19 -3115761032147502655606882304.000000
10 20 -3572928018691819780393926656.000000
10 21 -6998382435081724127820644352.000000
10 22 -5154080504367105309486874624.000000
10 23 -2696283842798778527975997440.000000
10 24 0.000000
10 25 0.000000
10 26 0.000000
10 27 0.000000
10 28 0.000000
10 29 0.000000
10 30 0.000000
10 31 0.000000
11 0 0.000000
11 1 0.000000
11 2 0.000000
11 3 0.000000
11 4 0.000000
11 5 0.000000
11 6 0.000000
11 7 0.000000
11 8 79280826345281299876967088128.000000
11 9 3466304067058347495936491520.000000
11 10 3456909804384393874842320896.000000
11 11 1839726400314575901150937088.000000
11 12 857592083465808848156098560.000000
11 13 269793445745849405865459712.000000
11 14 -451623887524119994202849280.000000
11 15 -1327999257462519151034630144.000000
11 16 -1040149991043370246371016704.000000
11 17 -1165589474058073683800358912.000000
11 18 -983328632847075304204664832.000000
11 19 -3283777518945711403959320576.000000
11 20 -2984677878463912223117934592.000000
11 21 -5707409629897907378466062336.000000
11 22 -7213691651318441296871292928.000000
11 23 -4330355462429006480686448640.000000
11 24 0.000000
11 25 0.000000
11 26 0.000000
11 27 0.000000
11 28 0.000000
11 29 0.000000
11 30 0.000000
11 31 0.000000
12 0 0.000000
12 1 0.000000
12 2 0.000000
12 3 0.000000
12 4 0.000000
12 5 0.000000
12 6 0.000000
12 7 0.000000
12 8 13836416916237609452410241024.000000
12 9 4567657919968068304908582912.000000
12 10 1484726484461570243474489344.000000
12 11 1568644412601689735685996544.000000
12 12 807860177951921960866807808.000000
12 13 406724364874758355893092352.000000
12 14 -383712937086521228310609920.000000
12 15 -1276386005414042773995126784.000000
12 16 -1197682381527750613319811072.000000
12 17 -1128058097500585704273477632.000000
12 18 -845530347811820531060047872.000000
12 19 -3452268898723353731008561152.000000
12 20 -2861105058375515602635718656.000000
12 21 -5941894605534127100612575232.000000
12 22 -5467459105353576400690348032.000000
12 23 -3926212387345970449770086400.000000
12 24 0.000000
12 25 0.000000
12 26 0.000000
12 27 0.000000
12 28 0.000000
12 29 0.000000
12 30 0.000000
12 31 0.000000
13 0 0.000000
13 1 0.000000
13 2 0.000000
13 3 0.000000
13 4 0.000000
13 5 0.000000
13 6 0.000000
13 7 0.000000
13 8 15194184643842565539784294400.000000
13 9 3401933784678256541381427200.000000
13 10 1844535687855520865771847680.000000
13 11 1435137209172861278438293504.000000
13 12 836569878771504263781679104.000000
13 13 454331353045306492512632832.000000
13 14 -561859047564437955322839040.000000
13 15 -884126618011195615582617600.000000
13 16 -947380651013898257750294528.000000
13 17 -1057483363431766984289681408.000000
13 18 -1446998465612256520127381504.000000
13 19 -3655857791645398799344467968.000000
13 20 -3582855318482527312691593216.000000
13 21 -6414268792744905200399024128.000000
13 22 -3836117013550447102913413120.000000
13 23 -1899323255624201182453432320.000000
13 24 0.000000
13 25 0.000000
13 26 0.000000
13 27 0.000000
13 28 0.000000
13 29 0.000000
13 30 0.000000
13 31 0.000000
14 0 0.000000
14 1 0.000000
14 2 0.000000
14 3 0.000000
14 4 0.000000
14 5 0.000000
14 6 0.000000
14 7 0.000000
14 8 13216528396314001168966615040.000000
14 9 3174071042590545958588645376.000000
14 10 1954623642878130624669941760.000000
14 11 1573434810676703221726052352.000000
14 12 804126704525355737296142336.000000
14 13 445319159334607543651532800.000000
14 14 -598000720210388952069177344.000000
14 15 -828135879807051667106430976.000000
14 16 -889194528904053988117184512.000000
14 17 -966070301813570416741974016.000000
14 18 -1726295452543952202470785024.000000
14 19 -3553872679637630403251011584.000000
14 20 -3489430381168675686606438400.000000
14 21 -6126182006049063211548803072.000000
14 22 -3735242838257773790856478720.000000
14 23 -1683849789578251703555194880.000000
14 24 0.000000
14 25 0.000000
14 26 0.000000
14 27 0.000000
14 28 0.000000
14 29 0.000000
14 30 0.000000
14 31 0.000000
15 0 0.000000
15 1 0.000000
15 2 0.000000
15 3 0.000000
15 4 0.000000
15 5 0.000000
15 6 0.000000
15 7 0.000000
15 8 17765249921833667375921102848.000000
15 9 3412865472790289411345481728.000000
15 10 2036875608667465259855904768.000000
15 11 1487360531941343377768841216.000000
15 12 792557939659993234257477632.000000
15 13 587788897839088523647385600.000000
15 14 -523460157526651563002560512.000000
15 15 -804776989147442146409709568.000000
15 16 -953619635007532007459651584.000000
15 17 -783027392440823046995968000.000000
15 18 -1898093374303318819228090368.000000
15 19 -3531011113198248092065857536.000000
15 20 -3491108001861715128068603904.000000
15 21 -6010050750093953613864894464.000000
15 22 -3654781682383114878941396992.000000
15 23 -1644875213551412983548084224.000000
15 24 0.000000
15 25 0.000000
15 26 0.000000
15 27 0.000000
15 28 0.000000
15 29 0.000000
15 30 0.000000
15 31 0.000000
16 0 0.000000
16 1 0.000000
16 2 0.000000
16 3 0.000000
16 4 0.000000
16 5 0.000000
16 6 0.000000
16 7 0.000000
16 8 407246345160688438181026070528.000000
16 9 4134320584992121768575500288.000000
16 10 2085955163523929482561847296.000000
16 11 1336340579984745430922559488.000000
16 12 952698035673609478260916224.000000
16 13 510589901079912556259180544.000000
16 14 -544934897746572390097223680.000000
16 15 -609026117782316266555441152.000000
16 16 -928759400741251413776007168.000000
16 17 -914074242932076419087335424.000000
16 18 -1945014364955253845042135040.000000
16 19 -3276869287077083471717335040.000000
16 20 -3782895648140601022002233344.000000
16 21 -5942002629667422743746838528.000000
16 22 -3496389378476994467534471168.000000
16 23 -1661268466074837187878191104.000000
16 24 0.000000
16 25 0.000000
16 26 0.000000
16 27 0.000000
16 28 0.000000
16 29 0.000000
16 30 0.000000
16 31 0.000000
17 0 0.000000
17 1 0.000000
17 2 0.000000
17 3 0.000000
17 4 0.000000
17 5 0.000000
17 6 0.000000
17 7 0.000000
17 8 1215592177774962627307372544.000000
17 9 4113875984748253177681281024.000000
17 10 2178317863527040617826746368.000000
17 11 1550893774862345687709777920.000000
17 12 1053532292212107282848153600.000000
17 13 390336277439674790237437952.000000
17 14 -506599538295375853472710656.000000
17 15 -586204654564550199935500288.000000
17 16 -1004968286959015094690775040.000000
17 17 -866116692837151506148884480.000000
17 18 -2145095572598194894719156224.000000
17 19 -3102378730978765619129745408.000000
17 20 -3994059512049074180613734400.000000
17 21 -5854911566398720029304553472.000000
17 22 -3389320048654606539662819328.000000
17 23 -1585314366286219583290343424.000000
17 24 0.000000
17 25 0.000000
17 26 0.000000
17 27 0.000000
17 28 0.000000
17 29 0.000000
17 30 0.000000
17 31 0.000000
18 0 0.000000
18 1 0.000000
18 2 0.000000
18 3 0.000000
18 4 0.000000
18 5 0.000000
18 6 0.000000
18 7 0.000000
18 8 1449311244597241928870789120.000000
18 9 4209670664592789827605233664.000000
18 10 2321422391388586090912808960.000000
18 11 1502367917475997930905141248.000000
18 12 870007996606012388643176448.000000
18 13 337277501632094385314201600.000000
18 14 -420036863563920475426914304.000000
18 15 -680121492755871364924047360.000000
18 16 -921100091240918323430424576.000000
18 17 -552516620241331458068709376.000000
18 18 -2337920568992301555172507648.000000
18 19 -3014732789648325721374851072.000000
18 20 -4053674371380915402438606848.000000
18 21 -5734521916467682729049194496.000000
18 22 -3279945023396957507515580416.000000
18 23 -1521805325493441980281126912.000000
18 24 0.000000
18 25 0.000000
18 26 0.000000
18 27 0.000000
18 28 0.000000
18 29 0.000000
18 30 0.000000
18 31 0.000000
19 0 0.000000
19 1 0.000000
19 2 0.000000
19 3 0.000000
19 4 0.000000
19 5 0.000000
19 6 0.000000
19 7 0.000000
19 8 3537580515271730127263760384.000000
19 9 4742101547549462640396861440.000000
19 10 2434480272207063087621079040.000000
19 11 1330311741299599380425211904.000000
19 12 961870494696820815706456064.000000
19 13 351783504662825512837578752.000000
19 14 -349395352281554926866268160.000000
19 15 -676087337400903675662041088.000000
19 16 -869940998031536675551707136.000000
19 17 -622628968223198574431698944.000000
19 18 -2502370193356417824624476160.000000
19 19 -2806528964080896292253859840.000000
19 20 -4313076028320281269496709120.000000
19 21 -5555740204975962265726484480.000000
19 22 -3132528974936552048349413376.000000
19 23 -1594073470668227237103271936.000000
19 24 0.000000
19 25 0.000000
19 26 0.000000
19 27 0.000000
19 28 0.000000
19 29 0.000000
19 30 0.000000
19 31 0.000000
20 0 0.000000
20 1 0.000000
20 2 0.000000
20 3 0.000000
20 4 0.000000
20 5 0.000000
20 6 0.000000
20 7 0.000000
20 8 5011939044120160064671580160.000000
20 9 6956136734821782640444571648.000000
20 10 2612563368607224022804987904.000000
20 11 1378663018700033550033354752.000000
20 12 892094209498488539954806784.000000
20 13 194982841175616982672736256.000000
20 14 -174888802856125168097427456.000000
20 15 -459059733166744167040155648.000000
20 16 -857315972600513563587510272.000000
20 17 -762488861376131127064920064.000000
20 18 -2533659708228196555751948288.000000
20 19 -2632466667592993680616587264.000000
20 20 -4504581270856378453789245440.000000
20 21 -5432487030068874884354670592.000000
20 22 -3067004664247209824245252096.000000
20 23 -2354305114652522968594251776.000000
20 24 0.000000
20 25 0.000000
20 26 0.000000
20 27 0.000000
20 28 0.000000
20 29 0.000000
20 30 0.000000
20 31 0.000000
21 0 0.000000
21 1 0.000000
21 2 0.000000
21 3 0.000000
21 4 0.000000
21 5 0.000000
21 6 0.000000
21 7 0.000000
21 8 200032681785554701920216547328.000000
21 9 7485230675562497690187071488.000000
21 10 4879863308031451468629278720.000000
21 11 1721753421431147141833687040.000000
21 12 761163130773041769009381376.000000
21 13 197187817388235632796499968.000000
21 14 -62398030290706224134488064.000000
21 15 -578440272409973259983912960.000000
21 16 -769353632715721399603298304.000000
21 17 -680141710387376150592618496.000000
21 18 -2758775508762402901794488320.000000
21 19 -2508049724495784111052423168.000000
21 20 -4647748370073821949674389504.000000
21 21 -5376576572094939719847116800.000000
21 22 -3695478741584580302040203264.000000
21 23 -1417016308386469732342038528.000000
21 24 0.000000
21 25 0.000000
21 26 0.000000
21 27 0.000000
21 28 0.000000
21 29 0.000000
21 30 0.000000
21 31 0.000000
22 0 0.000000
22 1 0.000000
22 2 0.000000
22 3 0.000000
22 4 0.000000
22 5 0.000000
22 6 0.000000
22 7 0.000000
22 8 -293075708630576737084768256.000000
22 9 3039189925663107613936582656.000000
22 10 8607496938145796364282363904.000000
22 11 3876630490754890968554536960.000000
22 12 951921944256940370005327872.000000
22 13 439341381237057521193058304.000000
22 14 -143730056953084963981361152.000000
22 15 -770997311399665215490490368.000000
22 16 -630567044919973563521302528.000000
22 17 -626497102881502877729161216.000000
22 18 -2746578521580866146265989120.000000
22 19 -2485955542609868117214494720.000000
22 20 -4786247114875043621912969216.000000
22 21 -5437016369821757232820256768.000000
22 22 -4525107036774171366710575104.000000
22 23 -936581041589433148175810560.000000
22 24 0.000000
22 25 0.000000
22 26 0.000000
22 27 0.000000
22 28 0.000000
22 29 0.000000
22 30 0.000000
22 31 0.000000
23 0 0.000000
23 1 0.000000
23 2 0.000000
23 3 0.000000
23 4 0.000000
23 5 0.000000
23 6 0.000000
23 7 0.000000
23 8 -291707034007283783193067520.000000
23 9 3121076055623972441294897152.000000
23 10 787336551856441598253465600.000000
23 11 5621304360632503702462136320.000000
23 12 3326464465323896023810048000.000000
23 13 592162362604548026401816576.000000
23 14 -231784538324525307175895040.000000
23 15 -557623158616280178404360192.000000
23 16 -628889940735768185926582272.000000
23 17 -783132538882043191440179200.000000
23 18 -2838198924602451209173860352.000000
23 19 -2509029025245169203728613376.000000
23 20 -4903331698563882529224392704.000000
23 21 -7039865473154682167494705152.000000
23 22 -2408407496559329417690611712.000000
23 23 -1252291015878915947350720512.000000
23 24 0.000000
23 25 0.000000
23 26 0.000000
23 27 0.000000
23 28 0.000000
23 29 0.000000
23 30 0.000000
23 31 0.000000
24 0 0.000000
24 1 0.000000
24 2 0.000000
24 3 0.000000
24 4 0.000000
24 5 0.000000
24 6 0.000000
24 7 0.000000
24 8 0.000000
24 9 0.000000
24 10 0.000000
24 11 0.000000
24 12 0.000000
24 13 0.000000
24 14 0.000000
24 15 0.000000
24 16 0.000000
24 17 0.000000
24 18 0.000000
24 19 0.000000
24 20 0.000000
24 21 0.000000
24 22 0.000000
24 23 0.000000
24 24 0.000000
24 25 0.000000
24 26 0.000000
24 27 0.000000
24 28 0.000000
24 29 0.000000
24 30 0.000000
24 31 0.000000
25 0 0.000000
25 1 0.000000
25 2 0.000000
25 3 0.000000
25 4 0.000000
25 5 0.000000
25 6 0.000000
25 7 0.000000
25 8 0.000000
25 9 0.000000
25 10 0.000000
25 11 0.000000
25 12 0.000000
25 13 0.000000
25 14 0.000000
25 15 0.000000
25 16 0.000000
25 17 0.000000
25 18 0.000000
25 19 0.000000
25 20 0.000000
25 21 0.000000
25 22 0.000000
25 23 0.000000
25 24 0.000000
25 25 0.000000
25 26 0.000000
25 27 0.000000
25 28 0.000000
25 29 0.000000
25 30 0.000000
25 31 0.000000
26 0 0.000000
26 1 0.000000
26 2 0.000000
26 3 0.000000
26 4 0.000000
26 5 0.000000
26 6 0.000000
26 7 0.000000
26 8 0.000000
26 9 0.000000
26 10 0.000000
26 11 0.000000
26 12 0.000000
26 13 0.000000
26 14 0.000000
26 15 0.000000
26 16 0.000000
26 17 0.000000
26 18 0.000000
26 19 0.000000
26 20 0.000000
26 21 0.000000
26 22 0.000000
26 23 0.000000
26 24 0.000000
26 25 0.000000
26 26 0.000000
26 27 0.000000
26 28 0.000000
26 29 0.000000
26 30 0.000000
26 31 0.000000
27 0 0.000000
27 1 0.000000
27 2 0.000000
27 3 0.000000
27 4 0.000000
27 5 0.000000
27 6 0.000000
27 7 0.000000
27 8 0.000000
27 9 0.000000
27 10 0.000000
27 11 0.000000
27 12 0.000000
27 13 0.000000
27 14 0.000000
27 15 0.000000
27 16 0.000000
27 17 0.000000
27 18 0.000000
27 19 0.000000
27 20 0.000000
27 21 0.000000
27 22 0.000000
27 23 0.000000
27 24 0.000000
27 25 0.000000
27 26 0.000000
27 27 0.000000
27 28 0.000000
27 29 0.000000
27 30 0.000000
27 31 0.000000
28 0 0.000000
28 1 0.000000
28 2 0.000000
28 3 0.000000
28 4 0.000000
28 5 0.000000
28 6 0.000000
28 7 0.000000
28 8 0.000000
28 9 0.000000
28 10 0.000000
28 11 0.000000
28 12 0.000000
28 13 0.000000
28 14 0.000000
28 15 0.000000
28 16 0.000000
28 17 0.000000
28 18 0.000000
28 19 0.000000
28 20 0.000000
28 21 0.000000
28 22 0.000000
28 23 0.000000
28 24 0.000000
28 25 0.000000
28 26 0.000000
28 27 0.000000
28 28 0.000000
28 29 0.000000
28 30 0.000000
28 31 0.000000
29 0 0.000000
29 1 0.000000
29 2 0.000000
29 3 0.000000
29 4 0.000000
29 5 0.000000
29 6 0.000000
29 7 0.000000
29 8 0.000000
29 9 0.000000
29 10 0.000000
29 11 0.000000
29 12 0.000000
29 13 0.000000
29 14 0.000000
29 15 0.000000
29 16 0.000000
29 17 0.000000
29 18 0.000000
29 19 0.000000
29 20 0.000000
29 21 0.000000
29 22 0.000000
29 23 0.000000
29 24 0.000000
29 25 0.000000
29 26 0.000000
29 27 0.000000
29 28 0.000000
29 29 0.000000
29 30 0.000000
29 31 0.000000
30 0 0.000000
30 1 0.000000
30 2 0.000000
30 3 0.000000
30 4 0.000000
30 5 0.000000
30 6 0.000000
30 7 0.000000
30 8 0.000000
30 9 0.000000
30 10 0.000000
30 11 0.000000
30 12 0.000000
30 13 0.000000
30 14 0.000000
30 15 0.000000
30 16 0.000000
30 17 0.000000
30 18 0.000000
30 19 0.000000
30 20 0.000000
30 21 0.000000
30 22 0.000000
30 23 0.000000
30 24 0.000000
30 25 0.000000
30 26 0.000000
30 27 0.000000
30 28 0.000000
30 29 0.000000
30 30 0.000000
30 31 0.000000
31 0 0.000000
31 1 0.000000
31 2 0.000000
31 3 0.000000
31 4 0.000000
31 5 0.000000
31 6 0.000000
31 7 0.000000
31 8 0.000000
31 9 0.000000
31 10 0.000000
31 11 0.000000
31 12 0.000000
31 13 0.000000
31 14 0.000000
31 15 0.000000
31 16 0.000000
31 17 0.000000
31 18 0.000000
31 19 0.000000
31 20 0.000000
31 21 0.000000
31 22 0.000000
31 23 0.000000
31 24 0.000000
31 25 0.000000
31 26 0.000000
31 27 0.000000
31 28 0.000000
31 29 0.000000
31 30 0.000000
31 31 0.000000
