0 0 0.000000
0 1 0.000000
0 2 0.000000
0 3 0.000000
0 4 0.000000
0 5 0.000000
0 6 0.000000
0 7 0.000000
0 8 0.000000
0 9 0.000000
0 10 0.000000
0 11 0.000000
0 12 0.000000
0 13 0.000000
0 14 0.000000
0 15 0.000000
1 0 0.000000
1 1 0.000000
1 2 0.000000
1 3 0.000000
1 4 0.000000
1 5 0.000000
1 6 0.000000
1 7 0.000000
1 8 0.000000
1 9 0.000000
1 10 0.000000
1 11 0.000000
1 12 0.000000
1 13 0.000000
1 14 0.000000
1 15 0.000000
2 0 0.000000
2 1 0.000000
2 2 0.000000
2 3 0.000000
2 4 0.000000
2 5 0.000000
2 6 0.000000
2 7 0.000000
2 8 0.000000
2 9 0.000000
2 10 0.000000
2 11 0.000000
2 12 0.000000
2 13 0.000000
2 14 0.000000
2 15 0.000000
3 0 0.000000
3 1 0.000000
3 2 0.000000
3 3 0.000000
3 4 0.000000
3 5 0.000000
3 6 0.000000
3 7 0.000000
3 8 0.000000
3 9 0.000000
3 10 0.000000
3 11 0.000000
3 12 0.000000
3 13 0.000000
3 14 0.000000
3 15 0.000000
4 0 0.000000
4 1 0.000000
4 2 0.000000
4 3 0.000000
4 4 7.133589
4 5 28.818129
4 6 18.338940
4 7 -36.963989
4 8 -37.643723
4 9 -36.714993
4 10 3.854004
4 11 9.806232
4 12 0.000000
4 13 0.000000
4 14 0.000000
4 15 0.000000
5 0 0.000000
5 1 0.000000
5 2 0.000000
5 3 0.000000
5 4 132.690063
5 5 -32.474888
5 6 14.455828
5 7 15.231567
5 8 17.438747
5 9 23.986629
5 10 13.179514
5 11 5.212139
5 12 0.000000
5 13 0.000000
5 14 0.000000
5 15 0.000000
6 0 0.000000
6 1 0.000000
6 2 0.000000
6 3 0.000000
6 4 -36.820267
6 5 -2.474775
6 6 4.535153
6 7 -14.089426
6 8 -10.486488
6 9 -8.497954
6 10 -6.624313
6 11 -7.407569
6 12 0.000000
6 13 0.000000
6 14 0.000000
6 15 0.000000
7 0 0.000000
7 1 0.000000
7 2 0.000000
7 3 0.000000
7 4 14.003637
7 5 0.843254
7 6 7.770623
7 7 7.807626
7 8 7.912348
7 9 2.020684
7 10 2.533894
7 11 8.632983
7 12 0.000000
7 13 0.000000
7 14 0.000000
7 15 0.000000
8 0 0.000000
8 1 0.000000
8 2 0.000000
8 3 0.000000
8 4 -11.122730
8 5 -3.546509
8 6 2.682098
8 7 -2.413249
8 8 -9.825932
8 9 -1.702924
8 10 1.813766
8 11 -1.403094
8 12 0.000000
8 13 0.000000
8 14 0.000000
8 15 0.000000
9 0 0.000000
9 1 0.000000
9 2 0.000000
9 3 0.000000
9 4 5.690224
9 5 -0.125525
9 6 -2.161769
9 7 -1.456748
9 8 -4.081460
9 9 -0.917646
9 10 4.240393
9 11 -2.401932
9 12 0.000000
9 13 0.000000
9 14 0.000000
9 15 0.000000
10 0 0.000000
10 1 0.000000
10 2 0.000000
10 3 0.000000
10 4 -77.397858
10 5 36.939224
10 6 -5.011457
10 7 3.161091
10 8 1.666708
10 9 -3.613986
10 10 2.591019
10 11 2.267195
10 12 0.000000
10 13 0.000000
10 14 0.000000
10 15 0.000000
11 0 0.000000
11 1 0.000000
11 2 0.000000
11 3 0.000000
11 4 63.855747
11 5 1.316346
11 6 -3.219055
11 7 -9.556233
11 8 3.363514
11 9 -0.364552
11 10 -0.268106
11 11 5.296991
11 12 0.000000
11 13 0.000000
11 14 0.000000
11 15 0.000000
12 0 0.000000
12 1 0.000000
12 2 0.000000
12 3 0.000000
12 4 0.000000
12 5 0.000000
12 6 0.000000
12 7 0.000000
12 8 0.000000
12 9 0.000000
12 10 0.000000
12 11 0.000000
12 12 0.000000
12 13 0.000000
12 14 0.000000
12 15 0.000000
13 0 0.000000
13 1 0.000000
13 2 0.000000
13 3 0.000000
13 4 0.000000
13 5 0.000000
13 6 0.000000
13 7 0.000000
13 8 0.000000
13 9 0.000000
13 10 0.000000
13 11 0.000000
13 12 0.000000
13 13 0.000000
13 14 0.000000
13 15 0.000000
14 0 0.000000
14 1 0.000000
14 2 0.000000
14 3 0.000000
14 4 0.000000
14 5 0.000000
14 6 0.000000
14 7 0.000000
14 8 0.000000
14 9 0.000000
14 10 0.000000
14 11 0.000000
14 12 0.000000
14 13 0.000000
14 14 0.000000
14 15 0.000000
15 0 0.000000
15 1 0.000000
15 2 0.000000
15 3 0.000000
15 4 0.000000
15 5 0.000000
15 6 0.000000
15 7 0.000000
15 8 0.000000
15 9 0.000000
15 10 0.000000
15 11 0.000000
15 12 0.000000
15 13 0.000000
15 14 0.000000
15 15 0.000000
