0 0 2.699997
0 1 3.050001
0 2 3.050001
0 3 3.050001
0 4 3.050001
0 5 3.050001
0 6 3.050001
0 7 3.050001
0 8 3.050001
0 9 3.050001
0 10 3.050001
0 11 3.050001
0 12 3.050001
0 13 3.050001
0 14 3.050001
0 15 3.050001
0 16 3.050001
0 17 3.050000
0 18 3.050001
0 19 3.050001
0 20 3.050001
0 21 3.050000
0 22 3.050000
0 23 3.050001
0 24 3.050001
0 25 3.050001
0 26 3.050001
0 27 3.050001
0 28 3.050000
0 29 3.050001
0 30 3.050000
0 31 3.050001
1 0 4.266548
1 1 4.283519
1 2 4.346282
1 3 4.357595
1 4 4.422297
1 5 4.439267
1 6 4.456239
1 7 4.473208
1 8 4.490179
1 9 4.607151
1 10 4.624121
1 11 4.641090
1 12 4.658062
1 13 4.675032
1 14 4.740624
1 15 4.751939
1 16 4.813812
1 17 4.830783
1 18 4.847754
1 19 4.864725
1 20 4.881695
1 21 4.898666
1 22 5.015635
1 23 5.032606
1 24 5.049578
1 25 5.066547
1 26 5.083518
1 27 5.146281
1 28 5.157597
1 29 5.222298
1 30 5.239268
1 31 5.256238
2 0 3.080669
2 1 3.020734
2 2 3.009419
2 3 2.998106
2 4 2.986792
2 5 2.975478
2 6 2.917438
2 7 2.911782
2 8 2.906124
2 9 2.900467
2 10 2.894810
2 11 2.889153
2 12 2.883497
2 13 2.826390
2 14 2.815076
2 15 2.803763
2 16 2.792449
2 17 2.781135
2 18 2.669821
2 19 2.658508
2 20 2.647193
2 21 2.635880
2 22 2.624566
2 23 2.613252
2 24 2.601939
2 25 2.590625
2 26 2.525033
2 27 2.508062
2 28 2.491092
2 29 2.474121
2 30 2.457151
2 31 2.340180
3 0 0.000000
3 1 0.000000
3 2 0.000000
3 3 0.000000
3 4 0.000000
3 5 0.000000
3 6 0.000000
3 7 0.000000
3 8 0.000000
3 9 0.000000
3 10 0.000000
3 11 0.000000
3 12 0.000000
3 13 0.000000
3 14 0.000000
3 15 0.000000
3 16 0.000000
3 17 0.000000
3 18 0.000000
3 19 0.000000
3 20 0.000000
3 21 0.000000
3 22 0.000000
3 23 0.000000
3 24 0.000000
3 25 0.000000
3 26 0.000000
3 27 0.000000
3 28 0.000000
3 29 0.000000
3 30 0.000000
3 31 0.000000
4 0 0.000000
4 1 0.000000
4 2 0.000000
4 3 0.000000
4 4 0.000000
4 5 0.000000
4 6 0.000000
4 7 0.000000
4 8 0.000000
4 9 0.000000
4 10 0.000000
4 11 0.000000
4 12 0.000000
4 13 0.000000
4 14 0.000000
4 15 0.000000
4 16 0.000000
4 17 0.000000
4 18 0.000000
4 19 0.000000
4 20 0.000000
4 21 0.000000
4 22 0.000000
4 23 0.000000
4 24 0.000000
4 25 0.000000
4 26 0.000000
4 27 0.000000
4 28 0.000000
4 29 0.000000
4 30 0.000000
4 31 0.000000
5 0 0.000000
5 1 0.000000
5 2 0.000000
5 3 0.000000
5 4 0.000000
5 5 0.000000
5 6 0.000000
5 7 0.000000
5 8 0.000000
5 9 0.000000
5 10 0.000000
5 11 0.000000
5 12 0.000000
5 13 0.000000
5 14 0.000000
5 15 0.000000
5 16 0.000000
5 17 0.000000
5 18 0.000000
5 19 0.000000
5 20 0.000000
5 21 0.000000
5 22 0.000000
5 23 0.000000
5 24 0.000000
5 25 0.000000
5 26 0.000000
5 27 0.000000
5 28 0.000000
5 29 0.000000
5 30 0.000000
5 31 0.000000
6 0 0.000000
6 1 0.000000
6 2 0.000000
6 3 0.000000
6 4 0.000000
6 5 0.000000
6 6 0.000000
6 7 0.000000
6 8 0.000000
6 9 0.000000
6 10 0.000000
6 11 0.000000
6 12 0.000000
6 13 0.000000
6 14 0.000000
6 15 0.000000
6 16 0.000000
6 17 0.000000
6 18 0.000000
6 19 0.000000
6 20 0.000000
6 21 0.000000
6 22 0.000000
6 23 0.000000
6 24 0.000000
6 25 0.000000
6 26 0.000000
6 27 0.000000
6 28 0.000000
6 29 0.000000
6 30 0.000000
6 31 0.000000
7 0 0.000000
7 1 0.000000
7 2 0.000000
7 3 0.000000
7 4 0.000000
7 5 0.000000
7 6 0.000000
7 7 0.000000
7 8 0.000000
7 9 0.000000
7 10 0.000000
7 11 0.000000
7 12 0.000000
7 13 0.000000
7 14 0.000000
7 15 0.000000
7 16 0.000000
7 17 0.000000
7 18 0.000000
7 19 0.000000
7 20 0.000000
7 21 0.000000
7 22 0.000000
7 23 0.000000
7 24 0.000000
7 25 0.000000
7 26 0.000000
7 27 0.000000
7 28 0.000000
7 29 0.000000
7 30 0.000000
7 31 0.000000
8 0 0.000000
8 1 0.000000
8 2 0.000000
8 3 0.000000
8 4 0.000000
8 5 0.000000
8 6 0.000000
8 7 0.000000
8 8 23085931881707831247765504.000000
8 9 1159433205264866447720448.000000
8 10 -1344265833888546182660096.000000
8 11 101354380934400119104602112.000000
8 12 -968188027232563429900288.000000
8 13 1387710222025141390409728.000000
8 14 -823959996964444162752512.000000
8 15 -2561407660375379900628992.000000
8 16 -2474436738444986247282688.000000
8 17 -1924005494951071543459840.000000
8 18 -2311853189017209445285888.000000
8 19 -10053892877756373309325312.000000
8 20 -2715635987659270882590720.000000
8 21 100092061014064137632743424.000000
8 22 -13325254612689089688764416.000000
8 23 -7447041663355409928290304.000000
8 24 0.000000
8 25 0.000000
8 26 0.000000
8 27 0.000000
8 28 0.000000
8 29 0.000000
8 30 0.000000
8 31 0.000000
9 0 0.000000
9 1 0.000000
9 2 0.000000
9 3 0.000000
9 4 0.000000
9 5 0.000000
9 6 0.000000
9 7 0.000000
9 8 13001011580419478472622080.000000
9 9 801393504066804157251584.000000
9 10 6272749605739170436743168.000000
9 11 4330362218549023476809728.000000
9 12 3775451010318582717349888.000000
9 13 437458194639746678915072.000000
9 14 -204925852692358920929280.000000
9 15 -1766828859149524702068736.000000
9 16 -1725429465531725889142784.000000
9 17 -1400636489704417206992896.000000
9 18 -1458314990852076623364096.000000
9 19 -4557050221245574032654336.000000
9 20 -8237535375460066916302848.000000
9 21 -4112280774884363033640960.000000
9 22 -6394771935482997603565568.000000
9 23 -3693639412121304704221184.000000
9 24 0.000000
9 25 0.000000
9 26 0.000000
9 27 0.000000
9 28 0.000000
9 29 0.000000
9 30 0.000000
9 31 0.000000
10 0 0.000000
10 1 0.000000
10 2 0.000000
10 3 0.000000
10 4 0.000000
10 5 0.000000
10 6 0.000000
10 7 0.000000
10 8 12980015726899083182342144.000000
10 9 776788141545860980801536.000000
10 10 5404199072547363784491008.000000
10 11 5196815587523950274412544.000000
10 12 1599665761390261428027392.000000
10 13 207152720578507045863424.000000
10 14 -645213064502831669575680.000000
10 15 -1791443589157692809150464.000000
10 16 -1521436434422984964308992.000000
10 17 -1662945299322488982863872.000000
10 18 -1304896158579607723835392.000000
10 19 -4197261754297805269106688.000000
10 20 -4813114663879507049447424.000000
10 21 -9427564235153437565648896.000000
10 22 -6943094485544986384269312.000000
10 23 -3632181201935979815895040.000000
10 24 0.000000
10 25 0.000000
10 26 0.000000
10 27 0.000000
10 28 0.000000
10 29 0.000000
10 30 0.000000
10 31 0.000000
11 0 0.000000
11 1 0.000000
11 2 0.000000
11 3 0.000000
11 4 0.000000
11 5 0.000000
11 6 0.000000
11 7 0.000000
11 8 106799712211006589065232384.000000
11 9 4669479955840696080924672.000000
11 10 4656824912945379025092608.000000
11 11 2478307095935951432581120.000000
11 12 1155267699868721909596160.000000
11 13 363440489928799027200000.000000
11 14 -608385364938769194549248.000000
11 15 -1788956737472255840223232.000000
11 16 -1401192918445578086514688.000000
11 17 -1570173020496101751390208.000000
11 18 -1324648298026908377939968.000000
11 19 -4423597827705074584911872.000000
11 20 -4020677990809211372568576.000000
11 21 -7688488214232432732274688.000000
11 22 -9717611039135657397059584.000000
11 23 -5833449042535062016360448.000000
11 24 0.000000
11 25 0.000000
11 26 0.000000
11 27 0.000000
11 28 0.000000
11 29 0.000000
11 30 0.000000
11 31 0.000000
12 0 0.000000
12 1 0.000000
12 2 0.000000
12 3 0.000000
12 4 0.000000
12 5 0.000000
12 6 0.000000
12 7 0.000000
12 8 18639126320575773136650240.000000
12 9 6153121317499659387666432.000000
12 10 2000084767427444313423872.000000
12 11 2113130738566778721402880.000000
12 12 1088273448848651093803008.000000
12 13 547900832992881807458304.000000
12 14 -516902124412126455922688.000000
12 15 -1719428076754683023065088.000000
12 16 -1613405415191037375152128.000000
12 17 -1519614386100141918519296.000000
12 18 -1139019577104297615163392.000000
12 19 -4650572907856272245653504.000000
12 20 -3854212842905799468515328.000000
12 21 -8004365071603864363335680.000000
12 22 -7365249953054086383271936.000000
12 23 -5289025673001653592129536.000000
12 24 0.000000
12 25 0.000000
12 26 0.000000
12 27 0.000000
12 28 0.000000
12 29 0.000000
12 30 0.000000
12 31 0.000000
13 0 0.000000
13 1 0.000000
13 2 0.000000
13 3 0.000000
13 4 0.000000
13 5 0.000000
13 6 0.000000
13 7 0.000000
13 8 20468184406166828555960320.000000
13 9 4582766423636205906165760.000000
13 10 2484785650100713457451008.000000
13 11 1933282189607514385940480.000000
13 12 1126948561008657965252608.000000
13 13 612032704176186992885760.000000
13 14 -756883816459952222896128.000000
13 15 -1191013022312740669095936.000000
13 16 -1276222712529659287830528.000000
13 17 -1424542461217628254896128.000000
13 18 -1949260816970236829892608.000000
13 19 -4924829298911396700880896.000000
13 20 -4826487976872194170945536.000000
13 21 -8640701072866787538763776.000000
13 22 -5167658202672443114389504.000000
13 23 -2558590496678873070043136.000000
13 24 0.000000
13 25 0.000000
13 26 0.000000
13 27 0.000000
13 28 0.000000
13 29 0.000000
13 30 0.000000
13 31 0.000000
14 0 0.000000
14 1 0.000000
14 2 0.000000
14 3 0.000000
14 4 0.000000
14 5 0.000000
14 6 0.000000
14 7 0.000000
14 8 17804069886475052299321344.000000
14 9 4275812025788926663852032.000000
14 10 2633086231468668335685632.000000
14 11 2119583784343251319783424.000000
14 12 1083244189072773913509888.000000
14 13 599892116473503723552768.000000
14 14 -805570826908370915557376.000000
14 15 -1115587240156697867583488.000000
14 16 -1197839902887082037608448.000000
14 17 -1301399924116887460380672.000000
14 18 -2325503635516566437625856.000000
14 19 -4787444578349059449815040.000000
14 20 -4700633624277429996486656.000000
14 21 -8252618471044085991866368.000000
14 22 -5031769109531957095563264.000000
14 23 -2268324925841154089418752.000000
14 24 0.000000
14 25 0.000000
14 26 0.000000
14 27 0.000000
14 28 0.000000
14 29 0.000000
14 30 0.000000
14 31 0.000000
15 0 0.000000
15 1 0.000000
15 2 0.000000
15 3 0.000000
15 4 0.000000
15 5 0.000000
15 6 0.000000
15 7 0.000000
15 8 23931682815685285197643776.000000
15 9 4597492978244925314301952.000000
15 10 2743888040899285516025856.000000
15 11 2003632451012307657424896.000000
15 12 1067659860864627011223552.000000
15 13 791814095457807979511808.000000
15 14 -705156912291855464398848.000000
15 15 -1084120553531463193067520.000000
15 16 -1284627366183055126429696.000000
15 17 -1054821575507671504650240.000000
15 18 -2556934036707129182650368.000000
15 19 -4756647450887625201680384.000000
15 20 -4702894503347964023406592.000000
15 21 -8096176822701726015422464.000000
15 22 -4923380076580105894232064.000000
15 23 -2215822033442862884978688.000000
15 24 0.000000
15 25 0.000000
15 26 0.000000
15 27 0.000000
15 28 0.000000
15 29 0.000000
15 30 0.000000
15 31 0.000000
16 0 0.000000
16 1 0.000000
16 2 0.000000
16 3 0.000000
16 4 0.000000
16 5 0.000000
16 6 0.000000
16 7 0.000000
16 8 548604176503762104428265472.000000
16 9 5569369489601102199390208.000000
16 10 2810003477502469762711552.000000
16 11 1800193110456154170851328.000000
16 12 1283385525607405476380672.000000
16 13 687818846360013472006144.000000
16 14 -734085442224698165297152.000000
16 15 -820423049961092470013952.000000
16 16 -1251137734662799663038464.000000
16 17 -1231355763371567306768384.000000
16 18 -2620140940584566506127360.000000
16 19 -4414291157089511964409856.000000
16 20 -5095962049526209424916480.000000
16 21 -8004509186791940219207680.000000
16 22 -4710008605492140572672000.000000
16 23 -2237905091942102431956992.000000
16 24 0.000000
16 25 0.000000
16 26 0.000000
16 27 0.000000
16 28 0.000000
16 29 0.000000
16 30 0.000000
16 31 0.000000
17 0 0.000000
17 1 0.000000
17 2 0.000000
17 3 0.000000
17 4 0.000000
17 5 0.000000
17 6 0.000000
17 7 0.000000
17 8 1637532027057192558395392.000000
17 9 5541827924238301535404032.000000
17 10 2934425613358136081514496.000000
17 11 2089218714215668487553024.000000
17 12 1419219854976422669975552.000000
17 13 525824295705902692958208.000000
17 14 -682443854247942313476096.000000
17 15 -789680398040750895398912.000000
17 16 -1353799485925328276160512.000000
17 17 -1166751374515358408900608.000000
17 18 -2889672082853059799023616.000000
17 19 -4179234385421396458078208.000000
17 20 -5380422948818609082728448.000000
17 21 -7887189047404652077776896.000000
17 22 -4565774090040557892009984.000000
17 23 -2135587775979075114369024.000000
17 24 0.000000
17 25 0.000000
17 26 0.000000
17 27 0.000000
17 28 0.000000
17 29 0.000000
17 30 0.000000
17 31 0.000000
18 0 0.000000
18 1 0.000000
18 2 0.000000
18 3 0.000000
18 4 0.000000
18 5 0.000000
18 6 0.000000
18 7 0.000000
18 8 1952376443221248757989376.000000
18 9 5670873851788193614004224.000000
18 10 3127202735839685447254016.000000
18 11 2023849361941152946716672.000000
18 12 1171992988020865362821120.000000
18 13 454348638797425062969344.000000
18 14 -565834382881853236314112.000000
18 15 -916196023176001134526464.000000
18 16 -1240820096002884913594368.000000
18 17 -744298813546040033017856.000000
18 18 -3149427891914367788122112.000000
18 19 -4061165711747242321248256.000000
18 20 -5460730272682751312265216.000000
18 21 -7725010461655368430780416.000000
18 22 -4418435333437821275865088.000000
18 23 -2050033794577843275956224.000000
18 24 0.000000
18 25 0.000000
18 26 0.000000
18 27 0.000000
18 28 0.000000
18 29 0.000000
18 30 0.000000
18 31 0.000000
19 0 0.000000
19 1 0.000000
19 2 0.000000
19 3 0.000000
19 4 0.000000
19 5 0.000000
19 6 0.000000
19 7 0.000000
19 8 4765496988126611207356416.000000
19 9 6388116696097654579396608.000000
19 10 3279503378367873781071872.000000
19 11 1792071499032139313184768.000000
19 12 1295741673602653207134208.000000
19 13 473889685522991607185408.000000
19 14 -470672782323559371374592.000000
19 15 -910761583548848685449216.000000
19 16 -1171902771913129877045248.000000
19 17 -838747512297719657922560.000000
19 18 -3370959164951188069154816.000000
19 19 -3780692191478525443702784.000000
19 20 -5810172710278554382761984.000000
19 21 -7484173229793530345422848.000000
19 22 -4219849504185686463348736.000000
19 23 -2147386774657221586321408.000000
19 24 0.000000
19 25 0.000000
19 26 0.000000
19 27 0.000000
19 28 0.000000
19 29 0.000000
19 30 0.000000
19 31 0.000000
20 0 0.000000
20 1 0.000000
20 2 0.000000
20 3 0.000000
20 4 0.000000
20 5 0.000000
20 6 0.000000
20 7 0.000000
20 8 6751614399756119721377792.000000
20 9 9370656606146795902337024.000000
20 10 3519400402742704982720512.000000
20 11 1857205511204526981382144.000000
20 12 1201745784771907921379328.000000
20 13 262662594390399492554752.000000
20 14 -235593708830089126346752.000000
20 15 -618402451373951746572288.000000
20 16 -1154896026798674277302272.000000
20 17 -1027153981412898504704000.000000
20 18 -3413109398698862091173888.000000
20 19 -3546213033484217967706112.000000
20 20 -6068149849688630158688256.000000
20 21 -7318136392229079885021184.000000
20 22 -4131582122023362410577920.000000
20 23 -3171499132968185114918912.000000
20 24 0.000000
20 25 0.000000
20 26 0.000000
20 27 0.000000
20 28 0.000000
20 29 0.000000
20 30 0.000000
20 31 0.000000
21 0 0.000000
21 1 0.000000
21 2 0.000000
21 3 0.000000
21 4 0.000000
21 5 0.000000
21 6 0.000000
21 7 0.000000
21 8 269465333509010334070865920.000000
21 9 10083401903666785557676032.000000
21 10 6573695553165191096041472.000000
21 11 2319385369321994052435968.000000
21 12 1025367457483916157386752.000000
21 13 265632844445439901040640.000000
21 14 -84056948856296866578432.000000
21 15 -779220517690205276209152.000000
21 16 -1036401132455785796730880.000000
21 17 -916223477119329585070080.000000
21 18 -3716364071437857961541632.000000
21 19 -3378609663825382953975808.000000
21 20 -6261011711900768127680512.000000
21 21 -7242820642019132999467008.000000
21 22 -4978202647045666074787840.000000
21 23 -1908871670820849766629376.000000
21 24 0.000000
21 25 0.000000
21 26 0.000000
21 27 0.000000
21 28 0.000000
21 29 0.000000
21 30 0.000000
21 31 0.000000
22 0 0.000000
22 1 0.000000
22 2 0.000000
22 3 0.000000
22 4 0.000000
22 5 0.000000
22 6 0.000000
22 7 0.000000
22 8 -394804206252153502695424.000000
22 9 4094112461354016035569664.000000
22 10 11595215190521193321988096.000000
22 11 5222234047936017429692416.000000
22 12 1282339825802727066173440.000000
22 13 591839500195780181884928.000000
22 14 -193619763986228895023104.000000
22 15 -1038615678493353435987968.000000
22 16 -849440859252948163624960.000000
22 17 -843958357210572416614400.000000
22 18 -3699933210614953481863168.000000
22 19 -3348846130492828744155136.000000
22 20 -6447584963766028049842176.000000
22 21 -7324239958674468532912128.000000
22 22 -6095800942594368473137152.000000
22 23 -1261674284293401637552128.000000
22 24 0.000000
22 25 0.000000
22 26 0.000000
22 27 0.000000
22 28 0.000000
22 29 0.000000
22 30 0.000000
22 31 0.000000
23 0 0.000000
23 1 0.000000
23 2 0.000000
23 3 0.000000
23 4 0.000000
23 5 0.000000
23 6 0.000000
23 7 0.000000
23 8 -392960468593505040596992.000000
23 9 4204422261532542243962880.000000
23 10 1060626102937802751606784.000000
23 11 7572495087496947071713280.000000
23 12 4481101517129597988110336.000000
23 13 797705668461537043415040.000000
23 14 -312238633419659630608384.000000
23 15 -751178079991246975139840.000000
23 16 -847181565449482971119616.000000
23 17 -1054963168679956033044480.000000
23 18 -3823354898834997209202688.000000
23 19 -3379929182487405490339840.000000
23 20 -6605309813743015446970368.000000
23 21 -9483448646324740652269568.000000
23 22 -3244381642342659249930240.000000
23 23 -1686969445289922232582144.000000
23 24 0.000000
23 25 0.000000
23 26 0.000000
23 27 0.000000
23 28 0.000000
23 29 0.000000
23 30 0.000000
23 31 0.000000
24 0 0.000000
24 1 0.000000
24 2 0.000000
24 3 0.000000
24 4 0.000000
24 5 0.000000
24 6 0.000000
24 7 0.000000
24 8 0.000000
24 9 0.000000
24 10 0.000000
24 11 0.000000
24 12 0.000000
24 13 0.000000
24 14 0.000000
24 15 0.000000
24 16 0.000000
24 17 0.000000
24 18 0.000000
24 19 0.000000
24 20 0.000000
24 21 0.000000
24 22 0.000000
24 23 0.000000
24 24 0.000000
24 25 0.000000
24 26 0.000000
24 27 0.000000
24 28 0.000000
24 29 0.000000
24 30 0.000000
24 31 0.000000
25 0 0.000000
25 1 0.000000
25 2 0.000000
25 3 0.000000
25 4 0.000000
25 5 0.000000
25 6 0.000000
25 7 0.000000
25 8 0.000000
25 9 0.000000
25 10 0.000000
25 11 0.000000
25 12 0.000000
25 13 0.000000
25 14 0.000000
25 15 0.000000
25 16 0.000000
25 17 0.000000
25 18 0.000000
25 19 0.000000
25 20 0.000000
25 21 0.000000
25 22 0.000000
25 23 0.000000
25 24 0.000000
25 25 0.000000
25 26 0.000000
25 27 0.000000
25 28 0.000000
25 29 0.000000
25 30 0.000000
25 31 0.000000
26 0 0.000000
26 1 0.000000
26 2 0.000000
26 3 0.000000
26 4 0.000000
26 5 0.000000
26 6 0.000000
26 7 0.000000
26 8 0.000000
26 9 0.000000
26 10 0.000000
26 11 0.000000
26 12 0.000000
26 13 0.000000
26 14 0.000000
26 15 0.000000
26 16 0.000000
26 17 0.000000
26 18 0.000000
26 19 0.000000
26 20 0.000000
26 21 0.000000
26 22 0.000000
26 23 0.000000
26 24 0.000000
26 25 0.000000
26 26 0.000000
26 27 0.000000
26 28 0.000000
26 29 0.000000
26 30 0.000000
26 31 0.000000
27 0 0.000000
27 1 0.000000
27 2 0.000000
27 3 0.000000
27 4 0.000000
27 5 0.000000
27 6 0.000000
27 7 0.000000
27 8 0.000000
27 9 0.000000
27 10 0.000000
27 11 0.000000
27 12 0.000000
27 13 0.000000
27 14 0.000000
27 15 0.000000
27 16 0.000000
27 17 0.000000
27 18 0.000000
27 19 0.000000
27 20 0.000000
27 21 0.000000
27 22 0.000000
27 23 0.000000
27 24 0.000000
27 25 0.000000
27 26 0.000000
27 27 0.000000
27 28 0.000000
27 29 0.000000
27 30 0.000000
27 31 0.000000
28 0 0.000000
28 1 0.000000
28 2 0.000000
28 3 0.000000
28 4 0.000000
28 5 0.000000
28 6 0.000000
28 7 0.000000
28 8 0.000000
28 9 0.000000
28 10 0.000000
28 11 0.000000
28 12 0.000000
28 13 0.000000
28 14 0.000000
28 15 0.000000
28 16 0.000000
28 17 0.000000
28 18 0.000000
28 19 0.000000
28 20 0.000000
28 21 0.000000
28 22 0.000000
28 23 0.000000
28 24 0.000000
28 25 0.000000
28 26 0.000000
28 27 0.000000
28 28 0.000000
28 29 0.000000
28 30 0.000000
28 31 0.000000
29 0 0.000000
29 1 0.000000
29 2 0.000000
29 3 0.000000
29 4 0.000000
29 5 0.000000
29 6 0.000000
29 7 0.000000
29 8 0.000000
29 9 0.000000
29 10 0.000000
29 11 0.000000
29 12 0.000000
29 13 0.000000
29 14 0.000000
29 15 0.000000
29 16 0.000000
29 17 0.000000
29 18 0.000000
29 19 0.000000
29 20 0.000000
29 21 0.000000
29 22 0.000000
29 23 0.000000
29 24 0.000000
29 25 0.000000
29 26 0.000000
29 27 0.000000
29 28 0.000000
29 29 0.000000
29 30 0.000000
29 31 0.000000
30 0 0.000000
30 1 0.000000
30 2 0.000000
30 3 0.000000
30 4 0.000000
30 5 0.000000
30 6 0.000000
30 7 0.000000
30 8 0.000000
30 9 0.000000
30 10 0.000000
30 11 0.000000
30 12 0.000000
30 13 0.000000
30 14 0.000000
30 15 0.000000
30 16 0.000000
30 17 0.000000
30 18 0.000000
30 19 0.000000
30 20 0.000000
30 21 0.000000
30 22 0.000000
30 23 0.000000
30 24 0.000000
30 25 0.000000
30 26 0.000000
30 27 0.000000
30 28 0.000000
30 29 0.000000
30 30 0.000000
30 31 0.000000
31 0 0.000000
31 1 0.000000
31 2 0.000000
31 3 0.000000
31 4 0.000000
31 5 0.000000
31 6 0.000000
31 7 0.000000
31 8 0.000000
31 9 0.000000
31 10 0.000000
31 11 0.000000
31 12 0.000000
31 13 0.000000
31 14 0.000000
31 15 0.000000
31 16 0.000000
31 17 0.000000
31 18 0.000000
31 19 0.000000
31 20 0.000000
31 21 0.000000
31 22 0.000000
31 23 0.000000
31 24 0.000000
31 25 0.000000
31 26 0.000000
31 27 0.000000
31 28 0.000000
31 29 0.000000
31 30 0.000000
31 31 0.000000
