0 0 2.699997
0 1 3.050001
0 2 3.050001
0 3 3.050001
0 4 3.050001
0 5 3.050001
0 6 3.050001
0 7 3.050001
0 8 3.050001
0 9 3.050001
0 10 3.050001
0 11 3.050001
0 12 3.050001
0 13 3.050001
0 14 3.050001
0 15 3.050001
0 16 3.050001
0 17 3.050000
0 18 3.050001
0 19 3.050001
0 20 3.050001
0 21 3.050000
0 22 3.050000
0 23 3.050001
0 24 3.050001
0 25 3.050001
0 26 3.050001
0 27 3.050001
0 28 3.050000
0 29 3.050001
0 30 3.050000
0 31 3.050001
1 0 4.266548
1 1 4.283519
1 2 4.346282
1 3 4.357595
1 4 4.422297
1 5 4.439267
1 6 4.456239
1 7 4.473208
1 8 4.490179
1 9 4.607151
1 10 4.624121
1 11 4.641090
1 12 4.658062
1 13 4.675032
1 14 4.740624
1 15 4.751939
1 16 4.813812
1 17 4.830783
1 18 4.847754
1 19 4.864725
1 20 4.881695
1 21 4.898666
1 22 5.015635
1 23 5.032606
1 24 5.049578
1 25 5.066547
1 26 5.083518
1 27 5.146281
1 28 5.157597
1 29 5.222298
1 30 5.239268
1 31 5.256238
2 0 3.080669
2 1 3.020734
2 2 3.009419
2 3 2.998106
2 4 2.986792
2 5 2.975478
2 6 2.917438
2 7 2.911782
2 8 2.906124
2 9 2.900467
2 10 2.894810
2 11 2.889153
2 12 2.883497
2 13 2.826390
2 14 2.815076
2 15 2.803763
2 16 2.792449
2 17 2.781135
2 18 2.669821
2 19 2.658508
2 20 2.647193
2 21 2.635880
2 22 2.624566
2 23 2.613252
2 24 2.601939
2 25 2.590625
2 26 2.525033
2 27 2.508062
2 28 2.491092
2 29 2.474121
2 30 2.457151
2 31 2.340180
3 0 0.000000
3 1 0.000000
3 2 0.000000
3 3 0.000000
3 4 0.000000
3 5 0.000000
3 6 0.000000
3 7 0.000000
3 8 0.000000
3 9 0.000000
3 10 0.000000
3 11 0.000000
3 12 0.000000
3 13 0.000000
3 14 0.000000
3 15 0.000000
3 16 0.000000
3 17 0.000000
3 18 0.000000
3 19 0.000000
3 20 0.000000
3 21 0.000000
3 22 0.000000
3 23 0.000000
3 24 0.000000
3 25 0.000000
3 26 0.000000
3 27 0.000000
3 28 0.000000
3 29 0.000000
3 30 0.000000
3 31 0.000000
4 0 0.000000
4 1 0.000000
4 2 0.000000
4 3 0.000000
4 4 0.000000
4 5 0.000000
4 6 0.000000
4 7 0.000000
4 8 0.000000
4 9 0.000000
4 10 0.000000
4 11 0.000000
4 12 0.000000
4 13 0.000000
4 14 0.000000
4 15 0.000000
4 16 0.000000
4 17 0.000000
4 18 0.000000
4 19 0.000000
4 20 0.000000
4 21 0.000000
4 22 0.000000
4 23 0.000000
4 24 0.000000
4 25 0.000000
4 26 0.000000
4 27 0.000000
4 28 0.000000
4 29 0.000000
4 30 0.000000
4 31 0.000000
5 0 0.000000
5 1 0.000000
5 2 0.000000
5 3 0.000000
5 4 0.000000
5 5 0.000000
5 6 0.000000
5 7 0.000000
5 8 0.000000
5 9 0.000000
5 10 0.000000
5 11 0.000000
5 12 0.000000
5 13 0.000000
5 14 0.000000
5 15 0.000000
5 16 0.000000
5 17 0.000000
5 18 0.000000
5 19 0.000000
5 20 0.000000
5 21 0.000000
5 22 0.000000
5 23 0.000000
5 24 0.000000
5 25 0.000000
5 26 0.000000
5 27 0.000000
5 28 0.000000
5 29 0.000000
5 30 0.000000
5 31 0.000000
6 0 0.000000
6 1 0.000000
6 2 0.000000
6 3 0.000000
6 4 0.000000
6 5 0.000000
6 6 0.000000
6 7 0.000000
6 8 0.000000
6 9 0.000000
6 10 0.000000
6 11 0.000000
6 12 0.000000
6 13 0.000000
6 14 0.000000
6 15 0.000000
6 16 0.000000
6 17 0.000000
6 18 0.000000
6 19 0.000000
6 20 0.000000
6 21 0.000000
6 22 0.000000
6 23 0.000000
6 24 0.000000
6 25 0.000000
6 26 0.000000
6 27 0.000000
6 28 0.000000
6 29 0.000000
6 30 0.000000
6 31 0.000000
7 0 0.000000
7 1 0.000000
7 2 0.000000
7 3 0.000000
7 4 0.000000
7 5 0.000000
7 6 0.000000
7 7 0.000000
7 8 0.000000
7 9 0.000000
7 10 0.000000
7 11 0.000000
7 12 0.000000
7 13 0.000000
7 14 0.000000
7 15 0.000000
7 16 0.000000
7 17 0.000000
7 18 0.000000
7 19 0.000000
7 20 0.000000
7 21 0.000000
7 22 0.000000
7 23 0.000000
7 24 0.000000
7 25 0.000000
7 26 0.000000
7 27 0.000000
7 28 0.000000
7 29 0.000000
7 30 0.000000
7 31 0.000000
8 0 0.000000
8 1 0.000000
8 2 0.000000
8 3 0.000000
8 4 0.000000
8 5 0.000000
8 6 0.000000
8 7 0.000000
8 8 679769508702818656059392.000000
8 9 34139730630066021859328.000000
8 10 -39582159642957426196480.000000
8 11 2984398707744943711977472.000000
8 12 -28508474691998227365888.000000
8 13 40861384599113878732800.000000
8 14 -24261659056381328621568.000000
8 15 -75421120930428473049088.000000
8 16 -72860261592314924761088.000000
8 17 -56652707253333983756288.000000
8 18 -68072953202818596995072.000000
8 19 -296038753214443728928768.000000
8 20 -79962393168681923248128.000000
8 21 2947228806666795117182976.000000
8 22 -392364588319608395530240.000000
8 23 -219279545280729070960640.000000
8 24 0.000000
8 25 0.000000
8 26 0.000000
8 27 0.000000
8 28 0.000000
8 29 0.000000
8 30 0.000000
8 31 0.000000
9 0 0.000000
9 1 0.000000
9 2 0.000000
9 3 0.000000
9 4 0.000000
9 5 0.000000
9 6 0.000000
9 7 0.000000
9 8 382817173282365057794048.000000
9 9 23597177701160762474496.000000
9 10 184702312464862142267392.000000
9 11 127508326579513753337856.000000
9 12 111168852800247875764224.000000
9 13 12881032398718600478720.000000
9 14 -6034088288037296406528.000000
9 15 -52024610117864457764864.000000
9 16 -50805584777927066648576.000000
9 17 -41241992810822214090752.000000
9 18 -42940358777098783948800.000000
9 19 -134183174637634348646400.000000
9 20 -242555751436447138185216.000000
9 21 -121086878058026786357248.000000
9 22 -188295266233179814494208.000000
9 23 -108759913388364416417792.000000
9 24 0.000000
9 25 0.000000
9 26 0.000000
9 27 0.000000
9 28 0.000000
9 29 0.000000
9 30 0.000000
9 31 0.000000
10 0 0.000000
10 1 0.000000
10 2 0.000000
10 3 0.000000
10 4 0.000000
10 5 0.000000
10 6 0.000000
10 7 0.000000
10 8 382198991183113674031104.000000
10 9 22872670118306788671488.000000
10 10 159127667217717778186240.000000
10 11 153021182439770594213888.000000
10 12 47102459451925029978112.000000
10 13 6099649439612742402048.000000
10 14 -18998417013663927894016.000000
10 15 -52749387916696073797632.000000
10 16 -44798985336115332907008.000000
10 17 -48965724718557770547200.000000
10 18 -38422919588073378414592.000000
10 19 -123589177090185636085760.000000
10 20 -141723056097781759344640.000000
10 21 -277596422668369000398848.000000
10 22 -204440724940498571100160.000000
10 23 -106950249964496639492096.000000
10 24 0.000000
10 25 0.000000
10 26 0.000000
10 27 0.000000
10 28 0.000000
10 29 0.000000
10 30 0.000000
10 31 0.000000
11 0 0.000000
11 1 0.000000
11 2 0.000000
11 3 0.000000
11 4 0.000000
11 5 0.000000
11 6 0.000000
11 7 0.000000
11 8 3144737519003250982912000.000000
11 9 137493698666120362328064.000000
11 10 137121070832951727489024.000000
11 11 72974207166487025680384.000000
11 12 34017075094214586400768.000000
11 13 10701580661247245811712.000000
11 14 -17914017777387523014656.000000
11 15 -52676145875956147421184.000000
11 16 -41258372402666960584704.000000
11 17 -46234025832179549863936.000000
11 18 -39004509940352376897536.000000
11 19 -130253666869163279253504.000000
11 20 -118389636212397577338880.000000
11 21 -226388981695691664392192.000000
11 22 -286136886872127823675392.000000
11 23 -171767001557534565728256.000000
11 24 0.000000
11 25 0.000000
11 26 0.000000
11 27 0.000000
11 28 0.000000
11 29 0.000000
11 30 0.000000
11 31 0.000000
12 0 0.000000
12 1 0.000000
12 2 0.000000
12 3 0.000000
12 4 0.000000
12 5 0.000000
12 6 0.000000
12 7 0.000000
12 8 548832537683792215670784.000000
12 9 181179813009115054080000.000000
12 10 58892860758382851653632.000000
12 11 62221534293367168434176.000000
12 12 32044415140833202798592.000000
12 13 16133036653646561935360.000000
12 14 -15220283109968128770048.000000
12 15 -50628872535748303126528.000000
12 16 -47507026813650976374784.000000
12 17 -44745324946555213447168.000000
12 18 -33538635187800881758208.000000
12 19 -136936990701782585835520.000000
12 20 -113488008449960076902400.000000
12 21 -235690013804520817033216.000000
12 22 -216871182329597915037696.000000
12 23 -155736348611916737806336.000000
12 24 0.000000
12 25 0.000000
12 26 0.000000
12 27 0.000000
12 28 0.000000
12 29 0.000000
12 30 0.000000
12 31 0.000000
13 0 0.000000
13 1 0.000000
13 2 0.000000
13 3 0.000000
13 4 0.000000
13 5 0.000000
13 6 0.000000
13 7 0.000000
13 8 602689572418041180848128.000000
13 9 134940418886179678584832.000000
13 10 73164979646702439890944.000000
13 11 56925855074333631709184.000000
13 12 33183206601609174843392.000000
13 13 18021417369501240918016.000000
13 14 -22286580670000047063040.000000
13 15 -35069586593329394483200.000000
13 16 -37578602744332467306496.000000
13 17 -41945923446978732097536.000000
13 18 -57396359638203909537792.000000
13 19 -145012530301609443328000.000000
13 20 -142116823827601271291904.000000
13 21 -254427059910210670821376.000000
13 22 -152162652235605701820416.000000
13 23 -75338169128891935883264.000000
13 24 0.000000
13 25 0.000000
13 26 0.000000
13 27 0.000000
13 28 0.000000
13 29 0.000000
13 30 0.000000
13 31 0.000000
14 0 0.000000
14 1 0.000000
14 2 0.000000
14 3 0.000000
14 4 0.000000
14 5 0.000000
14 6 0.000000
14 7 0.000000
14 8 524244108697447952285696.000000
14 9 125902063729216537493504.000000
14 10 77531710377797519147008.000000
14 11 62411536658046302289920.000000
14 12 31896332281485633519616.000000
14 13 17663935141879453057024.000000
14 14 -23720184517783132831744.000000
14 15 -32848667962289025974272.000000
14 16 -35270616021696144998400.000000
14 17 -38319949286193179394048.000000
14 18 -68474890462362159022080.000000
14 19 -140967180943523150036992.000000
14 20 -138411045881418713399296.000000
14 21 -242999896431698416500736.000000
14 22 -148161366096273601462272.000000
14 23 -66791242259667835944960.000000
14 24 0.000000
14 25 0.000000
14 26 0.000000
14 27 0.000000
14 28 0.000000
14 29 0.000000
14 30 0.000000
14 31 0.000000
15 0 0.000000
15 1 0.000000
15 2 0.000000
15 3 0.000000
15 4 0.000000
15 5 0.000000
15 6 0.000000
15 7 0.000000
15 8 704672829375108664524800.000000
15 9 135374034465502164680704.000000
15 10 80794298091849801269248.000000
15 11 58997344269737847160832.000000
15 12 31437440249254530514944.000000
15 13 23315117256498548310016.000000
15 14 -20763465527823159001088.000000
15 15 -31922131151951025405952.000000
15 16 -37826089054655358173184.000000
15 17 -31059408096533051080704.000000
15 18 -75289395144927513411584.000000
15 19 -140060381158552100667392.000000
15 20 -138477591069512739848192.000000
15 21 -238393452603237287854080.000000
15 22 -144969818162743461543936.000000
15 23 -65245291615580365783040.000000
15 24 0.000000
15 25 0.000000
15 26 0.000000
15 27 0.000000
15 28 0.000000
15 29 0.000000
15 30 0.000000
15 31 0.000000
16 0 0.000000
16 1 0.000000
16 2 0.000000
16 3 0.000000
16 4 0.000000
16 5 0.000000
16 6 0.000000
16 7 0.000000
16 8 16153751527586205580394496.000000
16 9 163991122469713686298624.000000
16 10 82741069102773245575168.000000
16 11 53007011829780175650816.000000
16 12 37789528832880364486656.000000
16 13 20252953236663135371264.000000
16 14 -21615278613143828299776.000000
16 15 -24157506559598944845824.000000
16 16 -36839980880246314369024.000000
16 17 -36257483052642400731136.000000
16 18 -77150534712536135106560.000000
16 19 -129979613824638529830912.000000
16 20 -150051571895877272338432.000000
16 21 -235694301231366073745408.000000
16 22 -138687071502580251099136.000000
16 23 -65895534840579000107008.000000
16 24 0.000000
16 25 0.000000
16 26 0.000000
16 27 0.000000
16 28 0.000000
16 29 0.000000
16 30 0.000000
16 31 0.000000
17 0 0.000000
17 1 0.000000
17 2 0.000000
17 3 0.000000
17 4 0.000000
17 5 0.000000
17 6 0.000000
17 7 0.000000
17 8 48217442633270907895808.000000
17 9 163180186306410845306880.000000
17 10 86404720378041379848192.000000
17 11 61517446031223692460032.000000
17 12 41789189172746984095744.000000
17 13 15482994964731252441088.000000
17 14 -20094683234958454030336.000000
17 15 -23252274027298220408832.000000
17 16 -39862869007731429212160.000000
17 17 -34355200850637935869952.000000
17 18 -85086931098275753754624.000000
17 19 -123058328794908220981248.000000
17 20 -158427537619646760878080.000000
17 21 -232239716057999732637696.000000
17 22 -134440077974778071220224.000000
17 23 -62882770805056214138880.000000
17 24 0.000000
17 25 0.000000
17 26 0.000000
17 27 0.000000
17 28 0.000000
17 29 0.000000
17 30 0.000000
17 31 0.000000
18 0 0.000000
18 1 0.000000
18 2 0.000000
18 3 0.000000
18 4 0.000000
18 5 0.000000
18 6 0.000000
18 7 0.000000
18 8 57488097962613446541312.000000
18 9 166979945369617370710016.000000
18 10 92081066355578407747584.000000
18 11 59592621061284424581120.000000
18 12 34509557224266432249856.000000
18 13 13378386297667354361856.000000
18 14 -16661096094854727860224.000000
18 15 -26977552559867292549120.000000
18 16 -36536168049383900708864.000000
18 17 -21916008730061306855424.000000
18 18 -92735484417431614521344.000000
18 19 -119581784069758821335040.000000
18 20 -160792215654392422989824.000000
18 21 -227464387243512210391040.000000
18 22 -130101643360141760790528.000000
18 23 -60363614799492116643840.000000
18 24 0.000000
18 25 0.000000
18 26 0.000000
18 27 0.000000
18 28 0.000000
18 29 0.000000
18 30 0.000000
18 31 0.000000
19 0 0.000000
19 1 0.000000
19 2 0.000000
19 3 0.000000
19 4 0.000000
19 5 0.000000
19 6 0.000000
19 7 0.000000
19 8 140320977447390267047936.000000
19 9 188099251562998141026304.000000
19 10 96565606749325871808512.000000
19 11 52767884200365684424704.000000
19 12 38153365639576372117504.000000
19 13 13953772941459649986560.000000
19 14 -13859048730497166344192.000000
19 15 -26817544168706446196736.000000
19 16 -34506897848686469971968.000000
19 17 -24697069320155321860096.000000
19 18 -99258525139312805150720.000000
19 19 -111323200166677117403136.000000
19 20 -171081607737444304683008.000000
19 21 -220372893169465061015552.000000
19 22 -124254241661557946712064.000000
19 23 -63230205501909338423296.000000
19 24 0.000000
19 25 0.000000
19 26 0.000000
19 27 0.000000
19 28 0.000000
19 29 0.000000
19 30 0.000000
19 31 0.000000
20 0 0.000000
20 1 0.000000
20 2 0.000000
20 3 0.000000
20 4 0.000000
20 5 0.000000
20 6 0.000000
20 7 0.000000
20 8 198802560480602390265856.000000
20 9 275920723319016986247168.000000
20 10 103629403685664692633600.000000
20 11 54685760116079919628288.000000
20 12 35385631200779746410496.000000
20 13 7734154926123152048128.000000
20 14 -6937098293921913503744.000000
20 15 -18208965272383457853440.000000
20 16 -34006122339920821354496.000000
20 17 -30244733945539492577280.000000
20 18 -100499636131822821179392.000000
20 19 -104418902714741250064384.000000
20 20 -178677793200133101322240.000000
20 21 -215483875485984197967872.000000
20 22 -121655196302203923988480.000000
20 23 -93385380865258941317120.000000
20 24 0.000000
20 25 0.000000
20 26 0.000000
20 27 0.000000
20 28 0.000000
20 29 0.000000
20 30 0.000000
20 31 0.000000
21 0 0.000000
21 1 0.000000
21 2 0.000000
21 3 0.000000
21 4 0.000000
21 5 0.000000
21 6 0.000000
21 7 0.000000
21 8 7934456523250523590098944.000000
21 9 296907623683353063981056.000000
21 10 193563703178067387088896.000000
21 11 68294728462868829700096.000000
21 12 30192140909091059924992.000000
21 13 7821614267936733659136.000000
21 14 -2475063513412326653952.000000
21 15 -22944290863180861669376.000000
21 16 -30517021579010312765440.000000
21 17 -26978360956000405553152.000000
21 18 -109429022192202105749504.000000
21 19 -99483777178275367878656.000000
21 20 -184356670200660711440384.000000
21 21 -213266176928677399363584.000000
21 22 -146584106427576651612160.000000
21 23 -56207076070205673177088.000000
21 24 0.000000
21 25 0.000000
21 26 0.000000
21 27 0.000000
21 28 0.000000
21 29 0.000000
21 30 0.000000
21 31 0.000000
22 0 0.000000
22 1 0.000000
22 2 0.000000
22 3 0.000000
22 4 0.000000
22 5 0.000000
22 6 0.000000
22 7 0.000000
22 8 -11625078667736678137856.000000
22 9 120551904465490699878400.000000
22 10 341423292070510146355200.000000
22 11 153769626654644042203136.000000
22 12 37758737722228032405504.000000
22 13 17426825125098023813120.000000
22 14 -5701161937383746174976.000000
22 15 -30582224694415382806528.000000
22 16 -25011936236303116402688.000000
22 17 -24850506959459834658816.000000
22 18 -108945218498632202846208.000000
22 19 -98607385697988324098048.000000
22 20 -189850359184510846763008.000000
22 21 -215663569111116280758272.000000
22 22 -179491989969566158553088.000000
22 23 -37150229354976240467968.000000
22 24 0.000000
22 25 0.000000
22 26 0.000000
22 27 0.000000
22 28 0.000000
22 29 0.000000
22 30 0.000000
22 31 0.000000
23 0 0.000000
23 1 0.000000
23 2 0.000000
23 3 0.000000
23 4 0.000000
23 5 0.000000
23 6 0.000000
23 7 0.000000
23 8 -11570791151928447336448.000000
23 9 123799999595942103744512.000000
23 10 31230330961390829830144.000000
23 11 222973505781489408671744.000000
23 12 131946867206667255152640.000000
23 13 23488593662345046130688.000000
23 14 -9193916243491959078912.000000
23 15 -22118569382301363339264.000000
23 16 -24945413566207226806272.000000
23 17 -31063578429787996160000.000000
23 18 -112579398217938824593408.000000
23 19 -99522643243059575259136.000000
23 20 -194494597221044868612096.000000
23 21 -279241875842623594299392.000000
23 22 -95531418145295020589056.000000
23 23 -49673127630026991206400.000000
23 24 0.000000
23 25 0.000000
23 26 0.000000
23 27 0.000000
23 28 0.000000
23 29 0.000000
23 30 0.000000
23 31 0.000000
24 0 0.000000
24 1 0.000000
24 2 0.000000
24 3 0.000000
24 4 0.000000
24 5 0.000000
24 6 0.000000
24 7 0.000000
24 8 0.000000
24 9 0.000000
24 10 0.000000
24 11 0.000000
24 12 0.000000
24 13 0.000000
24 14 0.000000
24 15 0.000000
24 16 0.000000
24 17 0.000000
24 18 0.000000
24 19 0.000000
24 20 0.000000
24 21 0.000000
24 22 0.000000
24 23 0.000000
24 24 0.000000
24 25 0.000000
24 26 0.000000
24 27 0.000000
24 28 0.000000
24 29 0.000000
24 30 0.000000
24 31 0.000000
25 0 0.000000
25 1 0.000000
25 2 0.000000
25 3 0.000000
25 4 0.000000
25 5 0.000000
25 6 0.000000
25 7 0.000000
25 8 0.000000
25 9 0.000000
25 10 0.000000
25 11 0.000000
25 12 0.000000
25 13 0.000000
25 14 0.000000
25 15 0.000000
25 16 0.000000
25 17 0.000000
25 18 0.000000
25 19 0.000000
25 20 0.000000
25 21 0.000000
25 22 0.000000
25 23 0.000000
25 24 0.000000
25 25 0.000000
25 26 0.000000
25 27 0.000000
25 28 0.000000
25 29 0.000000
25 30 0.000000
25 31 0.000000
26 0 0.000000
26 1 0.000000
26 2 0.000000
26 3 0.000000
26 4 0.000000
26 5 0.000000
26 6 0.000000
26 7 0.000000
26 8 0.000000
26 9 0.000000
26 10 0.000000
26 11 0.000000
26 12 0.000000
26 13 0.000000
26 14 0.000000
26 15 0.000000
26 16 0.000000
26 17 0.000000
26 18 0.000000
26 19 0.000000
26 20 0.000000
26 21 0.000000
26 22 0.000000
26 23 0.000000
26 24 0.000000
26 25 0.000000
26 26 0.000000
26 27 0.000000
26 28 0.000000
26 29 0.000000
26 30 0.000000
26 31 0.000000
27 0 0.000000
27 1 0.000000
27 2 0.000000
27 3 0.000000
27 4 0.000000
27 5 0.000000
27 6 0.000000
27 7 0.000000
27 8 0.000000
27 9 0.000000
27 10 0.000000
27 11 0.000000
27 12 0.000000
27 13 0.000000
27 14 0.000000
27 15 0.000000
27 16 0.000000
27 17 0.000000
27 18 0.000000
27 19 0.000000
27 20 0.000000
27 21 0.000000
27 22 0.000000
27 23 0.000000
27 24 0.000000
27 25 0.000000
27 26 0.000000
27 27 0.000000
27 28 0.000000
27 29 0.000000
27 30 0.000000
27 31 0.000000
28 0 0.000000
28 1 0.000000
28 2 0.000000
28 3 0.000000
28 4 0.000000
28 5 0.000000
28 6 0.000000
28 7 0.000000
28 8 0.000000
28 9 0.000000
28 10 0.000000
28 11 0.000000
28 12 0.000000
28 13 0.000000
28 14 0.000000
28 15 0.000000
28 16 0.000000
28 17 0.000000
28 18 0.000000
28 19 0.000000
28 20 0.000000
28 21 0.000000
28 22 0.000000
28 23 0.000000
28 24 0.000000
28 25 0.000000
28 26 0.000000
28 27 0.000000
28 28 0.000000
28 29 0.000000
28 30 0.000000
28 31 0.000000
29 0 0.000000
29 1 0.000000
29 2 0.000000
29 3 0.000000
29 4 0.000000
29 5 0.000000
29 6 0.000000
29 7 0.000000
29 8 0.000000
29 9 0.000000
29 10 0.000000
29 11 0.000000
29 12 0.000000
29 13 0.000000
29 14 0.000000
29 15 0.000000
29 16 0.000000
29 17 0.000000
29 18 0.000000
29 19 0.000000
29 20 0.000000
29 21 0.000000
29 22 0.000000
29 23 0.000000
29 24 0.000000
29 25 0.000000
29 26 0.000000
29 27 0.000000
29 28 0.000000
29 29 0.000000
29 30 0.000000
29 31 0.000000
30 0 0.000000
30 1 0.000000
30 2 0.000000
30 3 0.000000
30 4 0.000000
30 5 0.000000
30 6 0.000000
30 7 0.000000
30 8 0.000000
30 9 0.000000
30 10 0.000000
30 11 0.000000
30 12 0.000000
30 13 0.000000
30 14 0.000000
30 15 0.000000
30 16 0.000000
30 17 0.000000
30 18 0.000000
30 19 0.000000
30 20 0.000000
30 21 0.000000
30 22 0.000000
30 23 0.000000
30 24 0.000000
30 25 0.000000
30 26 0.000000
30 27 0.000000
30 28 0.000000
30 29 0.000000
30 30 0.000000
30 31 0.000000
31 0 0.000000
31 1 0.000000
31 2 0.000000
31 3 0.000000
31 4 0.000000
31 5 0.000000
31 6 0.000000
31 7 0.000000
31 8 0.000000
31 9 0.000000
31 10 0.000000
31 11 0.000000
31 12 0.000000
31 13 0.000000
31 14 0.000000
31 15 0.000000
31 16 0.000000
31 17 0.000000
31 18 0.000000
31 19 0.000000
31 20 0.000000
31 21 0.000000
31 22 0.000000
31 23 0.000000
31 24 0.000000
31 25 0.000000
31 26 0.000000
31 27 0.000000
31 28 0.000000
31 29 0.000000
31 30 0.000000
31 31 0.000000
