0 0 2.699997
0 1 3.050001
0 2 3.050001
0 3 3.050001
0 4 3.050001
0 5 3.050001
0 6 3.050001
0 7 3.050001
0 8 3.050001
0 9 3.050001
0 10 3.050001
0 11 3.050001
0 12 3.050001
0 13 3.050001
0 14 3.050001
0 15 3.050001
0 16 3.050001
0 17 3.050000
0 18 3.050001
0 19 3.050001
0 20 3.050001
0 21 3.050000
0 22 3.050000
0 23 3.050001
0 24 3.050001
0 25 3.050001
0 26 3.050001
0 27 3.050001
0 28 3.050000
0 29 3.050001
0 30 3.050000
0 31 3.050001
1 0 4.266548
1 1 4.283519
1 2 4.346282
1 3 4.357595
1 4 4.422297
1 5 4.439267
1 6 4.456239
1 7 4.473208
1 8 4.490179
1 9 4.607151
1 10 4.624121
1 11 4.641090
1 12 4.658062
1 13 4.675032
1 14 4.740624
1 15 4.751939
1 16 4.813812
1 17 4.830783
1 18 4.847754
1 19 4.864725
1 20 4.881695
1 21 4.898666
1 22 5.015635
1 23 5.032606
1 24 5.049578
1 25 5.066547
1 26 5.083518
1 27 5.146281
1 28 5.157597
1 29 5.222298
1 30 5.239268
1 31 5.256238
2 0 3.080669
2 1 3.020734
2 2 3.009419
2 3 2.998106
2 4 2.986792
2 5 2.975478
2 6 2.917438
2 7 2.911782
2 8 2.906124
2 9 2.900467
2 10 2.894810
2 11 2.889153
2 12 2.883497
2 13 2.826390
2 14 2.815076
2 15 2.803763
2 16 2.792449
2 17 2.781135
2 18 2.669821
2 19 2.658508
2 20 2.647193
2 21 2.635880
2 22 2.624566
2 23 2.613252
2 24 2.601939
2 25 2.590625
2 26 2.525033
2 27 2.508062
2 28 2.491092
2 29 2.474121
2 30 2.457151
2 31 2.340180
3 0 0.000000
3 1 0.000000
3 2 0.000000
3 3 0.000000
3 4 0.000000
3 5 0.000000
3 6 0.000000
3 7 0.000000
3 8 0.000000
3 9 0.000000
3 10 0.000000
3 11 0.000000
3 12 0.000000
3 13 0.000000
3 14 0.000000
3 15 0.000000
3 16 0.000000
3 17 0.000000
3 18 0.000000
3 19 0.000000
3 20 0.000000
3 21 0.000000
3 22 0.000000
3 23 0.000000
3 24 0.000000
3 25 0.000000
3 26 0.000000
3 27 0.000000
3 28 0.000000
3 29 0.000000
3 30 0.000000
3 31 0.000000
4 0 0.000000
4 1 0.000000
4 2 0.000000
4 3 0.000000
4 4 0.000000
4 5 0.000000
4 6 0.000000
4 7 0.000000
4 8 0.000000
4 9 0.000000
4 10 0.000000
4 11 0.000000
4 12 0.000000
4 13 0.000000
4 14 0.000000
4 15 0.000000
4 16 0.000000
4 17 0.000000
4 18 0.000000
4 19 0.000000
4 20 0.000000
4 21 0.000000
4 22 0.000000
4 23 0.000000
4 24 0.000000
4 25 0.000000
4 26 0.000000
4 27 0.000000
4 28 0.000000
4 29 0.000000
4 30 0.000000
4 31 0.000000
5 0 0.000000
5 1 0.000000
5 2 0.000000
5 3 0.000000
5 4 0.000000
5 5 0.000000
5 6 0.000000
5 7 0.000000
5 8 0.000000
5 9 0.000000
5 10 0.000000
5 11 0.000000
5 12 0.000000
5 13 0.000000
5 14 0.000000
5 15 0.000000
5 16 0.000000
5 17 0.000000
5 18 0.000000
5 19 0.000000
5 20 0.000000
5 21 0.000000
5 22 0.000000
5 23 0.000000
5 24 0.000000
5 25 0.000000
5 26 0.000000
5 27 0.000000
5 28 0.000000
5 29 0.000000
5 30 0.000000
5 31 0.000000
6 0 0.000000
6 1 0.000000
6 2 0.000000
6 3 0.000000
6 4 0.000000
6 5 0.000000
6 6 0.000000
6 7 0.000000
6 8 0.000000
6 9 0.000000
6 10 0.000000
6 11 0.000000
6 12 0.000000
6 13 0.000000
6 14 0.000000
6 15 0.000000
6 16 0.000000
6 17 0.000000
6 18 0.000000
6 19 0.000000
6 20 0.000000
6 21 0.000000
6 22 0.000000
6 23 0.000000
6 24 0.000000
6 25 0.000000
6 26 0.000000
6 27 0.000000
6 28 0.000000
6 29 0.000000
6 30 0.000000
6 31 0.000000
7 0 0.000000
7 1 0.000000
7 2 0.000000
7 3 0.000000
7 4 0.000000
7 5 0.000000
7 6 0.000000
7 7 0.000000
7 8 0.000000
7 9 0.000000
7 10 0.000000
7 11 0.000000
7 12 0.000000
7 13 0.000000
7 14 0.000000
7 15 0.000000
7 16 0.000000
7 17 0.000000
7 18 0.000000
7 19 0.000000
7 20 0.000000
7 21 0.000000
7 22 0.000000
7 23 0.000000
7 24 0.000000
7 25 0.000000
7 26 0.000000
7 27 0.000000
7 28 0.000000
7 29 0.000000
7 30 0.000000
7 31 0.000000
8 0 0.000000
8 1 0.000000
8 2 0.000000
8 3 0.000000
8 4 0.000000
8 5 0.000000
8 6 0.000000
8 7 0.000000
8 8 3961453566039062250258432.000000
8 9 198954115615262662197248.000000
8 10 -230670661947823851831296.000000
8 11 17392007670278032942170112.000000
8 12 -166137195778546784534528.000000
8 13 238125524454205762306048.000000
8 14 -141388330559077074599936.000000
8 15 -439527292423748760633344.000000
8 16 -424603516180147543736320.000000
8 17 -330151718951924287930368.000000
8 18 -396704797352497889935360.000000
8 19 -1725207816372465222811648.000000
8 20 -465992209245231724363776.000000
8 21 17175396777992498532319232.000000
8 22 -2286560397049144436326400.000000
8 23 -1277882631265916995764224.000000
8 24 0.000000
8 25 0.000000
8 26 0.000000
8 27 0.000000
8 28 0.000000
8 29 0.000000
8 30 0.000000
8 31 0.000000
9 0 0.000000
9 1 0.000000
9 2 0.000000
9 3 0.000000
9 4 0.000000
9 5 0.000000
9 6 0.000000
9 7 0.000000
9 8 2230921558158322608111616.000000
9 9 137515892405084044132352.000000
9 10 1076378829743216291479552.000000
9 11 743072825641078727114752.000000
9 12 647852245942064818159616.000000
9 13 75065998589011427328000.000000
9 14 -35164515718074923483136.000000
9 15 -303180777676309975269376.000000
9 16 -296076835652892773842944.000000
9 17 -240343637342678278995968.000000
9 18 -250241018099765323235328.000000
9 19 -781971604572979326877696.000000
9 20 -1413528025623366742310912.000000
9 21 -705651011214173536256000.000000
9 22 -1097317253361163353194496.000000
9 23 -633813769298813583884288.000000
9 24 0.000000
9 25 0.000000
9 26 0.000000
9 27 0.000000
9 28 0.000000
9 29 0.000000
9 30 0.000000
9 31 0.000000
10 0 0.000000
10 1 0.000000
10 2 0.000000
10 3 0.000000
10 4 0.000000
10 5 0.000000
10 6 0.000000
10 7 0.000000
10 8 2227318966686802363023360.000000
10 9 133293749740025694650368.000000
10 10 927339009518026310549504.000000
10 11 891752718184049258004480.000000
10 12 274496234756879698362368.000000
10 13 35546520045667743694848.000000
10 14 -110716033872114281873408.000000
10 15 -307404649723625235021824.000000
10 16 -261072463433967517827072.000000
10 17 -285354773746440153858048.000000
10 18 -223915046333985994047488.000000
10 19 -720233378577223050592256.000000
10 20 -825911100438209137475584.000000
10 21 -1617732473713014947708928.000000
10 22 -1191407321467316210761728.000000
10 23 -623267780123392640811008.000000
10 24 0.000000
10 25 0.000000
10 26 0.000000
10 27 0.000000
10 28 0.000000
10 29 0.000000
10 30 0.000000
10 31 0.000000
11 0 0.000000
11 1 0.000000
11 2 0.000000
11 3 0.000000
11 4 0.000000
11 5 0.000000
11 6 0.000000
11 7 0.000000
11 8 18326400974137184321798144.000000
11 9 801264088627912038678528.000000
11 10 799092488916391004471296.000000
11 11 425267562938004068630528.000000
11 12 198239304282406417072128.000000
11 13 62364928905502645026816.000000
11 14 -104396564860589492404224.000000
11 15 -306977780536544549928960.000000
11 16 -240439077625981514547200.000000
11 17 -269435395740415396151296.000000
11 18 -227304311298356953481216.000000
11 19 -759071629130131790888960.000000
11 20 -689932295593145898369024.000000
11 21 -1319313874340280572837888.000000
11 22 -1667503086260576000671744.000000
11 23 -1000996498316378360512512.000000
11 24 0.000000
11 25 0.000000
11 26 0.000000
11 27 0.000000
11 28 0.000000
11 29 0.000000
11 30 0.000000
11 31 0.000000
12 0 0.000000
12 1 0.000000
12 2 0.000000
12 3 0.000000
12 4 0.000000
12 5 0.000000
12 6 0.000000
12 7 0.000000
12 8 3198399385744048220274688.000000
12 9 1055850990296097343143936.000000
12 10 343206537378963767951360.000000
12 11 362604765953147138998272.000000
12 12 186743343815986451054592.000000
12 13 94017542137753683099648.000000
12 14 -88698376646663409238016.000000
12 15 -295046970504504198299648.000000
12 16 -276853959233800700428288.000000
12 17 -260759805533436948512768.000000
12 18 -195451215825093890408448.000000
12 19 -798019695456354333360128.000000
12 20 -661367584452600695619584.000000
12 21 -1373517037727490724855808.000000
12 22 -1263847541329585544101888.000000
12 23 -907575629086055739686912.000000
12 24 0.000000
12 25 0.000000
12 26 0.000000
12 27 0.000000
12 28 0.000000
12 29 0.000000
12 30 0.000000
12 31 0.000000
13 0 0.000000
13 1 0.000000
13 2 0.000000
13 3 0.000000
13 4 0.000000
13 5 0.000000
13 6 0.000000
13 7 0.000000
13 8 3512258630482417869127680.000000
13 9 786384411631862033678336.000000
13 10 426379339556415258755072.000000
13 11 331743507233019135000576.000000
13 12 193379812198082594996224.000000
13 13 105022340028812622823424.000000
13 14 -129878291840221948411904.000000
13 15 -204373080874095466250240.000000
13 16 -218994737640294160793600.000000
13 17 -244445822128061987946496.000000
13 18 -334485406772553349857280.000000
13 19 -845081014525683333857280.000000
13 20 -828205990693129066381312.000000
13 21 -1482709945198429050241024.000000
13 22 -886749399142025731768320.000000
13 23 -439043894054145321074688.000000
13 24 0.000000
13 25 0.000000
13 26 0.000000
13 27 0.000000
13 28 0.000000
13 29 0.000000
13 30 0.000000
13 31 0.000000
14 0 0.000000
14 1 0.000000
14 2 0.000000
14 3 0.000000
14 4 0.000000
14 5 0.000000
14 6 0.000000
14 7 0.000000
14 8 3055106807161729333592064.000000
14 9 733712183887581698588672.000000
14 10 451827091380458831740928.000000
14 11 363712111029524996554752.000000
14 12 185880346040991207129088.000000
14 13 102939064913183578783744.000000
14 14 -138232739364971860721664.000000
14 15 -191430293991386454687744.000000
14 16 -205544539194768570187776.000000
14 17 -223314968705236639678464.000000
14 18 -399047137533091794386944.000000
14 19 -821506291772264640675840.000000
14 20 -806609969471991874322432.000000
14 21 -1416116334401209113772032.000000
14 22 -863431417596164175822848.000000
14 23 -389235451269714355945472.000000
14 24 0.000000
14 25 0.000000
14 26 0.000000
14 27 0.000000
14 28 0.000000
14 29 0.000000
14 30 0.000000
14 31 0.000000
15 0 0.000000
15 1 0.000000
15 2 0.000000
15 3 0.000000
15 4 0.000000
15 5 0.000000
15 6 0.000000
15 7 0.000000
15 8 4106580730965586782191616.000000
15 9 788911471454772166393856.000000
15 10 470840172114509477969920.000000
15 11 343815388019787240046592.000000
15 12 183206108582258606604288.000000
15 13 135872078541093813092352.000000
15 14 -121002066269844145176576.000000
15 15 -186030694210951343767552.000000
15 16 -220436916341767759986688.000000
15 17 -181003163817331073744896.000000
15 18 -438759662874462714331136.000000
15 19 -816221731940711081705472.000000
15 20 -806997855500698040401920.000000
15 21 -1389271710087943288782848.000000
15 22 -844832199653470368694272.000000
15 23 -380226162344746264035328.000000
15 24 0.000000
15 25 0.000000
15 26 0.000000
15 27 0.000000
15 28 0.000000
15 29 0.000000
15 30 0.000000
15 31 0.000000
16 0 0.000000
16 1 0.000000
16 2 0.000000
16 3 0.000000
16 4 0.000000
16 5 0.000000
16 6 0.000000
16 7 0.000000
16 8 94138291353926048155697152.000000
16 9 955681567096152581472256.000000
16 10 482185316036608060817408.000000
16 11 308905897637811425640448.000000
16 12 220223842036197607079936.000000
16 13 118026916298409157591040.000000
16 14 -125966140944714764910592.000000
16 15 -140781299372503060185088.000000
16 16 -214690269174047478644736.000000
16 17 -211295671947717712543744.000000
16 18 -449605699871457589329920.000000
16 19 -757474760788657269899264.000000
16 20 -874446789939148181471232.000000
16 21 -1373541969655027847921664.000000
16 22 -808218583201294577565696.000000
16 23 -384015599157606856261632.000000
16 24 0.000000
16 25 0.000000
16 26 0.000000
16 27 0.000000
16 28 0.000000
16 29 0.000000
16 30 0.000000
16 31 0.000000
17 0 0.000000
17 1 0.000000
17 2 0.000000
17 3 0.000000
17 4 0.000000
17 5 0.000000
17 6 0.000000
17 7 0.000000
17 8 280993938227257302581248.000000
17 9 950955669791175077789696.000000
17 10 503535764977263994470400.000000
17 11 358501590375845408538624.000000
17 12 243532420066037213429760.000000
17 13 90229330303991735648256.000000
17 14 -117104624130719953715200.000000
17 15 -135505998941783374954496.000000
17 16 -232306549476469910798336.000000
17 17 -200209827277764613373952.000000
17 18 -495856154835077786763264.000000
17 19 -717139874007580766371840.000000
17 20 -923259108543598830813184.000000
17 21 -1353409798456771161882624.000000
17 22 -783468529031523241820160.000000
17 23 -366458261967107449159680.000000
17 24 0.000000
17 25 0.000000
17 26 0.000000
17 27 0.000000
17 28 0.000000
17 29 0.000000
17 30 0.000000
17 31 0.000000
18 0 0.000000
18 1 0.000000
18 2 0.000000
18 3 0.000000
18 4 0.000000
18 5 0.000000
18 6 0.000000
18 7 0.000000
18 8 335019966033923718250496.000000
18 9 973099256669406484234240.000000
18 10 536615532902631723761664.000000
18 11 347284420740758185705472.000000
18 12 201109322224140067799040.000000
18 13 77964407222796021661696.000000
18 14 -97094941835128490426368.000000
18 15 -157215582931124341440512.000000
18 16 -212919724016543041847296.000000
18 17 -127718698725307483947008.000000
18 18 -540429217095886078738432.000000
18 19 -696879800579906758246400.000000
18 20 -937039474885006207221760.000000
18 21 -1325581011524135317143552.000000
18 22 -758185825126623542771712.000000
18 23 -351777535988196163190784.000000
18 24 0.000000
18 25 0.000000
18 26 0.000000
18 27 0.000000
18 28 0.000000
18 29 0.000000
18 30 0.000000
18 31 0.000000
19 0 0.000000
19 1 0.000000
19 2 0.000000
19 3 0.000000
19 4 0.000000
19 5 0.000000
19 6 0.000000
19 7 0.000000
19 8 817740345735060412956672.000000
19 9 1096175140495662195408896.000000
19 10 562749741396277617229824.000000
19 11 307512303769117899358208.000000
19 12 222344118726365127114752.000000
19 13 81317553318155469717504.000000
19 14 -80765592147824941727744.000000
19 15 -156283049577882497056768.000000
19 16 -201093883884617441738752.000000
19 17 -143925730646731649974272.000000
19 18 -578443128773000923447296.000000
19 19 -648751668830846234656768.000000
19 20 -997002489994044090875904.000000
19 21 -1284254251961126735577088.000000
19 22 -724109284502929156341760.000000
19 23 -368482972273182167269376.000000
19 24 0.000000
19 25 0.000000
19 26 0.000000
19 27 0.000000
19 28 0.000000
19 29 0.000000
19 30 0.000000
19 31 0.000000
20 0 0.000000
20 1 0.000000
20 2 0.000000
20 3 0.000000
20 4 0.000000
20 5 0.000000
20 6 0.000000
20 7 0.000000
20 8 1158550067392337602936832.000000
20 9 1607967084453806877966336.000000
20 10 603915091948641240219648.000000
20 11 318689049093949844619264.000000
20 12 206214782905712356884480.000000
20 13 45071817905141064925184.000000
20 14 -40426976386256975429632.000000
20 15 -106115345643976932720640.000000
20 16 -198175515297284341366784.000000
20 17 -176255523133352625307648.000000
20 18 -585675873745760921059328.000000
20 19 -608515861241571882041344.000000
20 20 -1041270280257710701150208.000000
20 21 -1255762823393718105538560.000000
20 22 -708962922351344780050432.000000
20 23 -544216564238519571054592.000000
20 24 0.000000
20 25 0.000000
20 26 0.000000
20 27 0.000000
20 28 0.000000
20 29 0.000000
20 30 0.000000
20 31 0.000000
21 0 0.000000
21 1 0.000000
21 2 0.000000
21 3 0.000000
21 4 0.000000
21 5 0.000000
21 6 0.000000
21 7 0.000000
21 8 46239171320854610221989888.000000
21 9 1730271159390322343018496.000000
21 10 1128019985374407915732992.000000
21 11 397997186330365146431488.000000
21 12 175948954099518260903936.000000
21 13 45581526303767602921472.000000
21 14 -14423827145367190765568.000000
21 15 -133711134346291137478656.000000
21 16 -177842321426060345868288.000000
21 17 -157220302703533825720320.000000
21 18 -637713238057770092068864.000000
21 19 -579755837992386875621376.000000
21 20 -1074364675874668129812480.000000
21 21 -1242838861557451502649344.000000
21 22 -854239606785498012450816.000000
21 23 -327554727234000346152960.000000
21 24 0.000000
21 25 0.000000
21 26 0.000000
21 27 0.000000
21 28 0.000000
21 29 0.000000
21 30 0.000000
21 31 0.000000
22 0 0.000000
22 1 0.000000
22 2 0.000000
22 3 0.000000
22 4 0.000000
22 5 0.000000
22 6 0.000000
22 7 0.000000
22 8 -67746802517804425674752.000000
22 9 702533295292934508249088.000000
22 10 1989692621215294346493952.000000
22 11 896114436408759073898496.000000
22 12 220044364583847638073344.000000
22 13 101557270475513763201024.000000
22 14 -33224374005802968547328.000000
22 15 -178222263105023830392832.000000
22 16 -145760659264508975382528.000000
22 17 -144819893331148297732096.000000
22 18 -634893840575848085716992.000000
22 19 -574648611899760657301504.000000
22 20 -1106379792848125473849344.000000
22 21 -1256810396695841501872128.000000
22 22 -1046014984594732104024064.000000
22 23 -216498266266053128486912.000000
22 24 0.000000
22 25 0.000000
22 26 0.000000
22 27 0.000000
22 28 0.000000
22 29 0.000000
22 30 0.000000
22 31 0.000000
23 0 0.000000
23 1 0.000000
23 2 0.000000
23 3 0.000000
23 4 0.000000
23 5 0.000000
23 6 0.000000
23 7 0.000000
23 8 -67430447161979785183232.000000
23 9 721461960555569721901056.000000
23 10 181999197925318842122240.000000
23 11 1299409693369559890788352.000000
23 12 768938979884903528660992.000000
23 13 136883055592645196775424.000000
23 14 -53578883414063308603392.000000
23 15 -128899146230836819394560.000000
23 16 -145372980401385668345856.000000
23 17 -181027447226521855459328.000000
23 18 -656072432154723561242624.000000
23 19 -579982351039245102088192.000000
23 20 -1133444697226365244538880.000000
23 21 -1627321754212394321575936.000000
23 22 -556722880259742343626752.000000
23 23 -289477206715748520558592.000000
23 24 0.000000
23 25 0.000000
23 26 0.000000
23 27 0.000000
23 28 0.000000
23 29 0.000000
23 30 0.000000
23 31 0.000000
24 0 0.000000
24 1 0.000000
24 2 0.000000
24 3 0.000000
24 4 0.000000
24 5 0.000000
24 6 0.000000
24 7 0.000000
24 8 0.000000
24 9 0.000000
24 10 0.000000
24 11 0.000000
24 12 0.000000
24 13 0.000000
24 14 0.000000
24 15 0.000000
24 16 0.000000
24 17 0.000000
24 18 0.000000
24 19 0.000000
24 20 0.000000
24 21 0.000000
24 22 0.000000
24 23 0.000000
24 24 0.000000
24 25 0.000000
24 26 0.000000
24 27 0.000000
24 28 0.000000
24 29 0.000000
24 30 0.000000
24 31 0.000000
25 0 0.000000
25 1 0.000000
25 2 0.000000
25 3 0.000000
25 4 0.000000
25 5 0.000000
25 6 0.000000
25 7 0.000000
25 8 0.000000
25 9 0.000000
25 10 0.000000
25 11 0.000000
25 12 0.000000
25 13 0.000000
25 14 0.000000
25 15 0.000000
25 16 0.000000
25 17 0.000000
25 18 0.000000
25 19 0.000000
25 20 0.000000
25 21 0.000000
25 22 0.000000
25 23 0.000000
25 24 0.000000
25 25 0.000000
25 26 0.000000
25 27 0.000000
25 28 0.000000
25 29 0.000000
25 30 0.000000
25 31 0.000000
26 0 0.000000
26 1 0.000000
26 2 0.000000
26 3 0.000000
26 4 0.000000
26 5 0.000000
26 6 0.000000
26 7 0.000000
26 8 0.000000
26 9 0.000000
26 10 0.000000
26 11 0.000000
26 12 0.000000
26 13 0.000000
26 14 0.000000
26 15 0.000000
26 16 0.000000
26 17 0.000000
26 18 0.000000
26 19 0.000000
26 20 0.000000
26 21 0.000000
26 22 0.000000
26 23 0.000000
26 24 0.000000
26 25 0.000000
26 26 0.000000
26 27 0.000000
26 28 0.000000
26 29 0.000000
26 30 0.000000
26 31 0.000000
27 0 0.000000
27 1 0.000000
27 2 0.000000
27 3 0.000000
27 4 0.000000
27 5 0.000000
27 6 0.000000
27 7 0.000000
27 8 0.000000
27 9 0.000000
27 10 0.000000
27 11 0.000000
27 12 0.000000
27 13 0.000000
27 14 0.000000
27 15 0.000000
27 16 0.000000
27 17 0.000000
27 18 0.000000
27 19 0.000000
27 20 0.000000
27 21 0.000000
27 22 0.000000
27 23 0.000000
27 24 0.000000
27 25 0.000000
27 26 0.000000
27 27 0.000000
27 28 0.000000
27 29 0.000000
27 30 0.000000
27 31 0.000000
28 0 0.000000
28 1 0.000000
28 2 0.000000
28 3 0.000000
28 4 0.000000
28 5 0.000000
28 6 0.000000
28 7 0.000000
28 8 0.000000
28 9 0.000000
28 10 0.000000
28 11 0.000000
28 12 0.000000
28 13 0.000000
28 14 0.000000
28 15 0.000000
28 16 0.000000
28 17 0.000000
28 18 0.000000
28 19 0.000000
28 20 0.000000
28 21 0.000000
28 22 0.000000
28 23 0.000000
28 24 0.000000
28 25 0.000000
28 26 0.000000
28 27 0.000000
28 28 0.000000
28 29 0.000000
28 30 0.000000
28 31 0.000000
29 0 0.000000
29 1 0.000000
29 2 0.000000
29 3 0.000000
29 4 0.000000
29 5 0.000000
29 6 0.000000
29 7 0.000000
29 8 0.000000
29 9 0.000000
29 10 0.000000
29 11 0.000000
29 12 0.000000
29 13 0.000000
29 14 0.000000
29 15 0.000000
29 16 0.000000
29 17 0.000000
29 18 0.000000
29 19 0.000000
29 20 0.000000
29 21 0.000000
29 22 0.000000
29 23 0.000000
29 24 0.000000
29 25 0.000000
29 26 0.000000
29 27 0.000000
29 28 0.000000
29 29 0.000000
29 30 0.000000
29 31 0.000000
30 0 0.000000
30 1 0.000000
30 2 0.000000
30 3 0.000000
30 4 0.000000
30 5 0.000000
30 6 0.000000
30 7 0.000000
30 8 0.000000
30 9 0.000000
30 10 0.000000
30 11 0.000000
30 12 0.000000
30 13 0.000000
30 14 0.000000
30 15 0.000000
30 16 0.000000
30 17 0.000000
30 18 0.000000
30 19 0.000000
30 20 0.000000
30 21 0.000000
30 22 0.000000
30 23 0.000000
30 24 0.000000
30 25 0.000000
30 26 0.000000
30 27 0.000000
30 28 0.000000
30 29 0.000000
30 30 0.000000
30 31 0.000000
31 0 0.000000
31 1 0.000000
31 2 0.000000
31 3 0.000000
31 4 0.000000
31 5 0.000000
31 6 0.000000
31 7 0.000000
31 8 0.000000
31 9 0.000000
31 10 0.000000
31 11 0.000000
31 12 0.000000
31 13 0.000000
31 14 0.000000
31 15 0.000000
31 16 0.000000
31 17 0.000000
31 18 0.000000
31 19 0.000000
31 20 0.000000
31 21 0.000000
31 22 0.000000
31 23 0.000000
31 24 0.000000
31 25 0.000000
31 26 0.000000
31 27 0.000000
31 28 0.000000
31 29 0.000000
31 30 0.000000
31 31 0.000000
