0 0 0.000000
0 1 0.000000
0 2 0.000000
0 3 0.000000
0 4 0.000000
0 5 0.000000
0 6 0.000000
0 7 0.000000
0 8 0.000000
0 9 0.000000
0 10 0.000000
0 11 0.000000
0 12 0.000000
0 13 0.000000
0 14 0.000000
0 15 0.000000
0 16 0.000000
0 17 0.000000
0 18 0.000000
0 19 0.000000
0 20 0.000000
0 21 0.000000
0 22 0.000000
0 23 0.000000
0 24 0.000000
0 25 0.000000
0 26 0.000000
0 27 0.000000
0 28 0.000000
0 29 0.000000
0 30 0.000000
0 31 0.000000
0 32 0.000000
0 33 0.000000
0 34 0.000000
0 35 0.000000
0 36 0.000000
0 37 0.000000
0 38 0.000000
0 39 0.000000
0 40 0.000000
0 41 0.000000
0 42 0.000000
0 43 0.000000
0 44 0.000000
0 45 0.000000
0 46 0.000000
0 47 0.000000
0 48 0.000000
0 49 0.000000
0 50 0.000000
0 51 0.000000
0 52 0.000000
0 53 0.000000
0 54 0.000000
0 55 0.000000
0 56 0.000000
0 57 0.000000
0 58 0.000000
0 59 0.000000
0 60 0.000000
0 61 0.000000
0 62 0.000000
0 63 0.000000
1 0 0.000000
1 1 0.000000
1 2 0.000000
1 3 0.000000
1 4 0.000000
1 5 0.000000
1 6 0.000000
1 7 0.000000
1 8 0.000000
1 9 0.000000
1 10 0.000000
1 11 0.000000
1 12 0.000000
1 13 0.000000
1 14 0.000000
1 15 0.000000
1 16 0.000000
1 17 0.000000
1 18 0.000000
1 19 0.000000
1 20 0.000000
1 21 0.000000
1 22 0.000000
1 23 0.000000
1 24 0.000000
1 25 0.000000
1 26 0.000000
1 27 0.000000
1 28 0.000000
1 29 0.000000
1 30 0.000000
1 31 0.000000
1 32 0.000000
1 33 0.000000
1 34 0.000000
1 35 0.000000
1 36 0.000000
1 37 0.000000
1 38 0.000000
1 39 0.000000
1 40 0.000000
1 41 0.000000
1 42 0.000000
1 43 0.000000
1 44 0.000000
1 45 0.000000
1 46 0.000000
1 47 0.000000
1 48 0.000000
1 49 0.000000
1 50 0.000000
1 51 0.000000
1 52 0.000000
1 53 0.000000
1 54 0.000000
1 55 0.000000
1 56 0.000000
1 57 0.000000
1 58 0.000000
1 59 0.000000
1 60 0.000000
1 61 0.000000
1 62 0.000000
1 63 0.000000
2 0 0.000000
2 1 0.000000
2 2 0.000000
2 3 0.000000
2 4 0.000000
2 5 0.000000
2 6 0.000000
2 7 0.000000
2 8 0.000000
2 9 0.000000
2 10 0.000000
2 11 0.000000
2 12 0.000000
2 13 0.000000
2 14 0.000000
2 15 0.000000
2 16 0.000000
2 17 0.000000
2 18 0.000000
2 19 0.000000
2 20 0.000000
2 21 0.000000
2 22 0.000000
2 23 0.000000
2 24 0.000000
2 25 0.000000
2 26 0.000000
2 27 0.000000
2 28 0.000000
2 29 0.000000
2 30 0.000000
2 31 0.000000
2 32 0.000000
2 33 0.000000
2 34 0.000000
2 35 0.000000
2 36 0.000000
2 37 0.000000
2 38 0.000000
2 39 0.000000
2 40 0.000000
2 41 0.000000
2 42 0.000000
2 43 0.000000
2 44 0.000000
2 45 0.000000
2 46 0.000000
2 47 0.000000
2 48 0.000000
2 49 0.000000
2 50 0.000000
2 51 0.000000
2 52 0.000000
2 53 0.000000
2 54 0.000000
2 55 0.000000
2 56 0.000000
2 57 0.000000
2 58 0.000000
2 59 0.000000
2 60 0.000000
2 61 0.000000
2 62 0.000000
2 63 0.000000
3 0 0.000000
3 1 0.000000
3 2 0.000000
3 3 0.000000
3 4 0.000000
3 5 0.000000
3 6 0.000000
3 7 0.000000
3 8 0.000000
3 9 0.000000
3 10 0.000000
3 11 0.000000
3 12 0.000000
3 13 0.000000
3 14 0.000000
3 15 0.000000
3 16 0.000000
3 17 0.000000
3 18 0.000000
3 19 0.000000
3 20 0.000000
3 21 0.000000
3 22 0.000000
3 23 0.000000
3 24 0.000000
3 25 0.000000
3 26 0.000000
3 27 0.000000
3 28 0.000000
3 29 0.000000
3 30 0.000000
3 31 0.000000
3 32 0.000000
3 33 0.000000
3 34 0.000000
3 35 0.000000
3 36 0.000000
3 37 0.000000
3 38 0.000000
3 39 0.000000
3 40 0.000000
3 41 0.000000
3 42 0.000000
3 43 0.000000
3 44 0.000000
3 45 0.000000
3 46 0.000000
3 47 0.000000
3 48 0.000000
3 49 0.000000
3 50 0.000000
3 51 0.000000
3 52 0.000000
3 53 0.000000
3 54 0.000000
3 55 0.000000
3 56 0.000000
3 57 0.000000
3 58 0.000000
3 59 0.000000
3 60 0.000000
3 61 0.000000
3 62 0.000000
3 63 0.000000
4 0 0.000000
4 1 0.000000
4 2 0.000000
4 3 0.000000
4 4 0.000000
4 5 0.000000
4 6 0.000000
4 7 0.000000
4 8 0.000000
4 9 0.000000
4 10 0.000000
4 11 0.000000
4 12 0.000000
4 13 0.000000
4 14 0.000000
4 15 0.000000
4 16 0.000000
4 17 0.000000
4 18 0.000000
4 19 0.000000
4 20 0.000000
4 21 0.000000
4 22 0.000000
4 23 0.000000
4 24 0.000000
4 25 0.000000
4 26 0.000000
4 27 0.000000
4 28 0.000000
4 29 0.000000
4 30 0.000000
4 31 0.000000
4 32 0.000000
4 33 0.000000
4 34 0.000000
4 35 0.000000
4 36 0.000000
4 37 0.000000
4 38 0.000000
4 39 0.000000
4 40 0.000000
4 41 0.000000
4 42 0.000000
4 43 0.000000
4 44 0.000000
4 45 0.000000
4 46 0.000000
4 47 0.000000
4 48 0.000000
4 49 0.000000
4 50 0.000000
4 51 0.000000
4 52 0.000000
4 53 0.000000
4 54 0.000000
4 55 0.000000
4 56 0.000000
4 57 0.000000
4 58 0.000000
4 59 0.000000
4 60 0.000000
4 61 0.000000
4 62 0.000000
4 63 0.000000
5 0 0.000000
5 1 0.000000
5 2 0.000000
5 3 0.000000
5 4 0.000000
5 5 0.000000
5 6 0.000000
5 7 0.000000
5 8 0.000000
5 9 0.000000
5 10 0.000000
5 11 0.000000
5 12 0.000000
5 13 0.000000
5 14 0.000000
5 15 0.000000
5 16 0.000000
5 17 0.000000
5 18 0.000000
5 19 0.000000
5 20 0.000000
5 21 0.000000
5 22 0.000000
5 23 0.000000
5 24 0.000000
5 25 0.000000
5 26 0.000000
5 27 0.000000
5 28 0.000000
5 29 0.000000
5 30 0.000000
5 31 0.000000
5 32 0.000000
5 33 0.000000
5 34 0.000000
5 35 0.000000
5 36 0.000000
5 37 0.000000
5 38 0.000000
5 39 0.000000
5 40 0.000000
5 41 0.000000
5 42 0.000000
5 43 0.000000
5 44 0.000000
5 45 0.000000
5 46 0.000000
5 47 0.000000
5 48 0.000000
5 49 0.000000
5 50 0.000000
5 51 0.000000
5 52 0.000000
5 53 0.000000
5 54 0.000000
5 55 0.000000
5 56 0.000000
5 57 0.000000
5 58 0.000000
5 59 0.000000
5 60 0.000000
5 61 0.000000
5 62 0.000000
5 63 0.000000
6 0 0.000000
6 1 0.000000
6 2 0.000000
6 3 0.000000
6 4 0.000000
6 5 0.000000
6 6 0.000000
6 7 0.000000
6 8 0.000000
6 9 0.000000
6 10 0.000000
6 11 0.000000
6 12 0.000000
6 13 0.000000
6 14 0.000000
6 15 0.000000
6 16 0.000000
6 17 0.000000
6 18 0.000000
6 19 0.000000
6 20 0.000000
6 21 0.000000
6 22 0.000000
6 23 0.000000
6 24 0.000000
6 25 0.000000
6 26 0.000000
6 27 0.000000
6 28 0.000000
6 29 0.000000
6 30 0.000000
6 31 0.000000
6 32 0.000000
6 33 0.000000
6 34 0.000000
6 35 0.000000
6 36 0.000000
6 37 0.000000
6 38 0.000000
6 39 0.000000
6 40 0.000000
6 41 0.000000
6 42 0.000000
6 43 0.000000
6 44 0.000000
6 45 0.000000
6 46 0.000000
6 47 0.000000
6 48 0.000000
6 49 0.000000
6 50 0.000000
6 51 0.000000
6 52 0.000000
6 53 0.000000
6 54 0.000000
6 55 0.000000
6 56 0.000000
6 57 0.000000
6 58 0.000000
6 59 0.000000
6 60 0.000000
6 61 0.000000
6 62 0.000000
6 63 0.000000
7 0 0.000000
7 1 0.000000
7 2 0.000000
7 3 0.000000
7 4 0.000000
7 5 0.000000
7 6 0.000000
7 7 0.000000
7 8 0.000000
7 9 0.000000
7 10 0.000000
7 11 0.000000
7 12 0.000000
7 13 0.000000
7 14 0.000000
7 15 0.000000
7 16 0.000000
7 17 0.000000
7 18 0.000000
7 19 0.000000
7 20 0.000000
7 21 0.000000
7 22 0.000000
7 23 0.000000
7 24 0.000000
7 25 0.000000
7 26 0.000000
7 27 0.000000
7 28 0.000000
7 29 0.000000
7 30 0.000000
7 31 0.000000
7 32 0.000000
7 33 0.000000
7 34 0.000000
7 35 0.000000
7 36 0.000000
7 37 0.000000
7 38 0.000000
7 39 0.000000
7 40 0.000000
7 41 0.000000
7 42 0.000000
7 43 0.000000
7 44 0.000000
7 45 0.000000
7 46 0.000000
7 47 0.000000
7 48 0.000000
7 49 0.000000
7 50 0.000000
7 51 0.000000
7 52 0.000000
7 53 0.000000
7 54 0.000000
7 55 0.000000
7 56 0.000000
7 57 0.000000
7 58 0.000000
7 59 0.000000
7 60 0.000000
7 61 0.000000
7 62 0.000000
7 63 0.000000
8 0 0.000000
8 1 0.000000
8 2 0.000000
8 3 0.000000
8 4 0.000000
8 5 0.000000
8 6 0.000000
8 7 0.000000
8 8 0.000000
8 9 0.000000
8 10 0.000000
8 11 0.000000
8 12 0.000000
8 13 0.000000
8 14 0.000000
8 15 0.000000
8 16 0.000000
8 17 0.000000
8 18 0.000000
8 19 0.000000
8 20 0.000000
8 21 0.000000
8 22 0.000000
8 23 0.000000
8 24 0.000000
8 25 0.000000
8 26 0.000000
8 27 0.000000
8 28 0.000000
8 29 0.000000
8 30 0.000000
8 31 0.000000
8 32 0.000000
8 33 0.000000
8 34 0.000000
8 35 0.000000
8 36 0.000000
8 37 0.000000
8 38 0.000000
8 39 0.000000
8 40 0.000000
8 41 0.000000
8 42 0.000000
8 43 0.000000
8 44 0.000000
8 45 0.000000
8 46 0.000000
8 47 0.000000
8 48 0.000000
8 49 0.000000
8 50 0.000000
8 51 0.000000
8 52 0.000000
8 53 0.000000
8 54 0.000000
8 55 0.000000
8 56 0.000000
8 57 0.000000
8 58 0.000000
8 59 0.000000
8 60 0.000000
8 61 0.000000
8 62 0.000000
8 63 0.000000
9 0 0.000000
9 1 0.000000
9 2 0.000000
9 3 0.000000
9 4 0.000000
9 5 0.000000
9 6 0.000000
9 7 0.000000
9 8 0.000000
9 9 0.000000
9 10 0.000000
9 11 0.000000
9 12 0.000000
9 13 0.000000
9 14 0.000000
9 15 0.000000
9 16 0.000000
9 17 0.000000
9 18 0.000000
9 19 0.000000
9 20 0.000000
9 21 0.000000
9 22 0.000000
9 23 0.000000
9 24 0.000000
9 25 0.000000
9 26 0.000000
9 27 0.000000
9 28 0.000000
9 29 0.000000
9 30 0.000000
9 31 0.000000
9 32 0.000000
9 33 0.000000
9 34 0.000000
9 35 0.000000
9 36 0.000000
9 37 0.000000
9 38 0.000000
9 39 0.000000
9 40 0.000000
9 41 0.000000
9 42 0.000000
9 43 0.000000
9 44 0.000000
9 45 0.000000
9 46 0.000000
9 47 0.000000
9 48 0.000000
9 49 0.000000
9 50 0.000000
9 51 0.000000
9 52 0.000000
9 53 0.000000
9 54 0.000000
9 55 0.000000
9 56 0.000000
9 57 0.000000
9 58 0.000000
9 59 0.000000
9 60 0.000000
9 61 0.000000
9 62 0.000000
9 63 0.000000
10 0 0.000000
10 1 0.000000
10 2 0.000000
10 3 0.000000
10 4 0.000000
10 5 0.000000
10 6 0.000000
10 7 0.000000
10 8 0.000000
10 9 0.000000
10 10 0.000000
10 11 0.000000
10 12 0.000000
10 13 0.000000
10 14 0.000000
10 15 0.000000
10 16 0.000000
10 17 0.000000
10 18 0.000000
10 19 0.000000
10 20 0.000000
10 21 0.000000
10 22 0.000000
10 23 0.000000
10 24 0.000000
10 25 0.000000
10 26 0.000000
10 27 0.000000
10 28 0.000000
10 29 0.000000
10 30 0.000000
10 31 0.000000
10 32 0.000000
10 33 0.000000
10 34 0.000000
10 35 0.000000
10 36 0.000000
10 37 0.000000
10 38 0.000000
10 39 0.000000
10 40 0.000000
10 41 0.000000
10 42 0.000000
10 43 0.000000
10 44 0.000000
10 45 0.000000
10 46 0.000000
10 47 0.000000
10 48 0.000000
10 49 0.000000
10 50 0.000000
10 51 0.000000
10 52 0.000000
10 53 0.000000
10 54 0.000000
10 55 0.000000
10 56 0.000000
10 57 0.000000
10 58 0.000000
10 59 0.000000
10 60 0.000000
10 61 0.000000
10 62 0.000000
10 63 0.000000
11 0 0.000000
11 1 0.000000
11 2 0.000000
11 3 0.000000
11 4 0.000000
11 5 0.000000
11 6 0.000000
11 7 0.000000
11 8 0.000000
11 9 0.000000
11 10 0.000000
11 11 0.000000
11 12 0.000000
11 13 0.000000
11 14 0.000000
11 15 0.000000
11 16 0.000000
11 17 0.000000
11 18 0.000000
11 19 0.000000
11 20 0.000000
11 21 0.000000
11 22 0.000000
11 23 0.000000
11 24 0.000000
11 25 0.000000
11 26 0.000000
11 27 0.000000
11 28 0.000000
11 29 0.000000
11 30 0.000000
11 31 0.000000
11 32 0.000000
11 33 0.000000
11 34 0.000000
11 35 0.000000
11 36 0.000000
11 37 0.000000
11 38 0.000000
11 39 0.000000
11 40 0.000000
11 41 0.000000
11 42 0.000000
11 43 0.000000
11 44 0.000000
11 45 0.000000
11 46 0.000000
11 47 0.000000
11 48 0.000000
11 49 0.000000
11 50 0.000000
11 51 0.000000
11 52 0.000000
11 53 0.000000
11 54 0.000000
11 55 0.000000
11 56 0.000000
11 57 0.000000
11 58 0.000000
11 59 0.000000
11 60 0.000000
11 61 0.000000
11 62 0.000000
11 63 0.000000
12 0 0.000000
12 1 0.000000
12 2 0.000000
12 3 0.000000
12 4 0.000000
12 5 0.000000
12 6 0.000000
12 7 0.000000
12 8 0.000000
12 9 0.000000
12 10 0.000000
12 11 0.000000
12 12 0.000000
12 13 0.000000
12 14 0.000000
12 15 0.000000
12 16 0.000000
12 17 0.000000
12 18 0.000000
12 19 0.000000
12 20 0.000000
12 21 0.000000
12 22 0.000000
12 23 0.000000
12 24 0.000000
12 25 0.000000
12 26 0.000000
12 27 0.000000
12 28 0.000000
12 29 0.000000
12 30 0.000000
12 31 0.000000
12 32 0.000000
12 33 0.000000
12 34 0.000000
12 35 0.000000
12 36 0.000000
12 37 0.000000
12 38 0.000000
12 39 0.000000
12 40 0.000000
12 41 0.000000
12 42 0.000000
12 43 0.000000
12 44 0.000000
12 45 0.000000
12 46 0.000000
12 47 0.000000
12 48 0.000000
12 49 0.000000
12 50 0.000000
12 51 0.000000
12 52 0.000000
12 53 0.000000
12 54 0.000000
12 55 0.000000
12 56 0.000000
12 57 0.000000
12 58 0.000000
12 59 0.000000
12 60 0.000000
12 61 0.000000
12 62 0.000000
12 63 0.000000
13 0 0.000000
13 1 0.000000
13 2 0.000000
13 3 0.000000
13 4 0.000000
13 5 0.000000
13 6 0.000000
13 7 0.000000
13 8 0.000000
13 9 0.000000
13 10 0.000000
13 11 0.000000
13 12 0.000000
13 13 0.000000
13 14 0.000000
13 15 0.000000
13 16 0.000000
13 17 0.000000
13 18 0.000000
13 19 0.000000
13 20 0.000000
13 21 0.000000
13 22 0.000000
13 23 0.000000
13 24 0.000000
13 25 0.000000
13 26 0.000000
13 27 0.000000
13 28 0.000000
13 29 0.000000
13 30 0.000000
13 31 0.000000
13 32 0.000000
13 33 0.000000
13 34 0.000000
13 35 0.000000
13 36 0.000000
13 37 0.000000
13 38 0.000000
13 39 0.000000
13 40 0.000000
13 41 0.000000
13 42 0.000000
13 43 0.000000
13 44 0.000000
13 45 0.000000
13 46 0.000000
13 47 0.000000
13 48 0.000000
13 49 0.000000
13 50 0.000000
13 51 0.000000
13 52 0.000000
13 53 0.000000
13 54 0.000000
13 55 0.000000
13 56 0.000000
13 57 0.000000
13 58 0.000000
13 59 0.000000
13 60 0.000000
13 61 0.000000
13 62 0.000000
13 63 0.000000
14 0 0.000000
14 1 0.000000
14 2 0.000000
14 3 0.000000
14 4 0.000000
14 5 0.000000
14 6 0.000000
14 7 0.000000
14 8 0.000000
14 9 0.000000
14 10 0.000000
14 11 0.000000
14 12 0.000000
14 13 0.000000
14 14 0.000000
14 15 0.000000
14 16 0.000000
14 17 0.000000
14 18 0.000000
14 19 0.000000
14 20 0.000000
14 21 0.000000
14 22 0.000000
14 23 0.000000
14 24 0.000000
14 25 0.000000
14 26 0.000000
14 27 0.000000
14 28 0.000000
14 29 0.000000
14 30 0.000000
14 31 0.000000
14 32 0.000000
14 33 0.000000
14 34 0.000000
14 35 0.000000
14 36 0.000000
14 37 0.000000
14 38 0.000000
14 39 0.000000
14 40 0.000000
14 41 0.000000
14 42 0.000000
14 43 0.000000
14 44 0.000000
14 45 0.000000
14 46 0.000000
14 47 0.000000
14 48 0.000000
14 49 0.000000
14 50 0.000000
14 51 0.000000
14 52 0.000000
14 53 0.000000
14 54 0.000000
14 55 0.000000
14 56 0.000000
14 57 0.000000
14 58 0.000000
14 59 0.000000
14 60 0.000000
14 61 0.000000
14 62 0.000000
14 63 0.000000
15 0 0.000000
15 1 0.000000
15 2 0.000000
15 3 0.000000
15 4 0.000000
15 5 0.000000
15 6 0.000000
15 7 0.000000
15 8 0.000000
15 9 0.000000
15 10 0.000000
15 11 0.000000
15 12 0.000000
15 13 0.000000
15 14 0.000000
15 15 0.000000
15 16 0.000000
15 17 0.000000
15 18 0.000000
15 19 0.000000
15 20 0.000000
15 21 0.000000
15 22 0.000000
15 23 0.000000
15 24 0.000000
15 25 0.000000
15 26 0.000000
15 27 0.000000
15 28 0.000000
15 29 0.000000
15 30 0.000000
15 31 0.000000
15 32 0.000000
15 33 0.000000
15 34 0.000000
15 35 0.000000
15 36 0.000000
15 37 0.000000
15 38 0.000000
15 39 0.000000
15 40 0.000000
15 41 0.000000
15 42 0.000000
15 43 0.000000
15 44 0.000000
15 45 0.000000
15 46 0.000000
15 47 0.000000
15 48 0.000000
15 49 0.000000
15 50 0.000000
15 51 0.000000
15 52 0.000000
15 53 0.000000
15 54 0.000000
15 55 0.000000
15 56 0.000000
15 57 0.000000
15 58 0.000000
15 59 0.000000
15 60 0.000000
15 61 0.000000
15 62 0.000000
15 63 0.000000
16 0 0.000000
16 1 0.000000
16 2 0.000000
16 3 0.000000
16 4 0.000000
16 5 0.000000
16 6 0.000000
16 7 0.000000
16 8 0.000000
16 9 0.000000
16 10 0.000000
16 11 0.000000
16 12 0.000000
16 13 0.000000
16 14 0.000000
16 15 0.000000
16 16 -10.498243
16 17 7.275013
16 18 7.337036
16 19 7.841221
16 20 4.651511
16 21 -6.697493
16 22 -4.591943
16 23 -5.524587
16 24 -2.184744
16 25 10.908033
16 26 -25.839750
16 27 -101.120705
16 28 -82.721962
16 29 54.643768
16 30 -10.945265
16 31 -61.552151
16 32 -85.440590
16 33 -81.444321
16 34 -57.693619
16 35 -34.461655
16 36 -23.262356
16 37 -18.697794
16 38 -10.725306
16 39 -15.346312
16 40 -14.604809
16 41 -4.148537
16 42 -4.983109
16 43 -0.126493
16 44 8.676817
16 45 11.467729
16 46 4.893009
16 47 -6.881393
16 48 0.000000
16 49 0.000000
16 50 0.000000
16 51 0.000000
16 52 0.000000
16 53 0.000000
16 54 0.000000
16 55 0.000000
16 56 0.000000
16 57 0.000000
16 58 0.000000
16 59 0.000000
16 60 0.000000
16 61 0.000000
16 62 0.000000
16 63 0.000000
17 0 0.000000
17 1 0.000000
17 2 0.000000
17 3 0.000000
17 4 0.000000
17 5 0.000000
17 6 0.000000
17 7 0.000000
17 8 0.000000
17 9 0.000000
17 10 0.000000
17 11 0.000000
17 12 0.000000
17 13 0.000000
17 14 0.000000
17 15 0.000000
17 16 9.018777
17 17 10.458148
17 18 7.466368
17 19 8.718640
17 20 -3.567307
17 21 19.537279
17 22 11.700669
17 23 -22.543533
17 24 303.515442
17 25 267.279968
17 26 -23.851309
17 27 47.376911
17 28 34.122440
17 29 23.509617
17 30 20.024340
17 31 16.596613
17 32 18.059761
17 33 18.248884
17 34 19.254763
17 35 12.684245
17 36 5.109251
17 37 -1.665025
17 38 -9.008750
17 39 -11.446702
17 40 -15.163563
17 41 0.313448
17 42 -4.869259
17 43 -3.749825
17 44 -4.917652
17 45 3.636199
17 46 5.352617
17 47 12.044895
17 48 0.000000
17 49 0.000000
17 50 0.000000
17 51 0.000000
17 52 0.000000
17 53 0.000000
17 54 0.000000
17 55 0.000000
17 56 0.000000
17 57 0.000000
17 58 0.000000
17 59 0.000000
17 60 0.000000
17 61 0.000000
17 62 0.000000
17 63 0.000000
18 0 0.000000
18 1 0.000000
18 2 0.000000
18 3 0.000000
18 4 0.000000
18 5 0.000000
18 6 0.000000
18 7 0.000000
18 8 0.000000
18 9 0.000000
18 10 0.000000
18 11 0.000000
18 12 0.000000
18 13 0.000000
18 14 0.000000
18 15 0.000000
18 16 6.910014
18 17 13.209227
18 18 9.155752
18 19 10.651920
18 20 -8.919698
18 21 24.418648
18 22 232.533173
18 23 116.507324
18 24 -146.499481
18 25 -36.612713
18 26 -5.067233
18 27 -27.591000
18 28 -40.546860
18 29 -29.329500
18 30 -17.143692
18 31 -12.724188
18 32 -8.966080
18 33 -5.879715
18 34 -3.885053
18 35 -2.709290
18 36 1.929899
18 37 5.745385
18 38 6.561773
18 39 1.218446
18 40 -5.534158
18 41 -10.785328
18 42 -9.838367
18 43 -10.699194
18 44 -2.075489
18 45 6.089900
18 46 7.594173
18 47 14.225742
18 48 0.000000
18 49 0.000000
18 50 0.000000
18 51 0.000000
18 52 0.000000
18 53 0.000000
18 54 0.000000
18 55 0.000000
18 56 0.000000
18 57 0.000000
18 58 0.000000
18 59 0.000000
18 60 0.000000
18 61 0.000000
18 62 0.000000
18 63 0.000000
19 0 0.000000
19 1 0.000000
19 2 0.000000
19 3 0.000000
19 4 0.000000
19 5 0.000000
19 6 0.000000
19 7 0.000000
19 8 0.000000
19 9 0.000000
19 10 0.000000
19 11 0.000000
19 12 0.000000
19 13 0.000000
19 14 0.000000
19 15 0.000000
19 16 5.384090
19 17 13.487312
19 18 9.250064
19 19 15.864146
19 20 30.103624
19 21 5.361008
19 22 -109.499222
19 23 -26.170002
19 24 29.940794
19 25 27.722990
19 26 -3.220418
19 27 -15.239391
19 28 -10.871714
19 29 -4.908216
19 30 -3.800058
19 31 1.632126
19 32 7.714850
19 33 20.502001
19 34 28.265356
19 35 25.375488
19 36 19.751276
19 37 13.065606
19 38 10.768738
19 39 11.797511
19 40 15.186948
19 41 14.292984
19 42 11.501661
19 43 11.066561
19 44 1.517775
19 45 -0.070032
19 46 7.154205
19 47 13.615095
19 48 0.000000
19 49 0.000000
19 50 0.000000
19 51 0.000000
19 52 0.000000
19 53 0.000000
19 54 0.000000
19 55 0.000000
19 56 0.000000
19 57 0.000000
19 58 0.000000
19 59 0.000000
19 60 0.000000
19 61 0.000000
19 62 0.000000
19 63 0.000000
20 0 0.000000
20 1 0.000000
20 2 0.000000
20 3 0.000000
20 4 0.000000
20 5 0.000000
20 6 0.000000
20 7 0.000000
20 8 0.000000
20 9 0.000000
20 10 0.000000
20 11 0.000000
20 12 0.000000
20 13 0.000000
20 14 0.000000
20 15 0.000000
20 16 8.419881
20 17 22.617334
20 18 9.025543
20 19 65.409012
20 20 -86.021729
20 21 -52.553452
20 22 5.982865
20 23 22.469765
20 24 3.284960
20 25 -14.193222
20 26 -5.294096
20 27 -10.317666
20 28 -9.497409
20 29 -1.166024
20 30 2.044374
20 31 0.113710
20 32 -3.032013
20 33 -3.387208
20 34 2.533824
20 35 11.642514
20 36 13.618785
20 37 8.478717
20 38 3.534475
20 39 -1.965214
20 40 -2.360954
20 41 4.520417
20 42 11.013357
20 43 16.303421
20 44 21.397919
20 45 -9.023082
20 46 3.763028
20 47 -0.475720
20 48 0.000000
20 49 0.000000
20 50 0.000000
20 51 0.000000
20 52 0.000000
20 53 0.000000
20 54 0.000000
20 55 0.000000
20 56 0.000000
20 57 0.000000
20 58 0.000000
20 59 0.000000
20 60 0.000000
20 61 0.000000
20 62 0.000000
20 63 0.000000
21 0 0.000000
21 1 0.000000
21 2 0.000000
21 3 0.000000
21 4 0.000000
21 5 0.000000
21 6 0.000000
21 7 0.000000
21 8 0.000000
21 9 0.000000
21 10 0.000000
21 11 0.000000
21 12 0.000000
21 13 0.000000
21 14 0.000000
21 15 0.000000
21 16 29.689360
21 17 -12.451523
21 18 -14.026022
21 19 -279.250977
21 20 28.261217
21 21 -0.813482
21 22 22.571686
21 23 13.574345
21 24 4.830841
21 25 14.490805
21 26 21.487968
21 27 13.211825
21 28 7.543221
21 29 2.148391
21 30 13.180031
21 31 17.698280
21 32 16.049942
21 33 4.723520
21 34 -8.957361
21 35 -10.403899
21 36 -1.112799
21 37 8.968140
21 38 14.612586
21 39 13.784427
21 40 7.518828
21 41 3.928386
21 42 3.734139
21 43 7.080363
21 44 16.073742
21 45 24.537544
21 46 -12.504007
21 47 0.802665
21 48 0.000000
21 49 0.000000
21 50 0.000000
21 51 0.000000
21 52 0.000000
21 53 0.000000
21 54 0.000000
21 55 0.000000
21 56 0.000000
21 57 0.000000
21 58 0.000000
21 59 0.000000
21 60 0.000000
21 61 0.000000
21 62 0.000000
21 63 0.000000
22 0 0.000000
22 1 0.000000
22 2 0.000000
22 3 0.000000
22 4 0.000000
22 5 0.000000
22 6 0.000000
22 7 0.000000
22 8 0.000000
22 9 0.000000
22 10 0.000000
22 11 0.000000
22 12 0.000000
22 13 0.000000
22 14 0.000000
22 15 0.000000
22 16 24.644178
22 17 -21.308874
22 18 181.293411
22 19 -2.116580
22 20 -16.545094
22 21 -1.969183
22 22 -8.837684
22 23 -21.802275
22 24 -11.897607
22 25 -0.904170
22 26 0.777927
22 27 2.743468
22 28 12.078887
22 29 1.206714
22 30 -10.120019
22 31 -12.884485
22 32 -11.872038
22 33 -7.151293
22 34 -5.586716
22 35 -16.465900
22 36 -24.603451
22 37 -22.435730
22 38 -14.594822
22 39 -4.999366
22 40 -0.005981
22 41 1.365750
22 42 0.203320
22 43 -5.108431
22 44 -5.244012
22 45 3.468143
22 46 9.189363
22 47 0.210277
22 48 0.000000
22 49 0.000000
22 50 0.000000
22 51 0.000000
22 52 0.000000
22 53 0.000000
22 54 0.000000
22 55 0.000000
22 56 0.000000
22 57 0.000000
22 58 0.000000
22 59 0.000000
22 60 0.000000
22 61 0.000000
22 62 0.000000
22 63 0.000000
23 0 0.000000
23 1 0.000000
23 2 0.000000
23 3 0.000000
23 4 0.000000
23 5 0.000000
23 6 0.000000
23 7 0.000000
23 8 0.000000
23 9 0.000000
23 10 0.000000
23 11 0.000000
23 12 0.000000
23 13 0.000000
23 14 0.000000
23 15 0.000000
23 16 24.792059
23 17 143.075836
23 18 -89.597054
23 19 10.092308
23 20 15.351002
23 21 1.477310
23 22 -20.388000
23 23 -1.379391
23 24 10.059725
23 25 5.235587
23 26 5.042736
23 27 2.690747
23 28 6.885983
23 29 8.873959
23 30 0.300191
23 31 -6.917305
23 32 -9.051757
23 33 -9.205175
23 34 -7.163885
23 35 -4.956008
23 36 -8.087967
23 37 -11.498917
23 38 -13.475582
23 39 -14.176620
23 40 -11.517555
23 41 -5.867146
23 42 -0.067804
23 43 2.472515
23 44 0.690552
23 45 -1.173931
23 46 -5.268138
23 47 -7.041187
23 48 0.000000
23 49 0.000000
23 50 0.000000
23 51 0.000000
23 52 0.000000
23 53 0.000000
23 54 0.000000
23 55 0.000000
23 56 0.000000
23 57 0.000000
23 58 0.000000
23 59 0.000000
23 60 0.000000
23 61 0.000000
23 62 0.000000
23 63 0.000000
24 0 0.000000
24 1 0.000000
24 2 0.000000
24 3 0.000000
24 4 0.000000
24 5 0.000000
24 6 0.000000
24 7 0.000000
24 8 0.000000
24 9 0.000000
24 10 0.000000
24 11 0.000000
24 12 0.000000
24 13 0.000000
24 14 0.000000
24 15 0.000000
24 16 23.917685
24 17 -79.624283
24 18 34.150360
24 19 18.901299
24 20 6.880083
24 21 -12.528067
24 22 -6.646176
24 23 12.378647
24 24 11.453518
24 25 -1.680450
24 26 3.419746
24 27 8.330250
24 28 4.067219
24 29 3.500382
24 30 3.018568
24 31 -1.471764
24 32 -6.558261
24 33 0.241789
24 34 4.438413
24 35 0.946624
24 36 -3.597934
24 37 -9.316078
24 38 -5.730602
24 39 -0.220061
24 40 -2.801483
24 41 -7.415513
24 42 -10.081528
24 43 -6.663670
24 44 -1.605141
24 45 2.343745
24 46 2.400999
24 47 -2.964530
24 48 0.000000
24 49 0.000000
24 50 0.000000
24 51 0.000000
24 52 0.000000
24 53 0.000000
24 54 0.000000
24 55 0.000000
24 56 0.000000
24 57 0.000000
24 58 0.000000
24 59 0.000000
24 60 0.000000
24 61 0.000000
24 62 0.000000
24 63 0.000000
25 0 0.000000
25 1 0.000000
25 2 0.000000
25 3 0.000000
25 4 0.000000
25 5 0.000000
25 6 0.000000
25 7 0.000000
25 8 0.000000
25 9 0.000000
25 10 0.000000
25 11 0.000000
25 12 0.000000
25 13 0.000000
25 14 0.000000
25 15 0.000000
25 16 63.563725
25 17 13.570084
25 18 22.551296
25 19 -7.714386
25 20 -6.826107
25 21 -4.558226
25 22 2.945899
25 23 10.363377
25 24 -0.619654
25 25 -15.842953
25 26 -4.982331
25 27 6.045278
25 28 3.944056
25 29 -0.065283
25 30 1.201304
25 31 3.689136
25 32 -5.153109
25 33 -9.910816
25 34 -0.667998
25 35 7.416083
25 36 10.802103
25 37 3.362462
25 38 -9.169183
25 39 -9.152876
25 40 -0.884649
25 41 3.235220
25 42 -0.391465
25 43 -6.287906
25 44 -13.098917
25 45 -11.054330
25 46 -5.356536
25 47 -6.898383
25 48 0.000000
25 49 0.000000
25 50 0.000000
25 51 0.000000
25 52 0.000000
25 53 0.000000
25 54 0.000000
25 55 0.000000
25 56 0.000000
25 57 0.000000
25 58 0.000000
25 59 0.000000
25 60 0.000000
25 61 0.000000
25 62 0.000000
25 63 0.000000
26 0 0.000000
26 1 0.000000
26 2 0.000000
26 3 0.000000
26 4 0.000000
26 5 0.000000
26 6 0.000000
26 7 0.000000
26 8 0.000000
26 9 0.000000
26 10 0.000000
26 11 0.000000
26 12 0.000000
26 13 0.000000
26 14 0.000000
26 15 0.000000
26 16 -131.899841
26 17 67.189468
26 18 -0.839719
26 19 -11.399004
26 20 -6.524549
26 21 3.047517
26 22 6.307134
26 23 4.514633
26 24 -3.713103
26 25 -13.185620
26 26 -1.429362
26 27 4.756165
26 28 1.770834
26 29 -1.825009
26 30 1.728736
26 31 4.105482
26 32 5.474000
26 33 -3.642671
26 34 -7.590827
26 35 1.884200
26 36 9.325607
26 37 13.178278
26 38 9.672295
26 39 -0.376598
26 40 -5.098843
26 41 -4.535185
26 42 -1.941764
26 43 2.750218
26 44 1.658947
26 45 -4.608182
26 46 -9.805676
26 47 -12.074322
26 48 0.000000
26 49 0.000000
26 50 0.000000
26 51 0.000000
26 52 0.000000
26 53 0.000000
26 54 0.000000
26 55 0.000000
26 56 0.000000
26 57 0.000000
26 58 0.000000
26 59 0.000000
26 60 0.000000
26 61 0.000000
26 62 0.000000
26 63 0.000000
27 0 0.000000
27 1 0.000000
27 2 0.000000
27 3 0.000000
27 4 0.000000
27 5 0.000000
27 6 0.000000
27 7 0.000000
27 8 0.000000
27 9 0.000000
27 10 0.000000
27 11 0.000000
27 12 0.000000
27 13 0.000000
27 14 0.000000
27 15 0.000000
27 16 -199.903152
27 17 59.024055
27 18 -31.696247
27 19 1.057152
27 20 -6.516171
27 21 1.932522
27 22 10.706484
27 23 0.017007
27 24 -7.058456
27 25 -7.271839
27 26 4.702797
27 27 7.973304
27 28 4.846180
27 29 -4.251278
27 30 -0.897589
27 31 0.295757
27 32 3.986519
27 33 5.600585
27 34 -0.954589
27 35 -2.003293
27 36 5.833994
27 37 10.363635
27 38 11.338327
27 39 8.266622
27 40 3.677733
27 41 2.559664
27 42 -0.102914
27 43 -3.321716
27 44 -1.616029
27 45 1.852917
27 46 2.732262
27 47 -0.872918
27 48 0.000000
27 49 0.000000
27 50 0.000000
27 51 0.000000
27 52 0.000000
27 53 0.000000
27 54 0.000000
27 55 0.000000
27 56 0.000000
27 57 0.000000
27 58 0.000000
27 59 0.000000
27 60 0.000000
27 61 0.000000
27 62 0.000000
27 63 0.000000
28 0 0.000000
28 1 0.000000
28 2 0.000000
28 3 0.000000
28 4 0.000000
28 5 0.000000
28 6 0.000000
28 7 0.000000
28 8 0.000000
28 9 0.000000
28 10 0.000000
28 11 0.000000
28 12 0.000000
28 13 0.000000
28 14 0.000000
28 15 0.000000
28 16 -106.197815
28 17 33.542442
28 18 -27.614923
28 19 3.553831
28 20 -7.462467
28 21 0.932052
28 22 9.964862
28 23 -2.235689
28 24 -10.512726
28 25 -6.169003
28 26 5.924814
28 27 6.349535
28 28 4.582407
28 29 -2.674443
28 30 -2.265198
28 31 0.479237
28 32 -0.631612
28 33 0.470952
28 34 1.845572
28 35 -0.210729
28 36 0.319535
28 37 6.813549
28 38 9.031500
28 39 8.344131
28 40 5.251348
28 41 0.361663
28 42 2.398743
28 43 5.883348
28 44 4.498189
28 45 0.913576
28 46 -5.858153
28 47 -3.850526
28 48 0.000000
28 49 0.000000
28 50 0.000000
28 51 0.000000
28 52 0.000000
28 53 0.000000
28 54 0.000000
28 55 0.000000
28 56 0.000000
28 57 0.000000
28 58 0.000000
28 59 0.000000
28 60 0.000000
28 61 0.000000
28 62 0.000000
28 63 0.000000
29 0 0.000000
29 1 0.000000
29 2 0.000000
29 3 0.000000
29 4 0.000000
29 5 0.000000
29 6 0.000000
29 7 0.000000
29 8 0.000000
29 9 0.000000
29 10 0.000000
29 11 0.000000
29 12 0.000000
29 13 0.000000
29 14 0.000000
29 15 0.000000
29 16 37.571148
29 17 -0.720815
29 18 -11.151431
29 19 3.396259
29 20 -5.043159
29 21 -2.320548
29 22 6.241131
29 23 -3.752192
29 24 -11.665565
29 25 -6.321733
29 26 4.132937
29 27 6.293670
29 28 1.765903
29 29 -1.517074
29 30 -3.958107
29 31 0.078666
29 32 1.890898
29 33 -0.985944
29 34 -3.840153
29 35 -2.933920
29 36 -3.037835
29 37 -3.024700
29 38 4.116851
29 39 6.859810
29 40 5.635506
29 41 2.688525
29 42 -1.603323
29 43 -0.760229
29 44 3.524611
29 45 8.444357
29 46 3.139608
29 47 -2.312325
29 48 0.000000
29 49 0.000000
29 50 0.000000
29 51 0.000000
29 52 0.000000
29 53 0.000000
29 54 0.000000
29 55 0.000000
29 56 0.000000
29 57 0.000000
29 58 0.000000
29 59 0.000000
29 60 0.000000
29 61 0.000000
29 62 0.000000
29 63 0.000000
30 0 0.000000
30 1 0.000000
30 2 0.000000
30 3 0.000000
30 4 0.000000
30 5 0.000000
30 6 0.000000
30 7 0.000000
30 8 0.000000
30 9 0.000000
30 10 0.000000
30 11 0.000000
30 12 0.000000
30 13 0.000000
30 14 0.000000
30 15 0.000000
30 16 36.315502
30 17 -18.557213
30 18 -2.658383
30 19 6.355770
30 20 5.344935
30 21 -2.867826
30 22 -0.748036
30 23 -1.683682
30 24 -6.988262
30 25 -2.589059
30 26 4.887584
30 27 4.162670
30 28 2.326737
30 29 0.366570
30 30 -3.606931
30 31 -1.038949
30 32 1.158094
30 33 1.291751
30 34 -2.136732
30 35 -5.467378
30 36 -2.310211
30 37 -5.138077
30 38 -4.915608
30 39 1.555929
30 40 4.934670
30 41 6.728285
30 42 4.918516
30 43 -1.237186
30 44 -2.249700
30 45 3.432189
30 46 3.307580
30 47 4.159493
30 48 0.000000
30 49 0.000000
30 50 0.000000
30 51 0.000000
30 52 0.000000
30 53 0.000000
30 54 0.000000
30 55 0.000000
30 56 0.000000
30 57 0.000000
30 58 0.000000
30 59 0.000000
30 60 0.000000
30 61 0.000000
30 62 0.000000
30 63 0.000000
31 0 0.000000
31 1 0.000000
31 2 0.000000
31 3 0.000000
31 4 0.000000
31 5 0.000000
31 6 0.000000
31 7 0.000000
31 8 0.000000
31 9 0.000000
31 10 0.000000
31 11 0.000000
31 12 0.000000
31 13 0.000000
31 14 0.000000
31 15 0.000000
31 16 38.837147
31 17 -26.386236
31 18 -3.545168
31 19 4.543413
31 20 14.578374
31 21 3.136729
31 22 -9.925420
31 23 -3.346878
31 24 -0.530828
31 25 -0.859900
31 26 8.014199
31 27 4.584730
31 28 0.830448
31 29 -1.442247
31 30 -2.556155
31 31 -0.738121
31 32 1.798922
31 33 1.346419
31 34 0.228993
31 35 -5.197633
31 36 -4.639322
31 37 -0.179231
31 38 -3.818331
31 39 -6.498695
31 40 -1.380756
31 41 3.172924
31 42 5.611899
31 43 4.583497
31 44 -0.496724
31 45 0.497488
31 46 2.409557
31 47 2.671892
31 48 0.000000
31 49 0.000000
31 50 0.000000
31 51 0.000000
31 52 0.000000
31 53 0.000000
31 54 0.000000
31 55 0.000000
31 56 0.000000
31 57 0.000000
31 58 0.000000
31 59 0.000000
31 60 0.000000
31 61 0.000000
31 62 0.000000
31 63 0.000000
32 0 0.000000
32 1 0.000000
32 2 0.000000
32 3 0.000000
32 4 0.000000
32 5 0.000000
32 6 0.000000
32 7 0.000000
32 8 0.000000
32 9 0.000000
32 10 0.000000
32 11 0.000000
32 12 0.000000
32 13 0.000000
32 14 0.000000
32 15 0.000000
32 16 48.792480
32 17 -37.198200
32 18 0.909414
32 19 6.732763
32 20 10.491442
32 21 8.092236
32 22 -10.720304
32 23 -6.969197
32 24 1.679778
32 25 -2.052020
32 26 7.237919
32 27 5.667941
32 28 0.942587
32 29 -3.074919
32 30 -0.196692
32 31 -1.834076
32 32 1.392476
32 33 2.886888
32 34 1.147273
32 35 -1.054426
32 36 -5.549839
32 37 -4.583668
32 38 -0.340604
32 39 -1.807241
32 40 -4.858289
32 41 -1.374616
32 42 0.205375
32 43 2.800957
32 44 3.296294
32 45 0.403133
32 46 2.165240
32 47 5.960600
32 48 0.000000
32 49 0.000000
32 50 0.000000
32 51 0.000000
32 52 0.000000
32 53 0.000000
32 54 0.000000
32 55 0.000000
32 56 0.000000
32 57 0.000000
32 58 0.000000
32 59 0.000000
32 60 0.000000
32 61 0.000000
32 62 0.000000
32 63 0.000000
33 0 0.000000
33 1 0.000000
33 2 0.000000
33 3 0.000000
33 4 0.000000
33 5 0.000000
33 6 0.000000
33 7 0.000000
33 8 0.000000
33 9 0.000000
33 10 0.000000
33 11 0.000000
33 12 0.000000
33 13 0.000000
33 14 0.000000
33 15 0.000000
33 16 62.908714
33 17 -53.571136
33 18 0.914257
33 19 19.027884
33 20 2.005822
33 21 1.544297
33 22 -3.828626
33 23 -2.939598
33 24 2.262493
33 25 -2.592930
33 26 2.997536
33 27 2.898399
33 28 0.500005
33 29 -4.168322
33 30 -0.132351
33 31 0.509333
33 32 0.710301
33 33 2.766723
33 34 1.010026
33 35 0.616361
33 36 -2.612225
33 37 -4.673385
33 38 -2.241582
33 39 1.496871
33 40 -1.885314
33 41 -4.606205
33 42 -0.462450
33 43 1.584423
33 44 1.461721
33 45 1.165612
33 46 0.031497
33 47 5.315845
33 48 0.000000
33 49 0.000000
33 50 0.000000
33 51 0.000000
33 52 0.000000
33 53 0.000000
33 54 0.000000
33 55 0.000000
33 56 0.000000
33 57 0.000000
33 58 0.000000
33 59 0.000000
33 60 0.000000
33 61 0.000000
33 62 0.000000
33 63 0.000000
34 0 0.000000
34 1 0.000000
34 2 0.000000
34 3 0.000000
34 4 0.000000
34 5 0.000000
34 6 0.000000
34 7 0.000000
34 8 0.000000
34 9 0.000000
34 10 0.000000
34 11 0.000000
34 12 0.000000
34 13 0.000000
34 14 0.000000
34 15 0.000000
34 16 57.228985
34 17 -61.001175
34 18 -3.519891
34 19 31.814304
34 20 1.396035
34 21 -10.408160
34 22 -4.363171
34 23 1.041205
34 24 5.574157
34 25 0.090886
34 26 -0.349905
34 27 2.119679
34 28 -1.755433
34 29 -4.958660
34 30 -3.447291
34 31 -0.171281
34 32 1.262329
34 33 2.645068
34 34 3.258688
34 35 2.212159
34 36 -1.735023
34 37 -1.940960
34 38 -2.070082
34 39 -0.948693
34 40 2.958107
34 41 -2.165169
34 42 -5.853903
34 43 -0.097816
34 44 0.763072
34 45 2.169937
34 46 1.312961
34 47 1.045193
34 48 0.000000
34 49 0.000000
34 50 0.000000
34 51 0.000000
34 52 0.000000
34 53 0.000000
34 54 0.000000
34 55 0.000000
34 56 0.000000
34 57 0.000000
34 58 0.000000
34 59 0.000000
34 60 0.000000
34 61 0.000000
34 62 0.000000
34 63 0.000000
35 0 0.000000
35 1 0.000000
35 2 0.000000
35 3 0.000000
35 4 0.000000
35 5 0.000000
35 6 0.000000
35 7 0.000000
35 8 0.000000
35 9 0.000000
35 10 0.000000
35 11 0.000000
35 12 0.000000
35 13 0.000000
35 14 0.000000
35 15 0.000000
35 16 21.164619
35 17 -51.988468
35 18 -9.264274
35 19 34.930229
35 20 8.475823
35 21 -16.281025
35 22 -9.571362
35 23 -2.849084
35 24 5.192860
35 25 6.379400
35 26 1.548009
35 27 2.166426
35 28 -0.300615
35 29 -4.815673
35 30 -5.096942
35 31 -1.757350
35 32 -1.047392
35 33 2.580991
35 34 4.230456
35 35 2.676720
35 36 1.764490
35 37 0.131001
35 38 0.529050
35 39 -0.521920
35 40 2.172246
35 41 4.273038
35 42 -1.668749
35 43 -4.669129
35 44 -2.761151
35 45 1.036814
35 46 2.938067
35 47 5.468529
35 48 0.000000
35 49 0.000000
35 50 0.000000
35 51 0.000000
35 52 0.000000
35 53 0.000000
35 54 0.000000
35 55 0.000000
35 56 0.000000
35 57 0.000000
35 58 0.000000
35 59 0.000000
35 60 0.000000
35 61 0.000000
35 62 0.000000
35 63 0.000000
36 0 0.000000
36 1 0.000000
36 2 0.000000
36 3 0.000000
36 4 0.000000
36 5 0.000000
36 6 0.000000
36 7 0.000000
36 8 0.000000
36 9 0.000000
36 10 0.000000
36 11 0.000000
36 12 0.000000
36 13 0.000000
36 14 0.000000
36 15 0.000000
36 16 -10.667603
36 17 -37.608639
36 18 -12.903217
36 19 30.667116
36 20 16.746304
36 21 -16.992817
36 22 -12.043348
36 23 -8.840695
36 24 -0.645929
36 25 10.885601
36 26 9.627752
36 27 0.259100
36 28 1.225463
36 29 -2.095868
36 30 -5.119414
36 31 -2.458265
36 32 -2.642855
36 33 -2.321756
36 34 2.400992
36 35 2.433469
36 36 4.446477
36 37 3.259030
36 38 1.418724
36 39 2.954448
36 40 1.563287
36 41 0.609398
36 42 2.075065
36 43 -3.113721
36 44 -6.626086
36 45 -0.222708
36 46 0.498602
36 47 2.376837
36 48 0.000000
36 49 0.000000
36 50 0.000000
36 51 0.000000
36 52 0.000000
36 53 0.000000
36 54 0.000000
36 55 0.000000
36 56 0.000000
36 57 0.000000
36 58 0.000000
36 59 0.000000
36 60 0.000000
36 61 0.000000
36 62 0.000000
36 63 0.000000
37 0 0.000000
37 1 0.000000
37 2 0.000000
37 3 0.000000
37 4 0.000000
37 5 0.000000
37 6 0.000000
37 7 0.000000
37 8 0.000000
37 9 0.000000
37 10 0.000000
37 11 0.000000
37 12 0.000000
37 13 0.000000
37 14 0.000000
37 15 0.000000
37 16 -21.008076
37 17 -21.341255
37 18 -11.170785
37 19 21.310741
37 20 21.424040
37 21 -7.443159
37 22 -12.417166
37 23 -10.108345
37 24 -9.207880
37 25 2.363466
37 26 16.445602
37 27 5.007495
37 28 1.215180
37 29 -2.837669
37 30 -3.116763
37 31 -2.363292
37 32 -1.251370
37 33 -3.915222
37 34 -0.667976
37 35 2.552248
37 36 3.203833
37 37 4.348526
37 38 1.625844
37 39 2.651258
37 40 3.154189
37 41 0.729847
37 42 1.315165
37 43 0.918395
37 44 -4.350587
37 45 -6.989639
37 46 -4.210642
37 47 0.484375
37 48 0.000000
37 49 0.000000
37 50 0.000000
37 51 0.000000
37 52 0.000000
37 53 0.000000
37 54 0.000000
37 55 0.000000
37 56 0.000000
37 57 0.000000
37 58 0.000000
37 59 0.000000
37 60 0.000000
37 61 0.000000
37 62 0.000000
37 63 0.000000
38 0 0.000000
38 1 0.000000
38 2 0.000000
38 3 0.000000
38 4 0.000000
38 5 0.000000
38 6 0.000000
38 7 0.000000
38 8 0.000000
38 9 0.000000
38 10 0.000000
38 11 0.000000
38 12 0.000000
38 13 0.000000
38 14 0.000000
38 15 0.000000
38 16 -18.781399
38 17 -8.590773
38 18 -8.733528
38 19 11.021618
38 20 18.013330
38 21 3.450375
38 22 -14.253961
38 23 -9.703043
38 24 -10.967974
38 25 -8.768067
38 26 11.601579
38 27 11.958464
38 28 6.330476
38 29 -2.150923
38 30 -1.935968
38 31 -2.049348
38 32 -1.820544
38 33 -1.925390
38 34 -2.527921
38 35 0.597173
38 36 1.244156
38 37 0.871683
38 38 -0.750639
38 39 0.880952
38 40 3.640261
38 41 4.162043
38 42 0.341946
38 43 -3.717230
38 44 -3.286470
38 45 -4.628318
38 46 -4.760068
38 47 4.324620
38 48 0.000000
38 49 0.000000
38 50 0.000000
38 51 0.000000
38 52 0.000000
38 53 0.000000
38 54 0.000000
38 55 0.000000
38 56 0.000000
38 57 0.000000
38 58 0.000000
38 59 0.000000
38 60 0.000000
38 61 0.000000
38 62 0.000000
38 63 0.000000
39 0 0.000000
39 1 0.000000
39 2 0.000000
39 3 0.000000
39 4 0.000000
39 5 0.000000
39 6 0.000000
39 7 0.000000
39 8 0.000000
39 9 0.000000
39 10 0.000000
39 11 0.000000
39 12 0.000000
39 13 0.000000
39 14 0.000000
39 15 0.000000
39 16 -41.323334
39 17 -24.237621
39 18 -0.571446
39 19 4.729733
39 20 14.418121
39 21 15.865288
39 22 -10.136320
39 23 -10.694800
39 24 -8.432768
39 25 -9.787540
39 26 4.713601
39 27 13.676311
39 28 11.055336
39 29 4.810473
39 30 -0.513646
39 31 -1.358834
39 32 -0.517596
39 33 -0.706644
39 34 -3.626768
39 35 -2.060338
39 36 -0.382552
39 37 2.078975
39 38 1.199578
39 39 0.306007
39 40 0.742909
39 41 0.499982
39 42 0.349931
39 43 -1.542462
39 44 -0.719145
39 45 4.026014
39 46 0.316145
39 47 -5.438917
39 48 0.000000
39 49 0.000000
39 50 0.000000
39 51 0.000000
39 52 0.000000
39 53 0.000000
39 54 0.000000
39 55 0.000000
39 56 0.000000
39 57 0.000000
39 58 0.000000
39 59 0.000000
39 60 0.000000
39 61 0.000000
39 62 0.000000
39 63 0.000000
40 0 0.000000
40 1 0.000000
40 2 0.000000
40 3 0.000000
40 4 0.000000
40 5 0.000000
40 6 0.000000
40 7 0.000000
40 8 0.000000
40 9 0.000000
40 10 0.000000
40 11 0.000000
40 12 0.000000
40 13 0.000000
40 14 0.000000
40 15 0.000000
40 16 -57.493801
40 17 -9.296842
40 18 9.439061
40 19 1.614666
40 20 6.707842
40 21 18.875555
40 22 -0.247475
40 23 -14.311711
40 24 -9.697264
40 25 -10.533298
40 26 -0.982814
40 27 10.163142
40 28 9.496626
40 29 9.727921
40 30 4.180580
40 31 -1.608658
40 32 -2.138696
40 33 -0.693178
40 34 -3.917817
40 35 -2.986161
40 36 -1.455373
40 37 -1.203212
40 38 0.208599
40 39 -2.901206
40 40 -0.911855
40 41 1.839159
40 42 3.231385
40 43 2.974736
40 44 -1.184029
40 45 0.826208
40 46 6.809085
40 47 -9.146732
40 48 0.000000
40 49 0.000000
40 50 0.000000
40 51 0.000000
40 52 0.000000
40 53 0.000000
40 54 0.000000
40 55 0.000000
40 56 0.000000
40 57 0.000000
40 58 0.000000
40 59 0.000000
40 60 0.000000
40 61 0.000000
40 62 0.000000
40 63 0.000000
41 0 0.000000
41 1 0.000000
41 2 0.000000
41 3 0.000000
41 4 0.000000
41 5 0.000000
41 6 0.000000
41 7 0.000000
41 8 0.000000
41 9 0.000000
41 10 0.000000
41 11 0.000000
41 12 0.000000
41 13 0.000000
41 14 0.000000
41 15 0.000000
41 16 19.396053
41 17 -90.434120
41 18 2.614534
41 19 11.922050
41 20 4.946483
41 21 14.210419
41 22 13.197618
41 23 -13.364501
41 24 -9.647107
41 25 -9.060699
41 26 -2.373382
41 27 7.650949
41 28 7.248185
41 29 8.267773
41 30 12.233786
41 31 5.164265
41 32 -1.815496
41 33 -1.691739
41 34 -2.509469
41 35 -5.483127
41 36 -4.102733
41 37 -4.593668
41 38 -0.834995
41 39 1.698811
41 40 3.072894
41 41 4.730975
41 42 4.073954
41 43 1.235922
41 44 -0.303597
41 45 -0.925049
41 46 -1.442384
41 47 23.805672
41 48 0.000000
41 49 0.000000
41 50 0.000000
41 51 0.000000
41 52 0.000000
41 53 0.000000
41 54 0.000000
41 55 0.000000
41 56 0.000000
41 57 0.000000
41 58 0.000000
41 59 0.000000
41 60 0.000000
41 61 0.000000
41 62 0.000000
41 63 0.000000
42 0 0.000000
42 1 0.000000
42 2 0.000000
42 3 0.000000
42 4 0.000000
42 5 0.000000
42 6 0.000000
42 7 0.000000
42 8 0.000000
42 9 0.000000
42 10 0.000000
42 11 0.000000
42 12 0.000000
42 13 0.000000
42 14 0.000000
42 15 0.000000
42 16 41.714695
42 17 -1.744355
42 18 34.601109
42 19 0.020650
42 20 1.277223
42 21 6.674377
42 22 18.029875
42 23 -5.417819
42 24 -13.686912
42 25 -12.458055
42 26 -7.043168
42 27 -0.987895
42 28 3.919808
42 29 -0.404194
42 30 6.101575
42 31 6.534484
42 32 -0.216038
42 33 -6.709200
42 34 -7.952007
42 35 -10.584177
42 36 -7.464909
42 37 -2.302243
42 38 -1.065368
42 39 0.910708
42 40 0.656308
42 41 -0.208565
42 42 -0.425122
42 43 -2.597386
42 44 -4.632344
42 45 0.007547
42 46 8.088729
42 47 -38.752186
42 48 0.000000
42 49 0.000000
42 50 0.000000
42 51 0.000000
42 52 0.000000
42 53 0.000000
42 54 0.000000
42 55 0.000000
42 56 0.000000
42 57 0.000000
42 58 0.000000
42 59 0.000000
42 60 0.000000
42 61 0.000000
42 62 0.000000
42 63 0.000000
43 0 0.000000
43 1 0.000000
43 2 0.000000
43 3 0.000000
43 4 0.000000
43 5 0.000000
43 6 0.000000
43 7 0.000000
43 8 0.000000
43 9 0.000000
43 10 0.000000
43 11 0.000000
43 12 0.000000
43 13 0.000000
43 14 0.000000
43 15 0.000000
43 16 45.824181
43 17 0.810894
43 18 6.648518
43 19 15.709118
43 20 -9.880705
43 21 0.031418
43 22 15.267612
43 23 11.485216
43 24 -7.106586
43 25 -8.078688
43 26 -5.245860
43 27 -3.831859
43 28 5.617795
43 29 1.758844
43 30 1.110423
43 31 3.993524
43 32 3.406311
43 33 -2.366149
43 34 -4.449275
43 35 -2.840423
43 36 -2.650048
43 37 -0.485782
43 38 -0.316303
43 39 0.868672
43 40 -0.706467
43 41 -1.944939
43 42 -3.179500
43 43 -2.387700
43 44 -2.480754
43 45 2.540685
43 46 11.395969
43 47 -18.768652
43 48 0.000000
43 49 0.000000
43 50 0.000000
43 51 0.000000
43 52 0.000000
43 53 0.000000
43 54 0.000000
43 55 0.000000
43 56 0.000000
43 57 0.000000
43 58 0.000000
43 59 0.000000
43 60 0.000000
43 61 0.000000
43 62 0.000000
43 63 0.000000
44 0 0.000000
44 1 0.000000
44 2 0.000000
44 3 0.000000
44 4 0.000000
44 5 0.000000
44 6 0.000000
44 7 0.000000
44 8 0.000000
44 9 0.000000
44 10 0.000000
44 11 0.000000
44 12 0.000000
44 13 0.000000
44 14 0.000000
44 15 0.000000
44 16 7.081162
44 17 34.886742
44 18 -4.002484
44 19 -37.967194
44 20 4.820676
44 21 -11.429767
44 22 1.013821
44 23 13.529438
44 24 -1.811913
44 25 -0.895883
44 26 4.160882
44 27 1.636909
44 28 5.698351
44 29 4.591345
44 30 -0.019386
44 31 3.879927
44 32 8.087868
44 33 8.337521
44 34 1.803147
44 35 -0.420117
44 36 -0.303387
44 37 2.477158
44 38 1.982413
44 39 1.428750
44 40 -1.434411
44 41 -1.206458
44 42 3.109652
44 43 0.060448
44 44 4.862318
44 45 -9.244728
44 46 -14.442587
44 47 -29.295624
44 48 0.000000
44 49 0.000000
44 50 0.000000
44 51 0.000000
44 52 0.000000
44 53 0.000000
44 54 0.000000
44 55 0.000000
44 56 0.000000
44 57 0.000000
44 58 0.000000
44 59 0.000000
44 60 0.000000
44 61 0.000000
44 62 0.000000
44 63 0.000000
45 0 0.000000
45 1 0.000000
45 2 0.000000
45 3 0.000000
45 4 0.000000
45 5 0.000000
45 6 0.000000
45 7 0.000000
45 8 0.000000
45 9 0.000000
45 10 0.000000
45 11 0.000000
45 12 0.000000
45 13 0.000000
45 14 0.000000
45 15 0.000000
45 16 12.558565
45 17 12.654776
45 18 6.713607
45 19 -66.156319
45 20 -0.711559
45 21 21.944599
45 22 -8.164317
45 23 9.189662
45 24 -1.547576
45 25 -10.667383
45 26 1.828027
45 27 1.517249
45 28 3.089736
45 29 10.139587
45 30 6.299839
45 31 4.815202
45 32 4.982508
45 33 7.868398
45 34 7.857224
45 35 5.274319
45 36 -0.417997
45 37 -0.719890
45 38 3.394867
45 39 4.051293
45 40 6.346679
45 41 4.968343
45 42 3.772607
45 43 9.380690
45 44 -3.228978
45 45 -17.307842
45 46 5.018844
45 47 13.820210
45 48 0.000000
45 49 0.000000
45 50 0.000000
45 51 0.000000
45 52 0.000000
45 53 0.000000
45 54 0.000000
45 55 0.000000
45 56 0.000000
45 57 0.000000
45 58 0.000000
45 59 0.000000
45 60 0.000000
45 61 0.000000
45 62 0.000000
45 63 0.000000
46 0 0.000000
46 1 0.000000
46 2 0.000000
46 3 0.000000
46 4 0.000000
46 5 0.000000
46 6 0.000000
46 7 0.000000
46 8 0.000000
46 9 0.000000
46 10 0.000000
46 11 0.000000
46 12 0.000000
46 13 0.000000
46 14 0.000000
46 15 0.000000
46 16 3.153444
46 17 5.877195
46 18 0.563231
46 19 2.117338
46 20 -2.603325
46 21 48.768166
46 22 -57.310165
46 23 -6.672200
46 24 10.755989
46 25 -16.138138
46 26 -8.320432
46 27 -4.845182
46 28 -4.727158
46 29 6.293518
46 30 8.894614
46 31 5.042786
46 32 5.340406
46 33 2.560647
46 34 3.131922
46 35 5.006502
46 36 1.327353
46 37 -0.716040
46 38 4.611594
46 39 4.717369
46 40 5.864980
46 41 -8.940709
46 42 5.422411
46 43 -6.514229
46 44 -4.316594
46 45 -2.611685
46 46 -0.541218
46 47 8.314389
46 48 0.000000
46 49 0.000000
46 50 0.000000
46 51 0.000000
46 52 0.000000
46 53 0.000000
46 54 0.000000
46 55 0.000000
46 56 0.000000
46 57 0.000000
46 58 0.000000
46 59 0.000000
46 60 0.000000
46 61 0.000000
46 62 0.000000
46 63 0.000000
47 0 0.000000
47 1 0.000000
47 2 0.000000
47 3 0.000000
47 4 0.000000
47 5 0.000000
47 6 0.000000
47 7 0.000000
47 8 0.000000
47 9 0.000000
47 10 0.000000
47 11 0.000000
47 12 0.000000
47 13 0.000000
47 14 0.000000
47 15 0.000000
47 16 4.857675
47 17 5.208350
47 18 -0.025352
47 19 1.565780
47 20 54.800201
47 21 49.870777
47 22 49.462780
47 23 80.783630
47 24 -7.586096
47 25 -15.402220
47 26 -16.003365
47 27 -15.652072
47 28 -20.389568
47 29 -17.782236
47 30 -9.273096
47 31 -10.024817
47 32 -6.187155
47 33 -7.646353
47 34 -8.189217
47 35 -4.030396
47 36 -1.866917
47 37 -6.178555
47 38 -8.490408
47 39 -3.966274
47 40 -0.650880
47 41 4.224304
47 42 -1.261302
47 43 12.544544
47 44 28.302830
47 45 -6.219073
47 46 -3.974689
47 47 4.878490
47 48 0.000000
47 49 0.000000
47 50 0.000000
47 51 0.000000
47 52 0.000000
47 53 0.000000
47 54 0.000000
47 55 0.000000
47 56 0.000000
47 57 0.000000
47 58 0.000000
47 59 0.000000
47 60 0.000000
47 61 0.000000
47 62 0.000000
47 63 0.000000
48 0 0.000000
48 1 0.000000
48 2 0.000000
48 3 0.000000
48 4 0.000000
48 5 0.000000
48 6 0.000000
48 7 0.000000
48 8 0.000000
48 9 0.000000
48 10 0.000000
48 11 0.000000
48 12 0.000000
48 13 0.000000
48 14 0.000000
48 15 0.000000
48 16 0.000000
48 17 0.000000
48 18 0.000000
48 19 0.000000
48 20 0.000000
48 21 0.000000
48 22 0.000000
48 23 0.000000
48 24 0.000000
48 25 0.000000
48 26 0.000000
48 27 0.000000
48 28 0.000000
48 29 0.000000
48 30 0.000000
48 31 0.000000
48 32 0.000000
48 33 0.000000
48 34 0.000000
48 35 0.000000
48 36 0.000000
48 37 0.000000
48 38 0.000000
48 39 0.000000
48 40 0.000000
48 41 0.000000
48 42 0.000000
48 43 0.000000
48 44 0.000000
48 45 0.000000
48 46 0.000000
48 47 0.000000
48 48 0.000000
48 49 0.000000
48 50 0.000000
48 51 0.000000
48 52 0.000000
48 53 0.000000
48 54 0.000000
48 55 0.000000
48 56 0.000000
48 57 0.000000
48 58 0.000000
48 59 0.000000
48 60 0.000000
48 61 0.000000
48 62 0.000000
48 63 0.000000
49 0 0.000000
49 1 0.000000
49 2 0.000000
49 3 0.000000
49 4 0.000000
49 5 0.000000
49 6 0.000000
49 7 0.000000
49 8 0.000000
49 9 0.000000
49 10 0.000000
49 11 0.000000
49 12 0.000000
49 13 0.000000
49 14 0.000000
49 15 0.000000
49 16 0.000000
49 17 0.000000
49 18 0.000000
49 19 0.000000
49 20 0.000000
49 21 0.000000
49 22 0.000000
49 23 0.000000
49 24 0.000000
49 25 0.000000
49 26 0.000000
49 27 0.000000
49 28 0.000000
49 29 0.000000
49 30 0.000000
49 31 0.000000
49 32 0.000000
49 33 0.000000
49 34 0.000000
49 35 0.000000
49 36 0.000000
49 37 0.000000
49 38 0.000000
49 39 0.000000
49 40 0.000000
49 41 0.000000
49 42 0.000000
49 43 0.000000
49 44 0.000000
49 45 0.000000
49 46 0.000000
49 47 0.000000
49 48 0.000000
49 49 0.000000
49 50 0.000000
49 51 0.000000
49 52 0.000000
49 53 0.000000
49 54 0.000000
49 55 0.000000
49 56 0.000000
49 57 0.000000
49 58 0.000000
49 59 0.000000
49 60 0.000000
49 61 0.000000
49 62 0.000000
49 63 0.000000
50 0 0.000000
50 1 0.000000
50 2 0.000000
50 3 0.000000
50 4 0.000000
50 5 0.000000
50 6 0.000000
50 7 0.000000
50 8 0.000000
50 9 0.000000
50 10 0.000000
50 11 0.000000
50 12 0.000000
50 13 0.000000
50 14 0.000000
50 15 0.000000
50 16 0.000000
50 17 0.000000
50 18 0.000000
50 19 0.000000
50 20 0.000000
50 21 0.000000
50 22 0.000000
50 23 0.000000
50 24 0.000000
50 25 0.000000
50 26 0.000000
50 27 0.000000
50 28 0.000000
50 29 0.000000
50 30 0.000000
50 31 0.000000
50 32 0.000000
50 33 0.000000
50 34 0.000000
50 35 0.000000
50 36 0.000000
50 37 0.000000
50 38 0.000000
50 39 0.000000
50 40 0.000000
50 41 0.000000
50 42 0.000000
50 43 0.000000
50 44 0.000000
50 45 0.000000
50 46 0.000000
50 47 0.000000
50 48 0.000000
50 49 0.000000
50 50 0.000000
50 51 0.000000
50 52 0.000000
50 53 0.000000
50 54 0.000000
50 55 0.000000
50 56 0.000000
50 57 0.000000
50 58 0.000000
50 59 0.000000
50 60 0.000000
50 61 0.000000
50 62 0.000000
50 63 0.000000
51 0 0.000000
51 1 0.000000
51 2 0.000000
51 3 0.000000
51 4 0.000000
51 5 0.000000
51 6 0.000000
51 7 0.000000
51 8 0.000000
51 9 0.000000
51 10 0.000000
51 11 0.000000
51 12 0.000000
51 13 0.000000
51 14 0.000000
51 15 0.000000
51 16 0.000000
51 17 0.000000
51 18 0.000000
51 19 0.000000
51 20 0.000000
51 21 0.000000
51 22 0.000000
51 23 0.000000
51 24 0.000000
51 25 0.000000
51 26 0.000000
51 27 0.000000
51 28 0.000000
51 29 0.000000
51 30 0.000000
51 31 0.000000
51 32 0.000000
51 33 0.000000
51 34 0.000000
51 35 0.000000
51 36 0.000000
51 37 0.000000
51 38 0.000000
51 39 0.000000
51 40 0.000000
51 41 0.000000
51 42 0.000000
51 43 0.000000
51 44 0.000000
51 45 0.000000
51 46 0.000000
51 47 0.000000
51 48 0.000000
51 49 0.000000
51 50 0.000000
51 51 0.000000
51 52 0.000000
51 53 0.000000
51 54 0.000000
51 55 0.000000
51 56 0.000000
51 57 0.000000
51 58 0.000000
51 59 0.000000
51 60 0.000000
51 61 0.000000
51 62 0.000000
51 63 0.000000
52 0 0.000000
52 1 0.000000
52 2 0.000000
52 3 0.000000
52 4 0.000000
52 5 0.000000
52 6 0.000000
52 7 0.000000
52 8 0.000000
52 9 0.000000
52 10 0.000000
52 11 0.000000
52 12 0.000000
52 13 0.000000
52 14 0.000000
52 15 0.000000
52 16 0.000000
52 17 0.000000
52 18 0.000000
52 19 0.000000
52 20 0.000000
52 21 0.000000
52 22 0.000000
52 23 0.000000
52 24 0.000000
52 25 0.000000
52 26 0.000000
52 27 0.000000
52 28 0.000000
52 29 0.000000
52 30 0.000000
52 31 0.000000
52 32 0.000000
52 33 0.000000
52 34 0.000000
52 35 0.000000
52 36 0.000000
52 37 0.000000
52 38 0.000000
52 39 0.000000
52 40 0.000000
52 41 0.000000
52 42 0.000000
52 43 0.000000
52 44 0.000000
52 45 0.000000
52 46 0.000000
52 47 0.000000
52 48 0.000000
52 49 0.000000
52 50 0.000000
52 51 0.000000
52 52 0.000000
52 53 0.000000
52 54 0.000000
52 55 0.000000
52 56 0.000000
52 57 0.000000
52 58 0.000000
52 59 0.000000
52 60 0.000000
52 61 0.000000
52 62 0.000000
52 63 0.000000
53 0 0.000000
53 1 0.000000
53 2 0.000000
53 3 0.000000
53 4 0.000000
53 5 0.000000
53 6 0.000000
53 7 0.000000
53 8 0.000000
53 9 0.000000
53 10 0.000000
53 11 0.000000
53 12 0.000000
53 13 0.000000
53 14 0.000000
53 15 0.000000
53 16 0.000000
53 17 0.000000
53 18 0.000000
53 19 0.000000
53 20 0.000000
53 21 0.000000
53 22 0.000000
53 23 0.000000
53 24 0.000000
53 25 0.000000
53 26 0.000000
53 27 0.000000
53 28 0.000000
53 29 0.000000
53 30 0.000000
53 31 0.000000
53 32 0.000000
53 33 0.000000
53 34 0.000000
53 35 0.000000
53 36 0.000000
53 37 0.000000
53 38 0.000000
53 39 0.000000
53 40 0.000000
53 41 0.000000
53 42 0.000000
53 43 0.000000
53 44 0.000000
53 45 0.000000
53 46 0.000000
53 47 0.000000
53 48 0.000000
53 49 0.000000
53 50 0.000000
53 51 0.000000
53 52 0.000000
53 53 0.000000
53 54 0.000000
53 55 0.000000
53 56 0.000000
53 57 0.000000
53 58 0.000000
53 59 0.000000
53 60 0.000000
53 61 0.000000
53 62 0.000000
53 63 0.000000
54 0 0.000000
54 1 0.000000
54 2 0.000000
54 3 0.000000
54 4 0.000000
54 5 0.000000
54 6 0.000000
54 7 0.000000
54 8 0.000000
54 9 0.000000
54 10 0.000000
54 11 0.000000
54 12 0.000000
54 13 0.000000
54 14 0.000000
54 15 0.000000
54 16 0.000000
54 17 0.000000
54 18 0.000000
54 19 0.000000
54 20 0.000000
54 21 0.000000
54 22 0.000000
54 23 0.000000
54 24 0.000000
54 25 0.000000
54 26 0.000000
54 27 0.000000
54 28 0.000000
54 29 0.000000
54 30 0.000000
54 31 0.000000
54 32 0.000000
54 33 0.000000
54 34 0.000000
54 35 0.000000
54 36 0.000000
54 37 0.000000
54 38 0.000000
54 39 0.000000
54 40 0.000000
54 41 0.000000
54 42 0.000000
54 43 0.000000
54 44 0.000000
54 45 0.000000
54 46 0.000000
54 47 0.000000
54 48 0.000000
54 49 0.000000
54 50 0.000000
54 51 0.000000
54 52 0.000000
54 53 0.000000
54 54 0.000000
54 55 0.000000
54 56 0.000000
54 57 0.000000
54 58 0.000000
54 59 0.000000
54 60 0.000000
54 61 0.000000
54 62 0.000000
54 63 0.000000
55 0 0.000000
55 1 0.000000
55 2 0.000000
55 3 0.000000
55 4 0.000000
55 5 0.000000
55 6 0.000000
55 7 0.000000
55 8 0.000000
55 9 0.000000
55 10 0.000000
55 11 0.000000
55 12 0.000000
55 13 0.000000
55 14 0.000000
55 15 0.000000
55 16 0.000000
55 17 0.000000
55 18 0.000000
55 19 0.000000
55 20 0.000000
55 21 0.000000
55 22 0.000000
55 23 0.000000
55 24 0.000000
55 25 0.000000
55 26 0.000000
55 27 0.000000
55 28 0.000000
55 29 0.000000
55 30 0.000000
55 31 0.000000
55 32 0.000000
55 33 0.000000
55 34 0.000000
55 35 0.000000
55 36 0.000000
55 37 0.000000
55 38 0.000000
55 39 0.000000
55 40 0.000000
55 41 0.000000
55 42 0.000000
55 43 0.000000
55 44 0.000000
55 45 0.000000
55 46 0.000000
55 47 0.000000
55 48 0.000000
55 49 0.000000
55 50 0.000000
55 51 0.000000
55 52 0.000000
55 53 0.000000
55 54 0.000000
55 55 0.000000
55 56 0.000000
55 57 0.000000
55 58 0.000000
55 59 0.000000
55 60 0.000000
55 61 0.000000
55 62 0.000000
55 63 0.000000
56 0 0.000000
56 1 0.000000
56 2 0.000000
56 3 0.000000
56 4 0.000000
56 5 0.000000
56 6 0.000000
56 7 0.000000
56 8 0.000000
56 9 0.000000
56 10 0.000000
56 11 0.000000
56 12 0.000000
56 13 0.000000
56 14 0.000000
56 15 0.000000
56 16 0.000000
56 17 0.000000
56 18 0.000000
56 19 0.000000
56 20 0.000000
56 21 0.000000
56 22 0.000000
56 23 0.000000
56 24 0.000000
56 25 0.000000
56 26 0.000000
56 27 0.000000
56 28 0.000000
56 29 0.000000
56 30 0.000000
56 31 0.000000
56 32 0.000000
56 33 0.000000
56 34 0.000000
56 35 0.000000
56 36 0.000000
56 37 0.000000
56 38 0.000000
56 39 0.000000
56 40 0.000000
56 41 0.000000
56 42 0.000000
56 43 0.000000
56 44 0.000000
56 45 0.000000
56 46 0.000000
56 47 0.000000
56 48 0.000000
56 49 0.000000
56 50 0.000000
56 51 0.000000
56 52 0.000000
56 53 0.000000
56 54 0.000000
56 55 0.000000
56 56 0.000000
56 57 0.000000
56 58 0.000000
56 59 0.000000
56 60 0.000000
56 61 0.000000
56 62 0.000000
56 63 0.000000
57 0 0.000000
57 1 0.000000
57 2 0.000000
57 3 0.000000
57 4 0.000000
57 5 0.000000
57 6 0.000000
57 7 0.000000
57 8 0.000000
57 9 0.000000
57 10 0.000000
57 11 0.000000
57 12 0.000000
57 13 0.000000
57 14 0.000000
57 15 0.000000
57 16 0.000000
57 17 0.000000
57 18 0.000000
57 19 0.000000
57 20 0.000000
57 21 0.000000
57 22 0.000000
57 23 0.000000
57 24 0.000000
57 25 0.000000
57 26 0.000000
57 27 0.000000
57 28 0.000000
57 29 0.000000
57 30 0.000000
57 31 0.000000
57 32 0.000000
57 33 0.000000
57 34 0.000000
57 35 0.000000
57 36 0.000000
57 37 0.000000
57 38 0.000000
57 39 0.000000
57 40 0.000000
57 41 0.000000
57 42 0.000000
57 43 0.000000
57 44 0.000000
57 45 0.000000
57 46 0.000000
57 47 0.000000
57 48 0.000000
57 49 0.000000
57 50 0.000000
57 51 0.000000
57 52 0.000000
57 53 0.000000
57 54 0.000000
57 55 0.000000
57 56 0.000000
57 57 0.000000
57 58 0.000000
57 59 0.000000
57 60 0.000000
57 61 0.000000
57 62 0.000000
57 63 0.000000
58 0 0.000000
58 1 0.000000
58 2 0.000000
58 3 0.000000
58 4 0.000000
58 5 0.000000
58 6 0.000000
58 7 0.000000
58 8 0.000000
58 9 0.000000
58 10 0.000000
58 11 0.000000
58 12 0.000000
58 13 0.000000
58 14 0.000000
58 15 0.000000
58 16 0.000000
58 17 0.000000
58 18 0.000000
58 19 0.000000
58 20 0.000000
58 21 0.000000
58 22 0.000000
58 23 0.000000
58 24 0.000000
58 25 0.000000
58 26 0.000000
58 27 0.000000
58 28 0.000000
58 29 0.000000
58 30 0.000000
58 31 0.000000
58 32 0.000000
58 33 0.000000
58 34 0.000000
58 35 0.000000
58 36 0.000000
58 37 0.000000
58 38 0.000000
58 39 0.000000
58 40 0.000000
58 41 0.000000
58 42 0.000000
58 43 0.000000
58 44 0.000000
58 45 0.000000
58 46 0.000000
58 47 0.000000
58 48 0.000000
58 49 0.000000
58 50 0.000000
58 51 0.000000
58 52 0.000000
58 53 0.000000
58 54 0.000000
58 55 0.000000
58 56 0.000000
58 57 0.000000
58 58 0.000000
58 59 0.000000
58 60 0.000000
58 61 0.000000
58 62 0.000000
58 63 0.000000
59 0 0.000000
59 1 0.000000
59 2 0.000000
59 3 0.000000
59 4 0.000000
59 5 0.000000
59 6 0.000000
59 7 0.000000
59 8 0.000000
59 9 0.000000
59 10 0.000000
59 11 0.000000
59 12 0.000000
59 13 0.000000
59 14 0.000000
59 15 0.000000
59 16 0.000000
59 17 0.000000
59 18 0.000000
59 19 0.000000
59 20 0.000000
59 21 0.000000
59 22 0.000000
59 23 0.000000
59 24 0.000000
59 25 0.000000
59 26 0.000000
59 27 0.000000
59 28 0.000000
59 29 0.000000
59 30 0.000000
59 31 0.000000
59 32 0.000000
59 33 0.000000
59 34 0.000000
59 35 0.000000
59 36 0.000000
59 37 0.000000
59 38 0.000000
59 39 0.000000
59 40 0.000000
59 41 0.000000
59 42 0.000000
59 43 0.000000
59 44 0.000000
59 45 0.000000
59 46 0.000000
59 47 0.000000
59 48 0.000000
59 49 0.000000
59 50 0.000000
59 51 0.000000
59 52 0.000000
59 53 0.000000
59 54 0.000000
59 55 0.000000
59 56 0.000000
59 57 0.000000
59 58 0.000000
59 59 0.000000
59 60 0.000000
59 61 0.000000
59 62 0.000000
59 63 0.000000
60 0 0.000000
60 1 0.000000
60 2 0.000000
60 3 0.000000
60 4 0.000000
60 5 0.000000
60 6 0.000000
60 7 0.000000
60 8 0.000000
60 9 0.000000
60 10 0.000000
60 11 0.000000
60 12 0.000000
60 13 0.000000
60 14 0.000000
60 15 0.000000
60 16 0.000000
60 17 0.000000
60 18 0.000000
60 19 0.000000
60 20 0.000000
60 21 0.000000
60 22 0.000000
60 23 0.000000
60 24 0.000000
60 25 0.000000
60 26 0.000000
60 27 0.000000
60 28 0.000000
60 29 0.000000
60 30 0.000000
60 31 0.000000
60 32 0.000000
60 33 0.000000
60 34 0.000000
60 35 0.000000
60 36 0.000000
60 37 0.000000
60 38 0.000000
60 39 0.000000
60 40 0.000000
60 41 0.000000
60 42 0.000000
60 43 0.000000
60 44 0.000000
60 45 0.000000
60 46 0.000000
60 47 0.000000
60 48 0.000000
60 49 0.000000
60 50 0.000000
60 51 0.000000
60 52 0.000000
60 53 0.000000
60 54 0.000000
60 55 0.000000
60 56 0.000000
60 57 0.000000
60 58 0.000000
60 59 0.000000
60 60 0.000000
60 61 0.000000
60 62 0.000000
60 63 0.000000
61 0 0.000000
61 1 0.000000
61 2 0.000000
61 3 0.000000
61 4 0.000000
61 5 0.000000
61 6 0.000000
61 7 0.000000
61 8 0.000000
61 9 0.000000
61 10 0.000000
61 11 0.000000
61 12 0.000000
61 13 0.000000
61 14 0.000000
61 15 0.000000
61 16 0.000000
61 17 0.000000
61 18 0.000000
61 19 0.000000
61 20 0.000000
61 21 0.000000
61 22 0.000000
61 23 0.000000
61 24 0.000000
61 25 0.000000
61 26 0.000000
61 27 0.000000
61 28 0.000000
61 29 0.000000
61 30 0.000000
61 31 0.000000
61 32 0.000000
61 33 0.000000
61 34 0.000000
61 35 0.000000
61 36 0.000000
61 37 0.000000
61 38 0.000000
61 39 0.000000
61 40 0.000000
61 41 0.000000
61 42 0.000000
61 43 0.000000
61 44 0.000000
61 45 0.000000
61 46 0.000000
61 47 0.000000
61 48 0.000000
61 49 0.000000
61 50 0.000000
61 51 0.000000
61 52 0.000000
61 53 0.000000
61 54 0.000000
61 55 0.000000
61 56 0.000000
61 57 0.000000
61 58 0.000000
61 59 0.000000
61 60 0.000000
61 61 0.000000
61 62 0.000000
61 63 0.000000
62 0 0.000000
62 1 0.000000
62 2 0.000000
62 3 0.000000
62 4 0.000000
62 5 0.000000
62 6 0.000000
62 7 0.000000
62 8 0.000000
62 9 0.000000
62 10 0.000000
62 11 0.000000
62 12 0.000000
62 13 0.000000
62 14 0.000000
62 15 0.000000
62 16 0.000000
62 17 0.000000
62 18 0.000000
62 19 0.000000
62 20 0.000000
62 21 0.000000
62 22 0.000000
62 23 0.000000
62 24 0.000000
62 25 0.000000
62 26 0.000000
62 27 0.000000
62 28 0.000000
62 29 0.000000
62 30 0.000000
62 31 0.000000
62 32 0.000000
62 33 0.000000
62 34 0.000000
62 35 0.000000
62 36 0.000000
62 37 0.000000
62 38 0.000000
62 39 0.000000
62 40 0.000000
62 41 0.000000
62 42 0.000000
62 43 0.000000
62 44 0.000000
62 45 0.000000
62 46 0.000000
62 47 0.000000
62 48 0.000000
62 49 0.000000
62 50 0.000000
62 51 0.000000
62 52 0.000000
62 53 0.000000
62 54 0.000000
62 55 0.000000
62 56 0.000000
62 57 0.000000
62 58 0.000000
62 59 0.000000
62 60 0.000000
62 61 0.000000
62 62 0.000000
62 63 0.000000
63 0 0.000000
63 1 0.000000
63 2 0.000000
63 3 0.000000
63 4 0.000000
63 5 0.000000
63 6 0.000000
63 7 0.000000
63 8 0.000000
63 9 0.000000
63 10 0.000000
63 11 0.000000
63 12 0.000000
63 13 0.000000
63 14 0.000000
63 15 0.000000
63 16 0.000000
63 17 0.000000
63 18 0.000000
63 19 0.000000
63 20 0.000000
63 21 0.000000
63 22 0.000000
63 23 0.000000
63 24 0.000000
63 25 0.000000
63 26 0.000000
63 27 0.000000
63 28 0.000000
63 29 0.000000
63 30 0.000000
63 31 0.000000
63 32 0.000000
63 33 0.000000
63 34 0.000000
63 35 0.000000
63 36 0.000000
63 37 0.000000
63 38 0.000000
63 39 0.000000
63 40 0.000000
63 41 0.000000
63 42 0.000000
63 43 0.000000
63 44 0.000000
63 45 0.000000
63 46 0.000000
63 47 0.000000
63 48 0.000000
63 49 0.000000
63 50 0.000000
63 51 0.000000
63 52 0.000000
63 53 0.000000
63 54 0.000000
63 55 0.000000
63 56 0.000000
63 57 0.000000
63 58 0.000000
63 59 0.000000
63 60 0.000000
63 61 0.000000
63 62 0.000000
63 63 0.000000
