0 0 2.699997
0 1 3.050001
0 2 3.050001
0 3 3.050001
0 4 3.050001
0 5 3.050001
0 6 3.050001
0 7 3.050001
0 8 3.050001
0 9 3.050001
0 10 3.050001
0 11 3.050001
0 12 3.050001
0 13 3.050001
0 14 3.050001
0 15 3.050001
0 16 3.050001
0 17 3.050000
0 18 3.050001
0 19 3.050001
0 20 3.050001
0 21 3.050000
0 22 3.050000
0 23 3.050001
0 24 3.050001
0 25 3.050001
0 26 3.050001
0 27 3.050001
0 28 3.050000
0 29 3.050001
0 30 3.050000
0 31 3.050001
1 0 4.266548
1 1 4.283519
1 2 4.346282
1 3 4.357595
1 4 4.422297
1 5 4.439267
1 6 4.456239
1 7 4.473208
1 8 4.490179
1 9 4.607151
1 10 4.624121
1 11 4.641090
1 12 4.658062
1 13 4.675032
1 14 4.740624
1 15 4.751939
1 16 4.813812
1 17 4.830783
1 18 4.847754
1 19 4.864725
1 20 4.881695
1 21 4.898666
1 22 5.015635
1 23 5.032606
1 24 5.049578
1 25 5.066547
1 26 5.083518
1 27 5.146281
1 28 5.157597
1 29 5.222298
1 30 5.239268
1 31 5.256238
2 0 3.080669
2 1 3.020734
2 2 3.009419
2 3 2.998106
2 4 2.986792
2 5 2.975478
2 6 2.917438
2 7 2.911782
2 8 2.906124
2 9 2.900467
2 10 2.894810
2 11 2.889153
2 12 2.883497
2 13 2.826390
2 14 2.815076
2 15 2.803763
2 16 2.792449
2 17 2.781135
2 18 2.669821
2 19 2.658508
2 20 2.647193
2 21 2.635880
2 22 2.624566
2 23 2.613252
2 24 2.601939
2 25 2.590625
2 26 2.525033
2 27 2.508062
2 28 2.491092
2 29 2.474121
2 30 2.457151
2 31 2.340180
3 0 0.000000
3 1 0.000000
3 2 0.000000
3 3 0.000000
3 4 0.000000
3 5 0.000000
3 6 0.000000
3 7 0.000000
3 8 0.000000
3 9 0.000000
3 10 0.000000
3 11 0.000000
3 12 0.000000
3 13 0.000000
3 14 0.000000
3 15 0.000000
3 16 0.000000
3 17 0.000000
3 18 0.000000
3 19 0.000000
3 20 0.000000
3 21 0.000000
3 22 0.000000
3 23 0.000000
3 24 0.000000
3 25 0.000000
3 26 0.000000
3 27 0.000000
3 28 0.000000
3 29 0.000000
3 30 0.000000
3 31 0.000000
4 0 0.000000
4 1 0.000000
4 2 0.000000
4 3 0.000000
4 4 0.000000
4 5 0.000000
4 6 0.000000
4 7 0.000000
4 8 0.000000
4 9 0.000000
4 10 0.000000
4 11 0.000000
4 12 0.000000
4 13 0.000000
4 14 0.000000
4 15 0.000000
4 16 0.000000
4 17 0.000000
4 18 0.000000
4 19 0.000000
4 20 0.000000
4 21 0.000000
4 22 0.000000
4 23 0.000000
4 24 0.000000
4 25 0.000000
4 26 0.000000
4 27 0.000000
4 28 0.000000
4 29 0.000000
4 30 0.000000
4 31 0.000000
5 0 0.000000
5 1 0.000000
5 2 0.000000
5 3 0.000000
5 4 0.000000
5 5 0.000000
5 6 0.000000
5 7 0.000000
5 8 0.000000
5 9 0.000000
5 10 0.000000
5 11 0.000000
5 12 0.000000
5 13 0.000000
5 14 0.000000
5 15 0.000000
5 16 0.000000
5 17 0.000000
5 18 0.000000
5 19 0.000000
5 20 0.000000
5 21 0.000000
5 22 0.000000
5 23 0.000000
5 24 0.000000
5 25 0.000000
5 26 0.000000
5 27 0.000000
5 28 0.000000
5 29 0.000000
5 30 0.000000
5 31 0.000000
6 0 0.000000
6 1 0.000000
6 2 0.000000
6 3 0.000000
6 4 0.000000
6 5 0.000000
6 6 0.000000
6 7 0.000000
6 8 0.000000
6 9 0.000000
6 10 0.000000
6 11 0.000000
6 12 0.000000
6 13 0.000000
6 14 0.000000
6 15 0.000000
6 16 0.000000
6 17 0.000000
6 18 0.000000
6 19 0.000000
6 20 0.000000
6 21 0.000000
6 22 0.000000
6 23 0.000000
6 24 0.000000
6 25 0.000000
6 26 0.000000
6 27 0.000000
6 28 0.000000
6 29 0.000000
6 30 0.000000
6 31 0.000000
7 0 0.000000
7 1 0.000000
7 2 0.000000
7 3 0.000000
7 4 0.000000
7 5 0.000000
7 6 0.000000
7 7 0.000000
7 8 0.000000
7 9 0.000000
7 10 0.000000
7 11 0.000000
7 12 0.000000
7 13 0.000000
7 14 0.000000
7 15 0.000000
7 16 0.000000
7 17 0.000000
7 18 0.000000
7 19 0.000000
7 20 0.000000
7 21 0.000000
7 22 0.000000
7 23 0.000000
7 24 0.000000
7 25 0.000000
7 26 0.000000
7 27 0.000000
7 28 0.000000
7 29 0.000000
7 30 0.000000
7 31 0.000000
8 0 0.000000
8 1 0.000000
8 2 0.000000
8 3 0.000000
8 4 0.000000
8 5 0.000000
8 6 0.000000
8 7 0.000000
8 8 5336498157206162636800.000000
8 9 268012292457375989760.000000
8 10 -310737889345681752064.000000
8 11 23428882686685554409472.000000
8 12 -223804483526084001792.000000
8 13 320780353564764536832.000000
8 14 -190465074356474085376.000000
8 15 -592089931860259373056.000000
8 16 -571986109414282100736.000000
8 17 -444749497948136538112.000000
8 18 -534403535339503222784.000000
8 19 -2324037973920735821824.000000
8 20 -627740989460477640704.000000
8 21 23137083207829151547392.000000
8 22 -3080239498414841135104.000000
8 23 -1721443677404611477504.000000
8 24 0.000000
8 25 0.000000
8 26 0.000000
8 27 0.000000
8 28 0.000000
8 29 0.000000
8 30 0.000000
8 31 0.000000
9 0 0.000000
9 1 0.000000
9 2 0.000000
9 3 0.000000
9 4 0.000000
9 5 0.000000
9 6 0.000000
9 7 0.000000
9 8 3005288623091304366080.000000
9 9 185248516205281542144.000000
9 10 1449996809689226018816.000000
9 11 1000997919202060795904.000000
9 12 872725761296596729856.000000
9 13 101121961261256409088.000000
9 14 -47370303439938519040.000000
9 15 -408416778323069239296.000000
9 16 -398846875405511557120.000000
9 17 -323768386364408594432.000000
9 18 -337101257876866859008.000000
9 19 -1053398708241400070144.000000
9 20 -1904172447210565271552.000000
9 21 -950586665666856615936.000000
9 22 -1478202994892935790592.000000
9 23 -853814513142570418176.000000
9 24 0.000000
9 25 0.000000
9 26 0.000000
9 27 0.000000
9 28 0.000000
9 29 0.000000
9 30 0.000000
9 31 0.000000
10 0 0.000000
10 1 0.000000
10 2 0.000000
10 3 0.000000
10 4 0.000000
10 5 0.000000
10 6 0.000000
10 7 0.000000
10 8 3000435431542859235328.000000
10 9 179560804127447449600.000000
10 10 1249224227238723977216.000000
10 11 1201285661005178732544.000000
10 12 369775612045253672960.000000
10 13 47884989230946975744.000000
10 14 -149146201440837959680.000000
10 15 -414106619055414706176.000000
10 16 -351692287350849667072.000000
10 17 -384403127713092599808.000000
10 18 -301637275583044911104.000000
10 19 -970230733922749120512.000000
10 20 -1112590010725139742720.000000
10 21 -2179257660474912669696.000000
10 22 -1604952162068162674688.000000
10 23 -839607837749286010880.000000
10 24 0.000000
10 25 0.000000
10 26 0.000000
10 27 0.000000
10 28 0.000000
10 29 0.000000
10 30 0.000000
10 31 0.000000
11 0 0.000000
11 1 0.000000
11 2 0.000000
11 3 0.000000
11 4 0.000000
11 5 0.000000
11 6 0.000000
11 7 0.000000
11 8 24687609509138030133248.000000
11 9 1079387855791048359936.000000
11 10 1076462486358094512128.000000
11 11 572880636890268565504.000000
11 12 267049419338606968832.000000
11 13 84012188142550384640.000000
11 14 -140633193080363679744.000000
11 15 -413531671231111102464.000000
11 16 -323896985244393275392.000000
11 17 -362958077003089051648.000000
11 18 -306203081180268462080.000000
11 19 -1022550176693819015168.000000
11 20 -929412217962588274688.000000
11 21 -1777256083899172257792.000000
11 22 -2246304155502460796928.000000
11 23 -1348448800866345943040.000000
11 24 0.000000
11 25 0.000000
11 26 0.000000
11 27 0.000000
11 28 0.000000
11 29 0.000000
11 30 0.000000
11 31 0.000000
12 0 0.000000
12 1 0.000000
12 2 0.000000
12 3 0.000000
12 4 0.000000
12 5 0.000000
12 6 0.000000
12 7 0.000000
12 8 4308583630406191939584.000000
12 9 1422343441339775975424.000000
12 10 462335667464925347840.000000
12 11 488467170984045051904.000000
12 12 251563193885568008192.000000
12 13 126651671280168730624.000000
12 14 -119486066041022316544.000000
12 15 -397459555614048911360.000000
12 16 -372951670129340448768.000000
12 17 -351271060048202170368.000000
12 18 -263293505210310197248.000000
12 19 -1075017253090173648896.000000
12 20 -890932407215172091904.000000
12 21 -1850273366870195175424.000000
12 22 -1702536721743980003328.000000
12 23 -1222600916566546579456.000000
12 24 0.000000
12 25 0.000000
12 26 0.000000
12 27 0.000000
12 28 0.000000
12 29 0.000000
12 30 0.000000
12 31 0.000000
13 0 0.000000
13 1 0.000000
13 2 0.000000
13 3 0.000000
13 4 0.000000
13 5 0.000000
13 6 0.000000
13 7 0.000000
13 8 4731386629973314895872.000000
13 9 1059343248643296591872.000000
13 10 574378224503857610752.000000
13 11 446893739136346226688.000000
13 12 260503243766177464320.000000
13 13 141476254616077205504.000000
13 14 -174959831750321111040.000000
13 15 -275312134872134320128.000000
13 16 -295009155608020516864.000000
13 17 -329294479029052637184.000000
13 18 -450587359333859721216.000000
13 19 -1138413932463458877440.000000
13 20 -1115681520763097055232.000000
13 21 -1997367545362068275200.000000
13 22 -1194545601950353719296.000000
13 23 -591438669132895092736.000000
13 24 0.000000
13 25 0.000000
13 26 0.000000
13 27 0.000000
13 28 0.000000
13 29 0.000000
13 30 0.000000
13 31 0.000000
14 0 0.000000
14 1 0.000000
14 2 0.000000
14 3 0.000000
14 4 0.000000
14 5 0.000000
14 6 0.000000
14 7 0.000000
14 8 4115553720877558267904.000000
14 9 988388262457888473088.000000
14 10 608659026733076316160.000000
14 11 489958882807495262208.000000
14 12 250400596678636732416.000000
14 13 138669843545155698688.000000
14 14 -186214186481631625216.000000
14 15 -257876976680350777344.000000
14 16 -276890347474364923904.000000
14 17 -300829020187420262400.000000
14 18 -537558869828429676544.000000
14 19 -1106656307109846581248.000000
14 20 -1086589181963957960704.000000
14 21 -1907659218484568522752.000000
14 22 -1163133838974374641664.000000
14 23 -524341473425166958592.000000
14 24 0.000000
14 25 0.000000
14 26 0.000000
14 27 0.000000
14 28 0.000000
14 29 0.000000
14 30 0.000000
14 31 0.000000
15 0 0.000000
15 1 0.000000
15 2 0.000000
15 3 0.000000
15 4 0.000000
15 5 0.000000
15 6 0.000000
15 7 0.000000
15 8 5532001105880176132096.000000
15 9 1062747407011635265536.000000
15 10 634271912607606636544.000000
15 11 463155850362688110592.000000
15 12 246798104004833312768.000000
15 13 183034170155684855808.000000
15 14 -163002669186536177664.000000
15 15 -250603153108752138240.000000
15 16 -296951913489463508992.000000
15 17 -243830478141000777728.000000
15 18 -591055722427080245248.000000
15 19 -1099537312367624847360.000000
15 20 -1087111810626965471232.000000
15 21 -1871496298639201927168.000000
15 22 -1138078836503684841472.000000
15 23 -512205081669961515008.000000
15 24 0.000000
15 25 0.000000
15 26 0.000000
15 27 0.000000
15 28 0.000000
15 29 0.000000
15 30 0.000000
15 31 0.000000
16 0 0.000000
16 1 0.000000
16 2 0.000000
16 3 0.000000
16 4 0.000000
16 5 0.000000
16 6 0.000000
16 7 0.000000
16 8 126814267833740431458304.000000
16 9 1287404618979664199680.000000
16 10 649554807574344237056.000000
16 11 416129087131824947200.000000
16 12 296664844197590728704.000000
16 13 158994782177525235712.000000
16 14 -169689775761367498752.000000
16 15 -189647424733501718528.000000
16 16 -289210612758106603520.000000
16 17 -284637699917721108480.000000
16 18 -605666666255665332224.000000
16 19 -1020398863446819471360.000000
16 20 -1177972636796607004672.000000
16 21 -1850306862392423743488.000000
16 22 -1088756328178397478912.000000
16 23 -517309806294469705728.000000
16 24 0.000000
16 25 0.000000
16 26 0.000000
16 27 0.000000
16 28 0.000000
16 29 0.000000
16 30 0.000000
16 31 0.000000
17 0 0.000000
17 1 0.000000
17 2 0.000000
17 3 0.000000
17 4 0.000000
17 5 0.000000
17 6 0.000000
17 7 0.000000
17 8 378528674580397031424.000000
17 9 1281038358693910937600.000000
17 10 678316131800871600128.000000
17 11 482939741313261633536.000000
17 12 328064081537106182144.000000
17 13 121548494768032448512.000000
17 14 -157752404406882533376.000000
17 15 -182540990812115697664.000000
17 16 -312941662491465744384.000000
17 17 -269703992251779121152.000000
17 18 -667970870875592327168.000000
17 19 -966063567261292036096.000000
17 20 -1243728146843471708160.000000
17 21 -1823187029861328748544.000000
17 22 -1055415546818276098048.000000
17 23 -493658238057659236352.000000
17 24 0.000000
17 25 0.000000
17 26 0.000000
17 27 0.000000
17 28 0.000000
17 29 0.000000
17 30 0.000000
17 31 0.000000
18 0 0.000000
18 1 0.000000
18 2 0.000000
18 3 0.000000
18 4 0.000000
18 5 0.000000
18 6 0.000000
18 7 0.000000
18 8 451307477877401845760.000000
18 9 1310868232300776128512.000000
18 10 722878124213795815424.000000
18 11 467829003479154688000.000000
18 12 270915601289030139904.000000
18 13 105026335847582007296.000000
18 14 -130797199552791183360.000000
18 15 -211786100154864500736.000000
18 16 -286825499358576771072.000000
18 17 -172050647128528125952.000000
18 18 -728015464751230353408.000000
18 19 -938771049831985053696.000000
18 20 -1262291703032516182016.000000
18 21 -1785698222138166607872.000000
18 22 -1021356933898798366720.000000
18 23 -473881700640852279296.000000
18 24 0.000000
18 25 0.000000
18 26 0.000000
18 27 0.000000
18 28 0.000000
18 29 0.000000
18 30 0.000000
18 31 0.000000
19 0 0.000000
19 1 0.000000
19 2 0.000000
19 3 0.000000
19 4 0.000000
19 5 0.000000
19 6 0.000000
19 7 0.000000
19 8 1101582931760869539840.000000
19 9 1476664311932746989568.000000
19 10 758083677294625292288.000000
19 11 414251719405909049344.000000
19 12 299521146708134199296.000000
19 13 109543402293369503744.000000
19 14 -108799842161923194880.000000
19 15 -210529912518176931840.000000
19 16 -270894860101683773440.000000
19 17 -193883253697090158592.000000
19 18 -779224418370432532480.000000
19 19 -873937370333847748608.000000
19 20 -1343068265949033398272.000000
19 21 -1730026975344426221568.000000
19 22 -975452024371987611648.000000
19 23 -496385730581985492992.000000
19 24 0.000000
19 25 0.000000
19 26 0.000000
19 27 0.000000
19 28 0.000000
19 29 0.000000
19 30 0.000000
19 31 0.000000
20 0 0.000000
20 1 0.000000
20 2 0.000000
20 3 0.000000
20 4 0.000000
20 5 0.000000
20 6 0.000000
20 7 0.000000
20 8 1560690081242923663360.000000
20 9 2166102364488386740224.000000
20 10 813537836512577585152.000000
20 11 429308027016394571776.000000
20 12 277793143277792264192.000000
20 13 60716540615744028672.000000
20 14 -54459435446349856768.000000
20 15 -142948667811436691456.000000
20 16 -266963428733221863424.000000
20 17 -237434909273297518592.000000
20 18 -788967674689271889920.000000
20 19 -819735634024769519616.000000
20 20 -1402701413777464623104.000000
20 21 -1691646314157556367360.000000
20 22 -955048395891441401856.000000
20 23 -733117480179087704064.000000
20 24 0.000000
20 25 0.000000
20 26 0.000000
20 27 0.000000
20 28 0.000000
20 29 0.000000
20 30 0.000000
20 31 0.000000
21 0 0.000000
21 1 0.000000
21 2 0.000000
21 3 0.000000
21 4 0.000000
21 5 0.000000
21 6 0.000000
21 7 0.000000
21 8 62289074776978843762688.000000
21 9 2330859238506341859328.000000
21 10 1519562505758334517248.000000
21 11 536144458070458630144.000000
21 12 237021915113718808576.000000
21 13 61403163637057585152.000000
21 14 -19430455136848183296.000000
21 15 -180123085577799073792.000000
21 16 -239572500615182417920.000000
21 17 -211792398157468401664.000000
21 18 -859067539895433035776.000000
21 19 -780992714542873051136.000000
21 20 -1447283109438758584320.000000
21 21 -1674236101685583806464.000000
21 22 -1150751543642640351232.000000
21 23 -441250975093855617024.000000
21 24 0.000000
21 25 0.000000
21 26 0.000000
21 27 0.000000
21 28 0.000000
21 29 0.000000
21 30 0.000000
21 31 0.000000
22 0 0.000000
22 1 0.000000
22 2 0.000000
22 3 0.000000
22 4 0.000000
22 5 0.000000
22 6 0.000000
22 7 0.000000
22 8 -91262174302058840064.000000
22 9 946387059014333628416.000000
22 10 2680327169853735567360.000000
22 11 1207161169669036965888.000000
22 12 296423127561340452864.000000
22 13 136808449524168130560.000000
22 14 -44756729116342878208.000000
22 15 -240084345268144701440.000000
22 16 -196355114166005006336.000000
22 17 -195087773083365277696.000000
22 18 -855269316559699443712.000000
22 19 -774112621687134486528.000000
22 20 -1490411127582830362624.000000
22 21 -1693056785265853464576.000000
22 22 -1409093288286098554880.000000
22 23 -291646145362839732224.000000
22 24 0.000000
22 25 0.000000
22 26 0.000000
22 27 0.000000
22 28 0.000000
22 29 0.000000
22 30 0.000000
22 31 0.000000
23 0 0.000000
23 1 0.000000
23 2 0.000000
23 3 0.000000
23 4 0.000000
23 5 0.000000
23 6 0.000000
23 7 0.000000
23 8 -90835986002946818048.000000
23 9 971885947523296133120.000000
23 10 245172198986236297216.000000
23 11 1750443059092691877888.000000
23 12 1035842621362747211776.000000
23 13 184396051646127276032.000000
23 14 -72176473235123077120.000000
23 15 -173640857601641021440.000000
23 16 -195832784570160250880.000000
23 17 -243863164422671302656.000000
23 18 -883799268355370647552.000000
23 19 -781297692680139046912.000000
23 20 -1526870299841184923648.000000
23 21 -2192175110106118094848.000000
23 22 -749964883435127308288.000000
23 23 -389956523450477576192.000000
23 24 0.000000
23 25 0.000000
23 26 0.000000
23 27 0.000000
23 28 0.000000
23 29 0.000000
23 30 0.000000
23 31 0.000000
24 0 0.000000
24 1 0.000000
24 2 0.000000
24 3 0.000000
24 4 0.000000
24 5 0.000000
24 6 0.000000
24 7 0.000000
24 8 0.000000
24 9 0.000000
24 10 0.000000
24 11 0.000000
24 12 0.000000
24 13 0.000000
24 14 0.000000
24 15 0.000000
24 16 0.000000
24 17 0.000000
24 18 0.000000
24 19 0.000000
24 20 0.000000
24 21 0.000000
24 22 0.000000
24 23 0.000000
24 24 0.000000
24 25 0.000000
24 26 0.000000
24 27 0.000000
24 28 0.000000
24 29 0.000000
24 30 0.000000
24 31 0.000000
25 0 0.000000
25 1 0.000000
25 2 0.000000
25 3 0.000000
25 4 0.000000
25 5 0.000000
25 6 0.000000
25 7 0.000000
25 8 0.000000
25 9 0.000000
25 10 0.000000
25 11 0.000000
25 12 0.000000
25 13 0.000000
25 14 0.000000
25 15 0.000000
25 16 0.000000
25 17 0.000000
25 18 0.000000
25 19 0.000000
25 20 0.000000
25 21 0.000000
25 22 0.000000
25 23 0.000000
25 24 0.000000
25 25 0.000000
25 26 0.000000
25 27 0.000000
25 28 0.000000
25 29 0.000000
25 30 0.000000
25 31 0.000000
26 0 0.000000
26 1 0.000000
26 2 0.000000
26 3 0.000000
26 4 0.000000
26 5 0.000000
26 6 0.000000
26 7 0.000000
26 8 0.000000
26 9 0.000000
26 10 0.000000
26 11 0.000000
26 12 0.000000
26 13 0.000000
26 14 0.000000
26 15 0.000000
26 16 0.000000
26 17 0.000000
26 18 0.000000
26 19 0.000000
26 20 0.000000
26 21 0.000000
26 22 0.000000
26 23 0.000000
26 24 0.000000
26 25 0.000000
26 26 0.000000
26 27 0.000000
26 28 0.000000
26 29 0.000000
26 30 0.000000
26 31 0.000000
27 0 0.000000
27 1 0.000000
27 2 0.000000
27 3 0.000000
27 4 0.000000
27 5 0.000000
27 6 0.000000
27 7 0.000000
27 8 0.000000
27 9 0.000000
27 10 0.000000
27 11 0.000000
27 12 0.000000
27 13 0.000000
27 14 0.000000
27 15 0.000000
27 16 0.000000
27 17 0.000000
27 18 0.000000
27 19 0.000000
27 20 0.000000
27 21 0.000000
27 22 0.000000
27 23 0.000000
27 24 0.000000
27 25 0.000000
27 26 0.000000
27 27 0.000000
27 28 0.000000
27 29 0.000000
27 30 0.000000
27 31 0.000000
28 0 0.000000
28 1 0.000000
28 2 0.000000
28 3 0.000000
28 4 0.000000
28 5 0.000000
28 6 0.000000
28 7 0.000000
28 8 0.000000
28 9 0.000000
28 10 0.000000
28 11 0.000000
28 12 0.000000
28 13 0.000000
28 14 0.000000
28 15 0.000000
28 16 0.000000
28 17 0.000000
28 18 0.000000
28 19 0.000000
28 20 0.000000
28 21 0.000000
28 22 0.000000
28 23 0.000000
28 24 0.000000
28 25 0.000000
28 26 0.000000
28 27 0.000000
28 28 0.000000
28 29 0.000000
28 30 0.000000
28 31 0.000000
29 0 0.000000
29 1 0.000000
29 2 0.000000
29 3 0.000000
29 4 0.000000
29 5 0.000000
29 6 0.000000
29 7 0.000000
29 8 0.000000
29 9 0.000000
29 10 0.000000
29 11 0.000000
29 12 0.000000
29 13 0.000000
29 14 0.000000
29 15 0.000000
29 16 0.000000
29 17 0.000000
29 18 0.000000
29 19 0.000000
29 20 0.000000
29 21 0.000000
29 22 0.000000
29 23 0.000000
29 24 0.000000
29 25 0.000000
29 26 0.000000
29 27 0.000000
29 28 0.000000
29 29 0.000000
29 30 0.000000
29 31 0.000000
30 0 0.000000
30 1 0.000000
30 2 0.000000
30 3 0.000000
30 4 0.000000
30 5 0.000000
30 6 0.000000
30 7 0.000000
30 8 0.000000
30 9 0.000000
30 10 0.000000
30 11 0.000000
30 12 0.000000
30 13 0.000000
30 14 0.000000
30 15 0.000000
30 16 0.000000
30 17 0.000000
30 18 0.000000
30 19 0.000000
30 20 0.000000
30 21 0.000000
30 22 0.000000
30 23 0.000000
30 24 0.000000
30 25 0.000000
30 26 0.000000
30 27 0.000000
30 28 0.000000
30 29 0.000000
30 30 0.000000
30 31 0.000000
31 0 0.000000
31 1 0.000000
31 2 0.000000
31 3 0.000000
31 4 0.000000
31 5 0.000000
31 6 0.000000
31 7 0.000000
31 8 0.000000
31 9 0.000000
31 10 0.000000
31 11 0.000000
31 12 0.000000
31 13 0.000000
31 14 0.000000
31 15 0.000000
31 16 0.000000
31 17 0.000000
31 18 0.000000
31 19 0.000000
31 20 0.000000
31 21 0.000000
31 22 0.000000
31 23 0.000000
31 24 0.000000
31 25 0.000000
31 26 0.000000
31 27 0.000000
31 28 0.000000
31 29 0.000000
31 30 0.000000
31 31 0.000000
