0 0 2.699997
0 1 3.050001
0 2 3.050001
0 3 3.050001
0 4 3.050001
0 5 3.050001
0 6 3.050001
0 7 3.050001
0 8 3.050001
0 9 3.050001
0 10 3.050001
0 11 3.050001
0 12 3.050001
0 13 3.050001
0 14 3.050001
0 15 3.050001
0 16 3.050001
0 17 3.050000
0 18 3.050001
0 19 3.050001
0 20 3.050001
0 21 3.050000
0 22 3.050000
0 23 3.050001
0 24 3.050001
0 25 3.050001
0 26 3.050001
0 27 3.050001
0 28 3.050000
0 29 3.050001
0 30 3.050000
0 31 3.050001
1 0 4.266548
1 1 4.283519
1 2 4.346282
1 3 4.357595
1 4 4.422297
1 5 4.439267
1 6 4.456239
1 7 4.473208
1 8 4.490179
1 9 4.607151
1 10 4.624121
1 11 4.641090
1 12 4.658062
1 13 4.675032
1 14 4.740624
1 15 4.751939
1 16 4.813812
1 17 4.830783
1 18 4.847754
1 19 4.864725
1 20 4.881695
1 21 4.898666
1 22 5.015635
1 23 5.032606
1 24 5.049578
1 25 5.066547
1 26 5.083518
1 27 5.146281
1 28 5.157597
1 29 5.222298
1 30 5.239268
1 31 5.256238
2 0 3.080669
2 1 3.020734
2 2 3.009419
2 3 2.998106
2 4 2.986792
2 5 2.975478
2 6 2.917438
2 7 2.911782
2 8 2.906124
2 9 2.900467
2 10 2.894810
2 11 2.889153
2 12 2.883497
2 13 2.826390
2 14 2.815076
2 15 2.803763
2 16 2.792449
2 17 2.781135
2 18 2.669821
2 19 2.658508
2 20 2.647193
2 21 2.635880
2 22 2.624566
2 23 2.613252
2 24 2.601939
2 25 2.590625
2 26 2.525033
2 27 2.508062
2 28 2.491092
2 29 2.474121
2 30 2.457151
2 31 2.340180
3 0 0.000000
3 1 0.000000
3 2 0.000000
3 3 0.000000
3 4 0.000000
3 5 0.000000
3 6 0.000000
3 7 0.000000
3 8 0.000000
3 9 0.000000
3 10 0.000000
3 11 0.000000
3 12 0.000000
3 13 0.000000
3 14 0.000000
3 15 0.000000
3 16 0.000000
3 17 0.000000
3 18 0.000000
3 19 0.000000
3 20 0.000000
3 21 0.000000
3 22 0.000000
3 23 0.000000
3 24 0.000000
3 25 0.000000
3 26 0.000000
3 27 0.000000
3 28 0.000000
3 29 0.000000
3 30 0.000000
3 31 0.000000
4 0 0.000000
4 1 0.000000
4 2 0.000000
4 3 0.000000
4 4 0.000000
4 5 0.000000
4 6 0.000000
4 7 0.000000
4 8 0.000000
4 9 0.000000
4 10 0.000000
4 11 0.000000
4 12 0.000000
4 13 0.000000
4 14 0.000000
4 15 0.000000
4 16 0.000000
4 17 0.000000
4 18 0.000000
4 19 0.000000
4 20 0.000000
4 21 0.000000
4 22 0.000000
4 23 0.000000
4 24 0.000000
4 25 0.000000
4 26 0.000000
4 27 0.000000
4 28 0.000000
4 29 0.000000
4 30 0.000000
4 31 0.000000
5 0 0.000000
5 1 0.000000
5 2 0.000000
5 3 0.000000
5 4 0.000000
5 5 0.000000
5 6 0.000000
5 7 0.000000
5 8 0.000000
5 9 0.000000
5 10 0.000000
5 11 0.000000
5 12 0.000000
5 13 0.000000
5 14 0.000000
5 15 0.000000
5 16 0.000000
5 17 0.000000
5 18 0.000000
5 19 0.000000
5 20 0.000000
5 21 0.000000
5 22 0.000000
5 23 0.000000
5 24 0.000000
5 25 0.000000
5 26 0.000000
5 27 0.000000
5 28 0.000000
5 29 0.000000
5 30 0.000000
5 31 0.000000
6 0 0.000000
6 1 0.000000
6 2 0.000000
6 3 0.000000
6 4 0.000000
6 5 0.000000
6 6 0.000000
6 7 0.000000
6 8 0.000000
6 9 0.000000
6 10 0.000000
6 11 0.000000
6 12 0.000000
6 13 0.000000
6 14 0.000000
6 15 0.000000
6 16 0.000000
6 17 0.000000
6 18 0.000000
6 19 0.000000
6 20 0.000000
6 21 0.000000
6 22 0.000000
6 23 0.000000
6 24 0.000000
6 25 0.000000
6 26 0.000000
6 27 0.000000
6 28 0.000000
6 29 0.000000
6 30 0.000000
6 31 0.000000
7 0 0.000000
7 1 0.000000
7 2 0.000000
7 3 0.000000
7 4 0.000000
7 5 0.000000
7 6 0.000000
7 7 0.000000
7 8 0.000000
7 9 0.000000
7 10 0.000000
7 11 0.000000
7 12 0.000000
7 13 0.000000
7 14 0.000000
7 15 0.000000
7 16 0.000000
7 17 0.000000
7 18 0.000000
7 19 0.000000
7 20 0.000000
7 21 0.000000
7 22 0.000000
7 23 0.000000
7 24 0.000000
7 25 0.000000
7 26 0.000000
7 27 0.000000
7 28 0.000000
7 29 0.000000
7 30 0.000000
7 31 0.000000
8 0 0.000000
8 1 0.000000
8 2 0.000000
8 3 0.000000
8 4 0.000000
8 5 0.000000
8 6 0.000000
8 7 0.000000
8 8 915721697307847032832.000000
8 9 45989835804940173312.000000
8 10 -53321370542857519104.000000
8 11 4020302588758672277504.000000
8 12 -38403935649006616576.000000
8 13 55044648311210377216.000000
8 14 -32683027116106711040.000000
8 15 -101600248819338969088.000000
8 16 -98150509096959213568.000000
8 17 -76317216433141448704.000000
8 18 -91701486371959996416.000000
8 19 -398795717328494395392.000000
8 20 -107717878739726499840.000000
8 21 3970230160726683549696.000000
8 22 -528556737123269476352.000000
8 23 -295392823593463185408.000000
8 24 0.000000
8 25 0.000000
8 26 0.000000
8 27 0.000000
8 28 0.000000
8 29 0.000000
8 30 0.000000
8 31 0.000000
9 0 0.000000
9 1 0.000000
9 2 0.000000
9 3 0.000000
9 4 0.000000
9 5 0.000000
9 6 0.000000
9 7 0.000000
9 8 515695441749917827072.000000
9 9 31787914699934269440.000000
9 10 248813658352128098304.000000
9 11 171767254603538628608.000000
9 12 149756228084114128896.000000
9 13 17352132969258549248.000000
9 14 -8128549826171240448.000000
9 15 -70082673242349240320.000000
9 16 -68440504247754162176.000000
9 17 -55557341787149303808.000000
9 18 -57845218776365137920.000000
9 19 -180759007918932623360.000000
9 20 -326748397127216398336.000000
9 21 -163116877658336526336.000000
9 22 -253653708537598050304.000000
9 23 -146511155854175109120.000000
9 24 0.000000
9 25 0.000000
9 26 0.000000
9 27 0.000000
9 28 0.000000
9 29 0.000000
9 30 0.000000
9 31 0.000000
10 0 0.000000
10 1 0.000000
10 2 0.000000
10 3 0.000000
10 4 0.000000
10 5 0.000000
10 6 0.000000
10 7 0.000000
10 8 514862662846947262464.000000
10 9 30811909014283091968.000000
10 10 214361877666743713792.000000
10 11 206135806656746881024.000000
10 12 63452011196441427968.000000
10 13 8216875794253742080.000000
10 14 -25592883558997819392.000000
10 15 -71059039567814328320.000000
10 16 -60348978276625022976.000000
10 17 -65962033514933125120.000000
10 18 -51759742974020288512.000000
10 19 -166487734018493120512.000000
10 20 -190915997269164556288.000000
10 21 -373951856274709676032.000000
10 22 -275403367948960661504.000000
10 23 -144073353857442250752.000000
10 24 0.000000
10 25 0.000000
10 26 0.000000
10 27 0.000000
10 28 0.000000
10 29 0.000000
10 30 0.000000
10 31 0.000000
11 0 0.000000
11 1 0.000000
11 2 0.000000
11 3 0.000000
11 4 0.000000
11 5 0.000000
11 6 0.000000
11 7 0.000000
11 8 4236295226887361265664.000000
11 9 185218627081192079360.000000
11 10 184716651644600713216.000000
11 11 98304018512382787584.000000
11 12 45824609993611018240.000000
11 13 14416152149585035264.000000
11 14 -24132087803497414656.000000
11 15 -70960356200198176768.000000
11 16 -55579428776728068096.000000
11 17 -62282148416673808384.000000
11 18 -52543219775601377280.000000
11 19 -175465501545981804544.000000
11 20 -159483440329280978944.000000
11 21 -304969974491671166976.000000
11 22 -385456758919664762880.000000
11 23 -231388404561087561728.000000
11 24 0.000000
11 25 0.000000
11 26 0.000000
11 27 0.000000
11 28 0.000000
11 29 0.000000
11 30 0.000000
11 31 0.000000
12 0 0.000000
12 1 0.000000
12 2 0.000000
12 3 0.000000
12 4 0.000000
12 5 0.000000
12 6 0.000000
12 7 0.000000
12 8 739335684627091161088.000000
12 9 244068430049437548544.000000
12 10 79334944842828480512.000000
12 11 83819008347596652544.000000
12 12 43167239922857803776.000000
12 13 21732916048294838272.000000
12 14 -20503340991045959680.000000
12 15 -68202468776433680384.000000
12 16 -63997003925957902336.000000
12 17 -60276713974401073152.000000
12 18 -45180111461780815872.000000
12 19 -184468689782304669696.000000
12 20 -152880424403741966336.000000
12 21 -317499516420597219328.000000
12 22 -292148490235338031104.000000
12 23 -209793398057241411584.000000
12 24 0.000000
12 25 0.000000
12 26 0.000000
12 27 0.000000
12 28 0.000000
12 29 0.000000
12 30 0.000000
12 31 0.000000
13 0 0.000000
13 1 0.000000
13 2 0.000000
13 3 0.000000
13 4 0.000000
13 5 0.000000
13 6 0.000000
13 7 0.000000
13 8 811886985774169587712.000000
13 9 181779073234532040704.000000
13 10 98560996370026594304.000000
13 11 76685165800353431552.000000
13 12 44701309332256456704.000000
13 13 24276759344456925184.000000
13 14 -30022398092888768512.000000
13 15 -47242456625907236864.000000
13 16 -50622368563830194176.000000
13 17 -56505600197361926144.000000
13 18 -77318994671347695616.000000
13 19 -195347310604078546944.000000
13 20 -191446507231519965184.000000
13 21 -342740292375916052480.000000
13 22 -204979261161814884352.000000
13 23 -101488503253584838656.000000
13 24 0.000000
13 25 0.000000
13 26 0.000000
13 27 0.000000
13 28 0.000000
13 29 0.000000
13 30 0.000000
13 31 0.000000
14 0 0.000000
14 1 0.000000
14 2 0.000000
14 3 0.000000
14 4 0.000000
14 5 0.000000
14 6 0.000000
14 7 0.000000
14 8 706212553792711294976.000000
14 9 169603468496633593856.000000
14 10 104443462743465394176.000000
14 11 84074983450635927552.000000
14 12 42967735737021104128.000000
14 13 23795195241723592704.000000
14 14 -31953597908100579328.000000
14 15 -44250645904310140928.000000
14 16 -47513257543735443456.000000
14 17 -51621059373385646080.000000
14 18 -92242947470128054272.000000
14 19 -189897814317471891456.000000
14 20 -186454355005509992448.000000
14 21 -327346601821470720000.000000
14 22 -199589103318736044032.000000
14 23 -89974901272630788096.000000
14 24 0.000000
14 25 0.000000
14 26 0.000000
14 27 0.000000
14 28 0.000000
14 29 0.000000
14 30 0.000000
14 31 0.000000
15 0 0.000000
15 1 0.000000
15 2 0.000000
15 3 0.000000
15 4 0.000000
15 5 0.000000
15 6 0.000000
15 7 0.000000
15 8 949269081300874035200.000000
15 9 182363221772136873984.000000
15 10 108838492194662776832.000000
15 11 79475682331183808512.000000
15 12 42349563911606370304.000000
15 13 31407936675514417152.000000
15 14 -27970601643319230464.000000
15 15 -43002497896644870144.000000
15 16 -50955762479604432896.000000
15 17 -41840331698271682560.000000
15 18 -101422787642615922688.000000
15 19 -188676230510733688832.000000
15 20 -186544039969964425216.000000
15 21 -321141274853651775488.000000
15 22 -195289748971341217792.000000
15 23 -87892338288692822016.000000
15 24 0.000000
15 25 0.000000
15 26 0.000000
15 27 0.000000
15 28 0.000000
15 29 0.000000
15 30 0.000000
15 31 0.000000
16 0 0.000000
16 1 0.000000
16 2 0.000000
16 3 0.000000
16 4 0.000000
16 5 0.000000
16 6 0.000000
16 7 0.000000
16 8 21760819190501746933760.000000
16 9 220913471632474898432.000000
16 10 111461012144862003200.000000
16 11 71406085019959033856.000000
16 12 50906508756726579200.000000
16 13 27282876911354642432.000000
16 14 -29118076167322075136.000000
16 15 -32542720636309471232.000000
16 16 -49627367715297558528.000000
16 17 -48842672654832893952.000000
16 18 -103929973221107957760.000000
16 19 -175096382298397868032.000000
16 20 -202135396326804815872.000000
16 21 -317505216288875610112.000000
16 22 -186826236226302902272.000000
16 23 -88768288416216383488.000000
16 24 0.000000
16 25 0.000000
16 26 0.000000
16 27 0.000000
16 28 0.000000
16 29 0.000000
16 30 0.000000
16 31 0.000000
17 0 0.000000
17 1 0.000000
17 2 0.000000
17 3 0.000000
17 4 0.000000
17 5 0.000000
17 6 0.000000
17 7 0.000000
17 8 64954014448727621632.000000
17 9 219821032063488753664.000000
17 10 116396332813855490048.000000
17 11 82870534433104986112.000000
17 12 56294480770689400832.000000
17 13 20857240798678220800.000000
17 14 -27069672810635853824.000000
17 15 -31323291872361709568.000000
17 16 -53699518979928752128.000000
17 17 -46280111272719548416.000000
17 18 -114621122912299515904.000000
17 19 -165772664432345743360.000000
17 20 -213418742980716527616.000000
17 21 -312851555314546245632.000000
17 22 -181105081402798374912.000000
17 23 -84709762299676590080.000000
17 24 0.000000
17 25 0.000000
17 26 0.000000
17 27 0.000000
17 28 0.000000
17 29 0.000000
17 30 0.000000
17 31 0.000000
18 0 0.000000
18 1 0.000000
18 2 0.000000
18 3 0.000000
18 4 0.000000
18 5 0.000000
18 6 0.000000
18 7 0.000000
18 8 77442570982216695808.000000
18 9 224939742475902255104.000000
18 10 124042996380386459648.000000
18 11 80277586947646423040.000000
18 12 46488028921531990016.000000
18 13 18022106085992693760.000000
18 14 -22444256091000799232.000000
18 15 -36341627868275539968.000000
18 16 -49218103099160264704.000000
18 17 -29523200022669164544.000000
18 18 -124924558415258189824.000000
18 19 -161089378216717582336.000000
18 20 -216604195292151021568.000000
18 21 -306418691012428824576.000000
18 22 -175260746092610846720.000000
18 23 -81316203223429677056.000000
18 24 0.000000
18 25 0.000000
18 26 0.000000
18 27 0.000000
18 28 0.000000
18 29 0.000000
18 30 0.000000
18 31 0.000000
19 0 0.000000
19 1 0.000000
19 2 0.000000
19 3 0.000000
19 4 0.000000
19 5 0.000000
19 6 0.000000
19 7 0.000000
19 8 189027229806691876864.000000
19 9 253389685009443454976.000000
19 10 130084135475852869632.000000
19 11 71083945705206710272.000000
19 12 51396631457970520064.000000
19 13 18797217803109662720.000000
19 14 -18669608483589980160.000000
19 15 -36126077409743077376.000000
19 16 -46484453309718462464.000000
19 17 -33269574788083351552.000000
19 18 -133711776179606781952.000000
19 19 -149964167723159126016.000000
19 20 -230465096268732432384.000000
19 21 -296865676593473781760.000000
19 22 -167383668869363138560.000000
19 23 -85177793613295255552.000000
19 24 0.000000
19 25 0.000000
19 26 0.000000
19 27 0.000000
19 28 0.000000
19 29 0.000000
19 30 0.000000
19 31 0.000000
20 0 0.000000
20 1 0.000000
20 2 0.000000
20 3 0.000000
20 4 0.000000
20 5 0.000000
20 6 0.000000
20 7 0.000000
20 8 267808170322702630912.000000
20 9 371694532514606481408.000000
20 10 139599819276021661696.000000
20 11 73667542943782666240.000000
20 12 47668205120368148480.000000
20 13 10418725894200754176.000000
20 14 -9345004411165868032.000000
20 15 -24529405126287294464.000000
20 16 -45809858945612775424.000000
20 17 -40742860764076834816.000000
20 18 -135383702356895989760.000000
20 19 -140663354883336830976.000000
20 20 -240697978309559975936.000000
20 21 -290279742680583897088.000000
20 22 -163882472002803466240.000000
20 23 -125800033553758552064.000000
20 24 0.000000
20 25 0.000000
20 26 0.000000
20 27 0.000000
20 28 0.000000
20 29 0.000000
20 30 0.000000
20 31 0.000000
21 0 0.000000
21 1 0.000000
21 2 0.000000
21 3 0.000000
21 4 0.000000
21 5 0.000000
21 6 0.000000
21 7 0.000000
21 8 10688556251124890337280.000000
21 9 399966125466029391872.000000
21 10 260750853784752619520.000000
21 11 92000263263645335552.000000
21 12 40672017030875971584.000000
21 13 10536547361209974784.000000
21 14 -3334177751765614592.000000
21 15 -30908397756690202624.000000
21 16 -41109679833335463936.000000
21 17 -36342720782833549312.000000
21 18 -147412544282718896128.000000
21 19 -134015258981059002368.000000
21 20 -248347958003160317952.000000
21 21 -287292202462149083136.000000
21 22 -197464371864849612800.000000
21 23 -75716909472654819328.000000
21 24 0.000000
21 25 0.000000
21 26 0.000000
21 27 0.000000
21 28 0.000000
21 29 0.000000
21 30 0.000000
21 31 0.000000
22 0 0.000000
22 1 0.000000
22 2 0.000000
22 3 0.000000
22 4 0.000000
22 5 0.000000
22 6 0.000000
22 7 0.000000
22 8 -15660216571064745984.000000
22 9 162396231349213069312.000000
22 10 459933454460560343040.000000
22 11 207144014838952361984.000000
22 12 50865026382033846272.000000
22 13 23475787113854664704.000000
22 14 -7680068928806060032.000000
22 15 -41197504424115699712.000000
22 16 -33693739985800265728.000000
22 17 -33476263182895939584.000000
22 18 -146760797770238394368.000000
22 19 -132834629783432200192.000000
22 20 -255748550867395018752.000000
22 21 -290521758383996928000.000000
22 22 -241794763148499091456.000000
22 23 -50045300881108238336.000000
22 24 0.000000
22 25 0.000000
22 26 0.000000
22 27 0.000000
22 28 0.000000
22 29 0.000000
22 30 0.000000
22 31 0.000000
23 0 0.000000
23 1 0.000000
23 2 0.000000
23 3 0.000000
23 4 0.000000
23 5 0.000000
23 6 0.000000
23 7 0.000000
23 8 -15587088052701364224.000000
23 9 166771724677808128000.000000
23 10 42070569433127976960.000000
23 11 300369019706730872832.000000
23 12 177746434019756605440.000000
23 13 31641631274928439296.000000
23 14 -12385182649268830208.000000
23 15 -29796061425287823360.000000
23 16 -33604116593996988416.000000
23 17 -41845930411480317952.000000
23 18 -151656412875329634304.000000
23 19 -134067551754076028928.000000
23 20 -262004877582556725248.000000
23 21 -376168506900678180864.000000
23 22 -128690957486437433344.000000
23 23 -66914967048587051008.000000
23 24 0.000000
23 25 0.000000
23 26 0.000000
23 27 0.000000
23 28 0.000000
23 29 0.000000
23 30 0.000000
23 31 0.000000
24 0 0.000000
24 1 0.000000
24 2 0.000000
24 3 0.000000
24 4 0.000000
24 5 0.000000
24 6 0.000000
24 7 0.000000
24 8 0.000000
24 9 0.000000
24 10 0.000000
24 11 0.000000
24 12 0.000000
24 13 0.000000
24 14 0.000000
24 15 0.000000
24 16 0.000000
24 17 0.000000
24 18 0.000000
24 19 0.000000
24 20 0.000000
24 21 0.000000
24 22 0.000000
24 23 0.000000
24 24 0.000000
24 25 0.000000
24 26 0.000000
24 27 0.000000
24 28 0.000000
24 29 0.000000
24 30 0.000000
24 31 0.000000
25 0 0.000000
25 1 0.000000
25 2 0.000000
25 3 0.000000
25 4 0.000000
25 5 0.000000
25 6 0.000000
25 7 0.000000
25 8 0.000000
25 9 0.000000
25 10 0.000000
25 11 0.000000
25 12 0.000000
25 13 0.000000
25 14 0.000000
25 15 0.000000
25 16 0.000000
25 17 0.000000
25 18 0.000000
25 19 0.000000
25 20 0.000000
25 21 0.000000
25 22 0.000000
25 23 0.000000
25 24 0.000000
25 25 0.000000
25 26 0.000000
25 27 0.000000
25 28 0.000000
25 29 0.000000
25 30 0.000000
25 31 0.000000
26 0 0.000000
26 1 0.000000
26 2 0.000000
26 3 0.000000
26 4 0.000000
26 5 0.000000
26 6 0.000000
26 7 0.000000
26 8 0.000000
26 9 0.000000
26 10 0.000000
26 11 0.000000
26 12 0.000000
26 13 0.000000
26 14 0.000000
26 15 0.000000
26 16 0.000000
26 17 0.000000
26 18 0.000000
26 19 0.000000
26 20 0.000000
26 21 0.000000
26 22 0.000000
26 23 0.000000
26 24 0.000000
26 25 0.000000
26 26 0.000000
26 27 0.000000
26 28 0.000000
26 29 0.000000
26 30 0.000000
26 31 0.000000
27 0 0.000000
27 1 0.000000
27 2 0.000000
27 3 0.000000
27 4 0.000000
27 5 0.000000
27 6 0.000000
27 7 0.000000
27 8 0.000000
27 9 0.000000
27 10 0.000000
27 11 0.000000
27 12 0.000000
27 13 0.000000
27 14 0.000000
27 15 0.000000
27 16 0.000000
27 17 0.000000
27 18 0.000000
27 19 0.000000
27 20 0.000000
27 21 0.000000
27 22 0.000000
27 23 0.000000
27 24 0.000000
27 25 0.000000
27 26 0.000000
27 27 0.000000
27 28 0.000000
27 29 0.000000
27 30 0.000000
27 31 0.000000
28 0 0.000000
28 1 0.000000
28 2 0.000000
28 3 0.000000
28 4 0.000000
28 5 0.000000
28 6 0.000000
28 7 0.000000
28 8 0.000000
28 9 0.000000
28 10 0.000000
28 11 0.000000
28 12 0.000000
28 13 0.000000
28 14 0.000000
28 15 0.000000
28 16 0.000000
28 17 0.000000
28 18 0.000000
28 19 0.000000
28 20 0.000000
28 21 0.000000
28 22 0.000000
28 23 0.000000
28 24 0.000000
28 25 0.000000
28 26 0.000000
28 27 0.000000
28 28 0.000000
28 29 0.000000
28 30 0.000000
28 31 0.000000
29 0 0.000000
29 1 0.000000
29 2 0.000000
29 3 0.000000
29 4 0.000000
29 5 0.000000
29 6 0.000000
29 7 0.000000
29 8 0.000000
29 9 0.000000
29 10 0.000000
29 11 0.000000
29 12 0.000000
29 13 0.000000
29 14 0.000000
29 15 0.000000
29 16 0.000000
29 17 0.000000
29 18 0.000000
29 19 0.000000
29 20 0.000000
29 21 0.000000
29 22 0.000000
29 23 0.000000
29 24 0.000000
29 25 0.000000
29 26 0.000000
29 27 0.000000
29 28 0.000000
29 29 0.000000
29 30 0.000000
29 31 0.000000
30 0 0.000000
30 1 0.000000
30 2 0.000000
30 3 0.000000
30 4 0.000000
30 5 0.000000
30 6 0.000000
30 7 0.000000
30 8 0.000000
30 9 0.000000
30 10 0.000000
30 11 0.000000
30 12 0.000000
30 13 0.000000
30 14 0.000000
30 15 0.000000
30 16 0.000000
30 17 0.000000
30 18 0.000000
30 19 0.000000
30 20 0.000000
30 21 0.000000
30 22 0.000000
30 23 0.000000
30 24 0.000000
30 25 0.000000
30 26 0.000000
30 27 0.000000
30 28 0.000000
30 29 0.000000
30 30 0.000000
30 31 0.000000
31 0 0.000000
31 1 0.000000
31 2 0.000000
31 3 0.000000
31 4 0.000000
31 5 0.000000
31 6 0.000000
31 7 0.000000
31 8 0.000000
31 9 0.000000
31 10 0.000000
31 11 0.000000
31 12 0.000000
31 13 0.000000
31 14 0.000000
31 15 0.000000
31 16 0.000000
31 17 0.000000
31 18 0.000000
31 19 0.000000
31 20 0.000000
31 21 0.000000
31 22 0.000000
31 23 0.000000
31 24 0.000000
31 25 0.000000
31 26 0.000000
31 27 0.000000
31 28 0.000000
31 29 0.000000
31 30 0.000000
31 31 0.000000
