0 0 2.699997
0 1 3.050001
0 2 3.050001
0 3 3.050001
0 4 3.050001
0 5 3.050001
0 6 3.050001
0 7 3.050001
0 8 3.050001
0 9 3.050001
0 10 3.050001
0 11 3.050001
0 12 3.050001
0 13 3.050001
0 14 3.050001
0 15 3.050001
0 16 3.050001
0 17 3.050000
0 18 3.050001
0 19 3.050001
0 20 3.050001
0 21 3.050000
0 22 3.050000
0 23 3.050001
0 24 3.050001
0 25 3.050001
0 26 3.050001
0 27 3.050001
0 28 3.050000
0 29 3.050001
0 30 3.050000
0 31 3.050001
1 0 4.266548
1 1 4.283519
1 2 4.346282
1 3 4.357595
1 4 4.422297
1 5 4.439267
1 6 4.456239
1 7 4.473208
1 8 4.490179
1 9 4.607151
1 10 4.624121
1 11 4.641090
1 12 4.658062
1 13 4.675032
1 14 4.740624
1 15 4.751939
1 16 4.813812
1 17 4.830783
1 18 4.847754
1 19 4.864725
1 20 4.881695
1 21 4.898666
1 22 5.015635
1 23 5.032606
1 24 5.049578
1 25 5.066547
1 26 5.083518
1 27 5.146281
1 28 5.157597
1 29 5.222298
1 30 5.239268
1 31 5.256238
2 0 3.080669
2 1 3.020734
2 2 3.009419
2 3 2.998106
2 4 2.986792
2 5 2.975478
2 6 2.917438
2 7 2.911782
2 8 2.906124
2 9 2.900467
2 10 2.894810
2 11 2.889153
2 12 2.883497
2 13 2.826390
2 14 2.815076
2 15 2.803763
2 16 2.792449
2 17 2.781135
2 18 2.669821
2 19 2.658508
2 20 2.647193
2 21 2.635880
2 22 2.624566
2 23 2.613252
2 24 2.601939
2 25 2.590625
2 26 2.525033
2 27 2.508062
2 28 2.491092
2 29 2.474121
2 30 2.457151
2 31 2.340180
3 0 0.000000
3 1 0.000000
3 2 0.000000
3 3 0.000000
3 4 0.000000
3 5 0.000000
3 6 0.000000
3 7 0.000000
3 8 0.000000
3 9 0.000000
3 10 0.000000
3 11 0.000000
3 12 0.000000
3 13 0.000000
3 14 0.000000
3 15 0.000000
3 16 0.000000
3 17 0.000000
3 18 0.000000
3 19 0.000000
3 20 0.000000
3 21 0.000000
3 22 0.000000
3 23 0.000000
3 24 0.000000
3 25 0.000000
3 26 0.000000
3 27 0.000000
3 28 0.000000
3 29 0.000000
3 30 0.000000
3 31 0.000000
4 0 0.000000
4 1 0.000000
4 2 0.000000
4 3 0.000000
4 4 0.000000
4 5 0.000000
4 6 0.000000
4 7 0.000000
4 8 0.000000
4 9 0.000000
4 10 0.000000
4 11 0.000000
4 12 0.000000
4 13 0.000000
4 14 0.000000
4 15 0.000000
4 16 0.000000
4 17 0.000000
4 18 0.000000
4 19 0.000000
4 20 0.000000
4 21 0.000000
4 22 0.000000
4 23 0.000000
4 24 0.000000
4 25 0.000000
4 26 0.000000
4 27 0.000000
4 28 0.000000
4 29 0.000000
4 30 0.000000
4 31 0.000000
5 0 0.000000
5 1 0.000000
5 2 0.000000
5 3 0.000000
5 4 0.000000
5 5 0.000000
5 6 0.000000
5 7 0.000000
5 8 0.000000
5 9 0.000000
5 10 0.000000
5 11 0.000000
5 12 0.000000
5 13 0.000000
5 14 0.000000
5 15 0.000000
5 16 0.000000
5 17 0.000000
5 18 0.000000
5 19 0.000000
5 20 0.000000
5 21 0.000000
5 22 0.000000
5 23 0.000000
5 24 0.000000
5 25 0.000000
5 26 0.000000
5 27 0.000000
5 28 0.000000
5 29 0.000000
5 30 0.000000
5 31 0.000000
6 0 0.000000
6 1 0.000000
6 2 0.000000
6 3 0.000000
6 4 0.000000
6 5 0.000000
6 6 0.000000
6 7 0.000000
6 8 0.000000
6 9 0.000000
6 10 0.000000
6 11 0.000000
6 12 0.000000
6 13 0.000000
6 14 0.000000
6 15 0.000000
6 16 0.000000
6 17 0.000000
6 18 0.000000
6 19 0.000000
6 20 0.000000
6 21 0.000000
6 22 0.000000
6 23 0.000000
6 24 0.000000
6 25 0.000000
6 26 0.000000
6 27 0.000000
6 28 0.000000
6 29 0.000000
6 30 0.000000
6 31 0.000000
7 0 0.000000
7 1 0.000000
7 2 0.000000
7 3 0.000000
7 4 0.000000
7 5 0.000000
7 6 0.000000
7 7 0.000000
7 8 0.000000
7 9 0.000000
7 10 0.000000
7 11 0.000000
7 12 0.000000
7 13 0.000000
7 14 0.000000
7 15 0.000000
7 16 0.000000
7 17 0.000000
7 18 0.000000
7 19 0.000000
7 20 0.000000
7 21 0.000000
7 22 0.000000
7 23 0.000000
7 24 0.000000
7 25 0.000000
7 26 0.000000
7 27 0.000000
7 28 0.000000
7 29 0.000000
7 30 0.000000
7 31 0.000000
8 0 0.000000
8 1 0.000000
8 2 0.000000
8 3 0.000000
8 4 0.000000
8 5 0.000000
8 6 0.000000
8 7 0.000000
8 8 209032324184011946212720640.000000
8 9 10498122756853428303953920.000000
8 10 -12171702460019222767468544.000000
8 11 917716515655942222634811392.000000
8 12 -8766491150087669881503744.000000
8 13 12565070054019042100903936.000000
8 14 -7460572350133475884400640.000000
8 15 -23192348842426052437344256.000000
8 16 -22404873478820456174714880.000000
8 17 -17420973670159775365595136.000000
8 18 -20932754126448157544939520.000000
8 19 -91033307721323145863364608.000000
8 20 -24588818097352068195942400.000000
8 21 906286691666942899938918400.000000
8 22 -120653945656753373856137216.000000
8 23 -67429490417274946595061760.000000
8 24 0.000000
8 25 0.000000
8 26 0.000000
8 27 0.000000
8 28 0.000000
8 29 0.000000
8 30 0.000000
8 31 0.000000
9 0 0.000000
9 1 0.000000
9 2 0.000000
9 3 0.000000
9 4 0.000000
9 5 0.000000
9 6 0.000000
9 7 0.000000
9 8 117718081773818240733020160.000000
9 9 7256243530636518215385088.000000
9 10 56796819414990890035314688.000000
9 11 39209403078897042599182336.000000
9 12 34184941185861283699752960.000000
9 13 3960980291761421139574784.000000
9 14 -1855507834288993399209984.000000
9 15 -15997809670716092672114688.000000
9 16 -15622954537315745480572928.000000
9 17 -12682107727637701564825600.000000
9 18 -13204359263716015714861056.000000
9 19 -41261963068606667552718848.000000
9 20 -74587039255431100281913344.000000
9 21 -37234787500427868142305280.000000
9 22 -57901668704541649919803392.000000
9 23 -33444179895779347662897152.000000
9 24 0.000000
9 25 0.000000
9 26 0.000000
9 27 0.000000
9 28 0.000000
9 29 0.000000
9 30 0.000000
9 31 0.000000
10 0 0.000000
10 1 0.000000
10 2 0.000000
10 3 0.000000
10 4 0.000000
10 5 0.000000
10 6 0.000000
10 7 0.000000
10 8 117527969629394590094065664.000000
10 9 7033451826164786498895872.000000
10 10 48932497412708610160459776.000000
10 11 47054738769841456918036480.000000
10 12 14484226649352113397694464.000000
10 13 1875671566713438697684992.000000
10 14 -5842102294887888706338816.000000
10 15 -16220685538457660688433152.000000
10 16 -13775894735351758752579584.000000
10 17 -15057191743653568925663232.000000
10 18 -11815227201245317930418176.000000
10 19 -38004245006759468600393728.000000
10 20 -43580502049429092103618560.000000
10 21 -85362197520626507845730304.000000
10 22 -62866480744772059770388480.000000
10 23 -32887699273150760832991232.000000
10 24 0.000000
10 25 0.000000
10 26 0.000000
10 27 0.000000
10 28 0.000000
10 29 0.000000
10 30 0.000000
10 31 0.000000
11 0 0.000000
11 1 0.000000
11 2 0.000000
11 3 0.000000
11 4 0.000000
11 5 0.000000
11 6 0.000000
11 7 0.000000
11 8 967021415938010881223294976.000000
11 9 42279955863686366013423616.000000
11 10 42165373912872519133560832.000000
11 11 22439915375031476681703424.000000
11 12 10460409541516233732521984.000000
11 13 3290784138829699475308544.000000
11 14 -5508646266874964176011264.000000
11 15 -16198162063943661325910016.000000
11 16 -12687144841691328879263744.000000
11 17 -14217184664612066287419392.000000
11 18 -11994070690882941247029248.000000
11 19 -40053613709744341801500672.000000
11 20 -36405366546641665572995072.000000
11 21 -69615678621054523540504576.000000
11 22 -87988414357540352435421184.000000
11 23 -52819157213748936275132416.000000
11 24 0.000000
11 25 0.000000
11 26 0.000000
11 27 0.000000
11 28 0.000000
11 29 0.000000
11 30 0.000000
11 31 0.000000
12 0 0.000000
12 1 0.000000
12 2 0.000000
12 3 0.000000
12 4 0.000000
12 5 0.000000
12 6 0.000000
12 7 0.000000
12 8 168768560554093886771822592.000000
12 9 55713631214668683591811072.000000
12 10 18109832739947320365285376.000000
12 11 19133411439716838999588864.000000
12 12 9853810268160882657722368.000000
12 13 4960985493756619725471744.000000
12 14 -4680305888768954374029312.000000
12 15 -15568618499725129389441024.000000
12 16 -14608633797228219827486720.000000
12 17 -13759396428620834772353024.000000
12 18 -10313288687077867810455552.000000
12 19 -42108770078682341374427136.000000
12 20 -34898096923436913392615424.000000
12 21 -72475781726078931535134720.000000
12 22 -66688890536203655516782592.000000
12 23 -47889656853361624933728256.000000
12 24 0.000000
12 25 0.000000
12 26 0.000000
12 27 0.000000
12 28 0.000000
12 29 0.000000
12 30 0.000000
12 31 0.000000
13 0 0.000000
13 1 0.000000
13 2 0.000000
13 3 0.000000
13 4 0.000000
13 5 0.000000
13 6 0.000000
13 7 0.000000
13 8 185329862916029585117151232.000000
13 9 41494807095677066367991808.000000
13 10 22498573715342863842148352.000000
13 11 17504968613456402595184640.000000
13 12 10203991728441138717130752.000000
13 13 5541670550452922700791808.000000
13 14 -6853231171789910303571968.000000
13 15 -10784063430896990849859584.000000
13 16 -11555600807622902059892736.000000
13 17 -12898566434284627870875648.000000
13 18 -17649648733069515822202880.000000
13 19 -44592033872396973793869824.000000
13 20 -43701591089214940027813888.000000
13 21 -78237511557037667725082624.000000
13 22 -46790728968658525815308288.000000
13 23 -23166839301215121341153280.000000
13 24 0.000000
13 25 0.000000
13 26 0.000000
13 27 0.000000
13 28 0.000000
13 29 0.000000
13 30 0.000000
13 31 0.000000
14 0 0.000000
14 1 0.000000
14 2 0.000000
14 3 0.000000
14 4 0.000000
14 5 0.000000
14 6 0.000000
14 7 0.000000
14 8 161207535306185520917250048.000000
14 9 38715482282951432499888128.000000
14 10 23841367556700403232931840.000000
14 11 19191840348648809397485568.000000
14 12 9808267562885902988476416.000000
14 13 5431742367292421358747648.000000
14 14 -7294067426438155044126720.000000
14 15 -10101118848428078975156224.000000
14 16 -10845879623209496164171776.000000
14 17 -11783566823807309305610240.000000
14 18 -21056349617585020754460672.000000
14 19 -43348073074100351753256960.000000
14 20 -42562038862375514049347584.000000
14 21 -74723595890122753665138688.000000
14 22 -45560326527256080295133184.000000
14 23 -20538620992569279265112064.000000
14 24 0.000000
14 25 0.000000
14 26 0.000000
14 27 0.000000
14 28 0.000000
14 29 0.000000
14 30 0.000000
14 31 0.000000
15 0 0.000000
15 1 0.000000
15 2 0.000000
15 3 0.000000
15 4 0.000000
15 5 0.000000
15 6 0.000000
15 7 0.000000
15 8 216690194838307287213277184.000000
15 9 41628149385213875861848064.000000
15 10 24844626014951226189283328.000000
15 11 18141957744751685549424640.000000
15 12 9667160347015566380236800.000000
15 13 7169506940001935903686656.000000
15 14 -6384866610376167877771264.000000
15 15 -9816205427445121129906176.000000
15 16 -11631700544455981601390592.000000
15 17 -9550915306931324123611136.000000
15 18 -23151835180754167834607616.000000
15 19 -43069218255624102888865792.000000
15 20 -42582514748297331651641344.000000
15 21 -73307093471132689333485568.000000
15 22 -44578899790616492593119232.000000
15 23 -20063232256888719624110080.000000
15 24 0.000000
15 25 0.000000
15 26 0.000000
15 27 0.000000
15 28 0.000000
15 29 0.000000
15 30 0.000000
15 31 0.000000
16 0 0.000000
16 1 0.000000
16 2 0.000000
16 3 0.000000
16 4 0.000000
16 5 0.000000
16 6 0.000000
16 7 0.000000
16 8 4967354591859577385503424512.000000
16 9 50428039518368501493399552.000000
16 10 25443271282846294626795520.000000
16 11 16299907386725215571542016.000000
16 12 11620454948100046415986688.000000
16 13 6227879053701376559284224.000000
16 14 -6646799999929302049095680.000000
16 15 -7428547649500011495948288.000000
16 16 -11328468353686325564538880.000000
16 17 -11149347009966091997806592.000000
16 18 -23724154639013043528269824.000000
16 19 -39969348982815636569718784.000000
16 20 -46141551151216539274838016.000000
16 21 -72477100668280201768075264.000000
16 22 -42646926166916706978496512.000000
16 23 -20263188045118703522545664.000000
16 24 0.000000
16 25 0.000000
16 26 0.000000
16 27 0.000000
16 28 0.000000
16 29 0.000000
16 30 0.000000
16 31 0.000000
17 0 0.000000
17 1 0.000000
17 2 0.000000
17 3 0.000000
17 4 0.000000
17 5 0.000000
17 6 0.000000
17 7 0.000000
17 8 14827084752235106765111296.000000
17 9 50178671820294077347266560.000000
17 10 26569855448601902790475776.000000
17 11 18916902004523709992271872.000000
17 12 12850373162470557060431872.000000
17 13 4761094845591646113890304.000000
17 14 -6179209625305903121039360.000000
17 15 -7150186281427734362062848.000000
17 16 -12258025151833651221102592.000000
17 17 -10564386920330706833899520.000000
17 18 -26164626598162688215351296.000000
17 19 -37841009768451212778143744.000000
17 20 -48717210074310364410937344.000000
17 21 -71414808017307489819164672.000000
17 22 -41340952026730291852738560.000000
17 23 -19336745287955320959664128.000000
17 24 0.000000
17 25 0.000000
17 26 0.000000
17 27 0.000000
17 28 0.000000
17 29 0.000000
17 30 0.000000
17 31 0.000000
18 0 0.000000
18 1 0.000000
18 2 0.000000
18 3 0.000000
18 4 0.000000
18 5 0.000000
18 6 0.000000
18 7 0.000000
18 8 17677858416444236154011648.000000
18 9 51347125483410987765727232.000000
18 10 28315360159832595402588160.000000
18 11 18325008244959619250651136.000000
18 12 10611850392832361510207488.000000
18 13 4113915905808271694364672.000000
18 14 -5123366417229961874112512.000000
18 15 -8295725629640583696875520.000000
18 16 -11235044818325023540379648.000000
18 17 -6739277563196074155311104.000000
18 18 -28516595690932692901167104.000000
18 19 -36771958691618495492259840.000000
18 20 -49444353055579884371312640.000000
18 21 -69946359567005859390160896.000000
18 22 -40006869660261561797705728.000000
18 23 -18562095023166971262795776.000000
18 24 0.000000
18 25 0.000000
18 26 0.000000
18 27 0.000000
18 28 0.000000
18 29 0.000000
18 30 0.000000
18 31 0.000000
19 0 0.000000
19 1 0.000000
19 2 0.000000
19 3 0.000000
19 4 0.000000
19 5 0.000000
19 6 0.000000
19 7 0.000000
19 8 43149350911880297181085696.000000
19 9 57841403191652840814673920.000000
19 10 29694374183178863497969664.000000
19 11 16226369441475372444024832.000000
19 12 11732336756750104060231680.000000
19 13 4290849869203889920671744.000000
19 14 -4261721595620374083534848.000000
19 15 -8246521245666972681633792.000000
19 16 -10611035277328604469395456.000000
19 17 -7594465159688735147687936.000000
19 18 -30522457748019722124787712.000000
19 19 -34232397740833910734979072.000000
19 20 -52608398551020786220531712.000000
19 21 -67765691551390340028039168.000000
19 22 -38208766364147695612854272.000000
19 23 -19443580759179714434695168.000000
19 24 0.000000
19 25 0.000000
19 26 0.000000
19 27 0.000000
19 28 0.000000
19 29 0.000000
19 30 0.000000
19 31 0.000000
20 0 0.000000
20 1 0.000000
20 2 0.000000
20 3 0.000000
20 4 0.000000
20 5 0.000000
20 6 0.000000
20 7 0.000000
20 8 61132721997830301715267584.000000
20 9 84846915395043542085664768.000000
20 10 31866531332247375115714560.000000
20 11 16816129143334435911892992.000000
20 12 10881247796206320408854528.000000
20 13 2378286976070853257592832.000000
20 14 -2133192149207690162208768.000000
20 15 -5599344872260127917342720.000000
20 16 -10457044163644286346199040.000000
20 17 -9300395840273797737349120.000000
20 18 -30904113965375745106640896.000000
20 19 -32109302013472438883450880.000000
20 20 -54944259024528424040398848.000000
20 21 -66262300356127085280886784.000000
20 22 -37409540424567146365845504.000000
20 23 -28716447716227262183374848.000000
20 24 0.000000
20 25 0.000000
20 26 0.000000
20 27 0.000000
20 28 0.000000
20 29 0.000000
20 30 0.000000
20 31 0.000000
21 0 0.000000
21 1 0.000000
21 2 0.000000
21 3 0.000000
21 4 0.000000
21 5 0.000000
21 6 0.000000
21 7 0.000000
21 8 2439882364315560782392721408.000000
21 9 91300481139114718154194944.000000
21 10 59521740167757136008314880.000000
21 11 21000949433445652543569920.000000
21 12 9284223810328677494816768.000000
21 13 2405182184815133707993088.000000
21 14 -761096231349815452106752.000000
21 15 -7055478967971052613795840.000000
21 16 -9384130799771136122945536.000000
21 17 -8295974660685578775822336.000000
21 18 -33649939490863522429009920.000000
21 19 -30591732189545529132187648.000000
21 20 -56690533887324194026291200.000000
21 21 -65580347286152135294582784.000000
21 22 -45075297061953998199717888.000000
21 23 -17283939725965214747721728.000000
21 24 0.000000
21 25 0.000000
21 26 0.000000
21 27 0.000000
21 28 0.000000
21 29 0.000000
21 30 0.000000
21 31 0.000000
22 0 0.000000
22 1 0.000000
22 2 0.000000
22 3 0.000000
22 4 0.000000
22 5 0.000000
22 6 0.000000
22 7 0.000000
22 8 -3574765711006558836490240.000000
22 9 37070277130935517147299840.000000
22 10 104989256513892365121880064.000000
22 11 47284889572277094138773504.000000
22 12 11610987156704214988619776.000000
22 13 5358829305498075142291456.000000
22 14 -1753137051591189939093504.000000
22 15 -9404178375353992281587712.000000
22 16 -7691289237027875067002880.000000
22 17 -7641647319343265753333760.000000
22 18 -33501171111595073322614784.000000
22 19 -30322236787843678651547648.000000
22 20 -58379863651164422626344960.000000
22 21 -66317562189685900670140416.000000
22 22 -55194622846782828502319104.000000
22 23 -11423871455271037544955904.000000
22 24 0.000000
22 25 0.000000
22 26 0.000000
22 27 0.000000
22 28 0.000000
22 29 0.000000
22 30 0.000000
22 31 0.000000
23 0 0.000000
23 1 0.000000
23 2 0.000000
23 3 0.000000
23 4 0.000000
23 5 0.000000
23 6 0.000000
23 7 0.000000
23 8 -3558072560541356299124736.000000
23 9 38069080700492539246936064.000000
23 10 9603472963101084153282560.000000
23 11 68565404023845833364471808.000000
23 12 40574282284596830750638080.000000
23 13 7222852618020094713266176.000000
23 14 -2827173361009827231301632.000000
23 15 -6801565876864715973459968.000000
23 16 -7670833527232388084531200.000000
23 17 -9552195049801437723754496.000000
23 18 -34618695620167480882757632.000000
23 19 -30603681068019274494246912.000000
23 20 -59807996742292960830291968.000000
23 21 -85868182487196323991781376.000000
23 22 -29376356927034129255497728.000000
23 23 -15274719208535265778860032.000000
23 24 0.000000
23 25 0.000000
23 26 0.000000
23 27 0.000000
23 28 0.000000
23 29 0.000000
23 30 0.000000
23 31 0.000000
24 0 0.000000
24 1 0.000000
24 2 0.000000
24 3 0.000000
24 4 0.000000
24 5 0.000000
24 6 0.000000
24 7 0.000000
24 8 0.000000
24 9 0.000000
24 10 0.000000
24 11 0.000000
24 12 0.000000
24 13 0.000000
24 14 0.000000
24 15 0.000000
24 16 0.000000
24 17 0.000000
24 18 0.000000
24 19 0.000000
24 20 0.000000
24 21 0.000000
24 22 0.000000
24 23 0.000000
24 24 0.000000
24 25 0.000000
24 26 0.000000
24 27 0.000000
24 28 0.000000
24 29 0.000000
24 30 0.000000
24 31 0.000000
25 0 0.000000
25 1 0.000000
25 2 0.000000
25 3 0.000000
25 4 0.000000
25 5 0.000000
25 6 0.000000
25 7 0.000000
25 8 0.000000
25 9 0.000000
25 10 0.000000
25 11 0.000000
25 12 0.000000
25 13 0.000000
25 14 0.000000
25 15 0.000000
25 16 0.000000
25 17 0.000000
25 18 0.000000
25 19 0.000000
25 20 0.000000
25 21 0.000000
25 22 0.000000
25 23 0.000000
25 24 0.000000
25 25 0.000000
25 26 0.000000
25 27 0.000000
25 28 0.000000
25 29 0.000000
25 30 0.000000
25 31 0.000000
26 0 0.000000
26 1 0.000000
26 2 0.000000
26 3 0.000000
26 4 0.000000
26 5 0.000000
26 6 0.000000
26 7 0.000000
26 8 0.000000
26 9 0.000000
26 10 0.000000
26 11 0.000000
26 12 0.000000
26 13 0.000000
26 14 0.000000
26 15 0.000000
26 16 0.000000
26 17 0.000000
26 18 0.000000
26 19 0.000000
26 20 0.000000
26 21 0.000000
26 22 0.000000
26 23 0.000000
26 24 0.000000
26 25 0.000000
26 26 0.000000
26 27 0.000000
26 28 0.000000
26 29 0.000000
26 30 0.000000
26 31 0.000000
27 0 0.000000
27 1 0.000000
27 2 0.000000
27 3 0.000000
27 4 0.000000
27 5 0.000000
27 6 0.000000
27 7 0.000000
27 8 0.000000
27 9 0.000000
27 10 0.000000
27 11 0.000000
27 12 0.000000
27 13 0.000000
27 14 0.000000
27 15 0.000000
27 16 0.000000
27 17 0.000000
27 18 0.000000
27 19 0.000000
27 20 0.000000
27 21 0.000000
27 22 0.000000
27 23 0.000000
27 24 0.000000
27 25 0.000000
27 26 0.000000
27 27 0.000000
27 28 0.000000
27 29 0.000000
27 30 0.000000
27 31 0.000000
28 0 0.000000
28 1 0.000000
28 2 0.000000
28 3 0.000000
28 4 0.000000
28 5 0.000000
28 6 0.000000
28 7 0.000000
28 8 0.000000
28 9 0.000000
28 10 0.000000
28 11 0.000000
28 12 0.000000
28 13 0.000000
28 14 0.000000
28 15 0.000000
28 16 0.000000
28 17 0.000000
28 18 0.000000
28 19 0.000000
28 20 0.000000
28 21 0.000000
28 22 0.000000
28 23 0.000000
28 24 0.000000
28 25 0.000000
28 26 0.000000
28 27 0.000000
28 28 0.000000
28 29 0.000000
28 30 0.000000
28 31 0.000000
29 0 0.000000
29 1 0.000000
29 2 0.000000
29 3 0.000000
29 4 0.000000
29 5 0.000000
29 6 0.000000
29 7 0.000000
29 8 0.000000
29 9 0.000000
29 10 0.000000
29 11 0.000000
29 12 0.000000
29 13 0.000000
29 14 0.000000
29 15 0.000000
29 16 0.000000
29 17 0.000000
29 18 0.000000
29 19 0.000000
29 20 0.000000
29 21 0.000000
29 22 0.000000
29 23 0.000000
29 24 0.000000
29 25 0.000000
29 26 0.000000
29 27 0.000000
29 28 0.000000
29 29 0.000000
29 30 0.000000
29 31 0.000000
30 0 0.000000
30 1 0.000000
30 2 0.000000
30 3 0.000000
30 4 0.000000
30 5 0.000000
30 6 0.000000
30 7 0.000000
30 8 0.000000
30 9 0.000000
30 10 0.000000
30 11 0.000000
30 12 0.000000
30 13 0.000000
30 14 0.000000
30 15 0.000000
30 16 0.000000
30 17 0.000000
30 18 0.000000
30 19 0.000000
30 20 0.000000
30 21 0.000000
30 22 0.000000
30 23 0.000000
30 24 0.000000
30 25 0.000000
30 26 0.000000
30 27 0.000000
30 28 0.000000
30 29 0.000000
30 30 0.000000
30 31 0.000000
31 0 0.000000
31 1 0.000000
31 2 0.000000
31 3 0.000000
31 4 0.000000
31 5 0.000000
31 6 0.000000
31 7 0.000000
31 8 0.000000
31 9 0.000000
31 10 0.000000
31 11 0.000000
31 12 0.000000
31 13 0.000000
31 14 0.000000
31 15 0.000000
31 16 0.000000
31 17 0.000000
31 18 0.000000
31 19 0.000000
31 20 0.000000
31 21 0.000000
31 22 0.000000
31 23 0.000000
31 24 0.000000
31 25 0.000000
31 26 0.000000
31 27 0.000000
31 28 0.000000
31 29 0.000000
31 30 0.000000
31 31 0.000000
