0 0 2.699997
0 1 3.050001
0 2 3.050001
0 3 3.050001
0 4 3.050001
0 5 3.050001
0 6 3.050001
0 7 3.050001
0 8 3.050001
0 9 3.050001
0 10 3.050001
0 11 3.050001
0 12 3.050001
0 13 3.050001
0 14 3.050001
0 15 3.050001
0 16 3.050001
0 17 3.050000
0 18 3.050001
0 19 3.050001
0 20 3.050001
0 21 3.050000
0 22 3.050000
0 23 3.050001
0 24 3.050001
0 25 3.050001
0 26 3.050001
0 27 3.050001
0 28 3.050000
0 29 3.050001
0 30 3.050000
0 31 3.050001
1 0 4.266548
1 1 4.283519
1 2 4.346282
1 3 4.357595
1 4 4.422297
1 5 4.439267
1 6 4.456239
1 7 4.473208
1 8 4.490179
1 9 4.607151
1 10 4.624121
1 11 4.641090
1 12 4.658062
1 13 4.675032
1 14 4.740624
1 15 4.751939
1 16 4.813812
1 17 4.830783
1 18 4.847754
1 19 4.864725
1 20 4.881695
1 21 4.898666
1 22 5.015635
1 23 5.032606
1 24 5.049578
1 25 5.066547
1 26 5.083518
1 27 5.146281
1 28 5.157597
1 29 5.222298
1 30 5.239268
1 31 5.256238
2 0 3.080669
2 1 3.020734
2 2 3.009419
2 3 2.998106
2 4 2.986792
2 5 2.975478
2 6 2.917438
2 7 2.911782
2 8 2.906124
2 9 2.900467
2 10 2.894810
2 11 2.889153
2 12 2.883497
2 13 2.826390
2 14 2.815076
2 15 2.803763
2 16 2.792449
2 17 2.781135
2 18 2.669821
2 19 2.658508
2 20 2.647193
2 21 2.635880
2 22 2.624566
2 23 2.613252
2 24 2.601939
2 25 2.590625
2 26 2.525033
2 27 2.508062
2 28 2.491092
2 29 2.474121
2 30 2.457151
2 31 2.340180
3 0 0.000000
3 1 0.000000
3 2 0.000000
3 3 0.000000
3 4 0.000000
3 5 0.000000
3 6 0.000000
3 7 0.000000
3 8 0.000000
3 9 0.000000
3 10 0.000000
3 11 0.000000
3 12 0.000000
3 13 0.000000
3 14 0.000000
3 15 0.000000
3 16 0.000000
3 17 0.000000
3 18 0.000000
3 19 0.000000
3 20 0.000000
3 21 0.000000
3 22 0.000000
3 23 0.000000
3 24 0.000000
3 25 0.000000
3 26 0.000000
3 27 0.000000
3 28 0.000000
3 29 0.000000
3 30 0.000000
3 31 0.000000
4 0 0.000000
4 1 0.000000
4 2 0.000000
4 3 0.000000
4 4 0.000000
4 5 0.000000
4 6 0.000000
4 7 0.000000
4 8 0.000000
4 9 0.000000
4 10 0.000000
4 11 0.000000
4 12 0.000000
4 13 0.000000
4 14 0.000000
4 15 0.000000
4 16 0.000000
4 17 0.000000
4 18 0.000000
4 19 0.000000
4 20 0.000000
4 21 0.000000
4 22 0.000000
4 23 0.000000
4 24 0.000000
4 25 0.000000
4 26 0.000000
4 27 0.000000
4 28 0.000000
4 29 0.000000
4 30 0.000000
4 31 0.000000
5 0 0.000000
5 1 0.000000
5 2 0.000000
5 3 0.000000
5 4 0.000000
5 5 0.000000
5 6 0.000000
5 7 0.000000
5 8 0.000000
5 9 0.000000
5 10 0.000000
5 11 0.000000
5 12 0.000000
5 13 0.000000
5 14 0.000000
5 15 0.000000
5 16 0.000000
5 17 0.000000
5 18 0.000000
5 19 0.000000
5 20 0.000000
5 21 0.000000
5 22 0.000000
5 23 0.000000
5 24 0.000000
5 25 0.000000
5 26 0.000000
5 27 0.000000
5 28 0.000000
5 29 0.000000
5 30 0.000000
5 31 0.000000
6 0 0.000000
6 1 0.000000
6 2 0.000000
6 3 0.000000
6 4 0.000000
6 5 0.000000
6 6 0.000000
6 7 0.000000
6 8 0.000000
6 9 0.000000
6 10 0.000000
6 11 0.000000
6 12 0.000000
6 13 0.000000
6 14 0.000000
6 15 0.000000
6 16 0.000000
6 17 0.000000
6 18 0.000000
6 19 0.000000
6 20 0.000000
6 21 0.000000
6 22 0.000000
6 23 0.000000
6 24 0.000000
6 25 0.000000
6 26 0.000000
6 27 0.000000
6 28 0.000000
6 29 0.000000
6 30 0.000000
6 31 0.000000
7 0 0.000000
7 1 0.000000
7 2 0.000000
7 3 0.000000
7 4 0.000000
7 5 0.000000
7 6 0.000000
7 7 0.000000
7 8 0.000000
7 9 0.000000
7 10 0.000000
7 11 0.000000
7 12 0.000000
7 13 0.000000
7 14 0.000000
7 15 0.000000
7 16 0.000000
7 17 0.000000
7 18 0.000000
7 19 0.000000
7 20 0.000000
7 21 0.000000
7 22 0.000000
7 23 0.000000
7 24 0.000000
7 25 0.000000
7 26 0.000000
7 27 0.000000
7 28 0.000000
7 29 0.000000
7 30 0.000000
7 31 0.000000
8 0 0.000000
8 1 0.000000
8 2 0.000000
8 3 0.000000
8 4 0.000000
8 5 0.000000
8 6 0.000000
8 7 0.000000
8 8 589373100200676032512.000000
8 9 29599789803636785152.000000
8 10 -34318482492702588928.000000
8 11 2587530781006743207936.000000
8 12 -24717393027334668288.000000
8 13 35427614847221628928.000000
8 14 -21035315502889566208.000000
8 15 -65391540911745269760.000000
8 16 -63171231111079526400.000000
8 17 -49118975528846491648.000000
8 18 -59020539531853037568.000000
8 19 -256671261025424637952.000000
8 20 -69328931633229725696.000000
8 21 2555303303548256649216.000000
8 22 -340187560627755024384.000000
8 23 -190119528638189666304.000000
8 24 0.000000
8 25 0.000000
8 26 0.000000
8 27 0.000000
8 28 0.000000
8 29 0.000000
8 30 0.000000
8 31 0.000000
9 0 0.000000
9 1 0.000000
9 2 0.000000
9 3 0.000000
9 4 0.000000
9 5 0.000000
9 6 0.000000
9 7 0.000000
9 8 331909803775159697408.000000
9 9 20459204395283775488.000000
9 10 160140438109295738880.000000
9 11 110552129445063294976.000000
9 12 96385502663309000704.000000
9 13 11168105740692881408.000000
9 14 -5231661592667488256.000000
9 15 -45106325435464024064.000000
9 16 -44049400092055044096.000000
9 17 -35757595878903250944.000000
9 18 -37230105831285981184.000000
9 19 -116339378111536693248.000000
9 20 -210300475227785658368.000000
9 21 -104984615978377674752.000000
9 22 -163255556860924657664.000000
9 23 -94296914355650822144.000000
9 24 0.000000
9 25 0.000000
9 26 0.000000
9 27 0.000000
9 28 0.000000
9 29 0.000000
9 30 0.000000
9 31 0.000000
10 0 0.000000
10 1 0.000000
10 2 0.000000
10 3 0.000000
10 4 0.000000
10 5 0.000000
10 6 0.000000
10 7 0.000000
10 8 331373805050758430720.000000
10 9 19831035810149302272.000000
10 10 137966719053332480000.000000
10 11 132672297886707351552.000000
10 12 40838720585832857600.000000
10 13 5288510192114204672.000000
10 14 -16471988204875022336.000000
10 15 -45734727117063585792.000000
10 16 -38841567665140531200.000000
10 17 -42454215428338089984.000000
10 18 -33313392525473480704.000000
10 19 -107154163526212255744.000000
10 20 -122876572872990523392.000000
10 21 -240681371285934047232.000000
10 22 -177253993548001312768.000000
10 23 -92727902466721447936.000000
10 24 0.000000
10 25 0.000000
10 26 0.000000
10 27 0.000000
10 28 0.000000
10 29 0.000000
10 30 0.000000
10 31 0.000000
11 0 0.000000
11 1 0.000000
11 2 0.000000
11 3 0.000000
11 4 0.000000
11 5 0.000000
11 6 0.000000
11 7 0.000000
11 8 2726547331354462257152.000000
11 9 119209666409985474560.000000
11 10 118886585913279774720.000000
11 11 63270033225951477760.000000
11 12 29493449437044801536.000000
11 13 9278468564522631168.000000
11 14 -15531796911475392512.000000
11 15 -45671223723489755136.000000
11 16 -35771801569134116864.000000
11 17 -40085779421178363904.000000
11 18 -33817648349180854272.000000
11 19 -112932396197337890816.000000
11 20 -102646077891400433664.000000
11 21 -196283531560990277632.000000
11 22 -248086098313889185792.000000
11 23 -148925261176306139136.000000
11 24 0.000000
11 25 0.000000
11 26 0.000000
11 27 0.000000
11 28 0.000000
11 29 0.000000
11 30 0.000000
11 31 0.000000
12 0 0.000000
12 1 0.000000
12 2 0.000000
12 3 0.000000
12 4 0.000000
12 5 0.000000
12 6 0.000000
12 7 0.000000
12 8 475848225565641277440.000000
12 9 157086346651054899200.000000
12 10 51061236431033729024.000000
12 11 53947247745759707136.000000
12 12 27783123915667144704.000000
12 13 13987649378496544768.000000
12 14 -13196274784893140992.000000
12 15 -43896194141840736256.000000
12 16 -41189491183372468224.000000
12 17 -38795049527192584192.000000
12 18 -29078638884257005568.000000
12 19 -118726980805391810560.000000
12 20 -98396280732092727296.000000
12 21 -204347719275006394368.000000
12 22 -188031406523461664768.000000
12 23 -135026378670054834176.000000
12 24 0.000000
12 25 0.000000
12 26 0.000000
12 27 0.000000
12 28 0.000000
12 29 0.000000
12 30 0.000000
12 31 0.000000
13 0 0.000000
13 1 0.000000
13 2 0.000000
13 3 0.000000
13 4 0.000000
13 5 0.000000
13 6 0.000000
13 7 0.000000
13 8 522543376089567199232.000000
13 9 116995909698621276160.000000
13 10 63435430561094565888.000000
13 11 49355797139329908736.000000
13 12 28770476561316970496.000000
13 13 15624911252696858624.000000
13 14 -19322894312349368320.000000
13 15 -30405991311540748288.000000
13 16 -32581364071979286528.000000
13 17 -36367903997156130816.000000
13 18 -49763733545420849152.000000
13 19 -125728635666697289728.000000
13 20 -123218019611926593536.000000
13 21 -220593100332420038656.000000
13 22 -131927919718609977344.000000
13 23 -65319619657149186048.000000
13 24 0.000000
13 25 0.000000
13 26 0.000000
13 27 0.000000
13 28 0.000000
13 29 0.000000
13 30 0.000000
13 31 0.000000
14 0 0.000000
14 1 0.000000
14 2 0.000000
14 3 0.000000
14 4 0.000000
14 5 0.000000
14 6 0.000000
14 7 0.000000
14 8 454529662673297080320.000000
14 9 109159496813415235584.000000
14 10 67221480104085422080.000000
14 11 54111998568065662976.000000
14 12 27654722947775463424.000000
14 13 15314969919943081984.000000
14 14 -20565841630015258624.000000
14 15 -28480420995863150592.000000
14 16 -30580288093799055360.000000
14 17 -33224131972507369472.000000
14 18 -59369031941299896320.000000
14 19 -122221246350649982976.000000
14 20 -120004982752774455296.000000
14 21 -210685497811553746944.000000
14 22 -128458723038465097728.000000
14 23 -57909280721845878784.000000
14 24 0.000000
14 25 0.000000
14 26 0.000000
14 27 0.000000
14 28 0.000000
14 29 0.000000
14 30 0.000000
14 31 0.000000
15 0 0.000000
15 1 0.000000
15 2 0.000000
15 3 0.000000
15 4 0.000000
15 5 0.000000
15 6 0.000000
15 7 0.000000
15 8 610964658636057477120.000000
15 9 117371881102669512704.000000
15 10 70050193668864737280.000000
15 11 51151818596976427008.000000
15 12 27256858068194951168.000000
15 13 20214648820010582016.000000
15 14 -18002320374250864640.000000
15 15 -27677089213307682816.000000
15 16 -32795938164186284032.000000
15 17 -26929100249024692224.000000
15 18 -65277328041898409984.000000
15 19 -121435033964138987520.000000
15 20 -120062711511279206400.000000
15 21 -206691631774820204544.000000
15 22 -125691595318980771840.000000
15 23 -56568905678842757120.000000
15 24 0.000000
15 25 0.000000
15 26 0.000000
15 27 0.000000
15 28 0.000000
15 29 0.000000
15 30 0.000000
15 31 0.000000
16 0 0.000000
16 1 0.000000
16 2 0.000000
16 3 0.000000
16 4 0.000000
16 5 0.000000
16 6 0.000000
16 7 0.000000
16 8 14005609373170684395520.000000
16 9 142183425310690639872.000000
16 10 71738084754989252608.000000
16 11 45958090705223024640.000000
16 12 32764241442980757504.000000
16 13 17559693276791963648.000000
16 14 -18740861235116376064.000000
16 15 -20945014811923578880.000000
16 16 -31940962320474177536.000000
16 17 -31435923644487827456.000000
16 18 -66890984500962000896.000000
16 19 -112694831316994097152.000000
16 20 -130097549517711736832.000000
16 21 -204351413634075721728.000000
16 22 -120244350832187801600.000000
16 23 -57132686863054667776.000000
16 24 0.000000
16 25 0.000000
16 26 0.000000
16 27 0.000000
16 28 0.000000
16 29 0.000000
16 30 0.000000
16 31 0.000000
17 0 0.000000
17 1 0.000000
17 2 0.000000
17 3 0.000000
17 4 0.000000
17 5 0.000000
17 6 0.000000
17 7 0.000000
17 8 41805433199206072320.000000
17 9 141480318411053465600.000000
17 10 74914538663262027776.000000
17 11 53336798890018471936.000000
17 12 36232026350195572736.000000
17 13 13424051812726472704.000000
17 14 -17422470927110635520.000000
17 15 -20160168018854281216.000000
17 16 -34561865988580573184.000000
17 17 -29786621018451738624.000000
17 18 -73771987752328364032.000000
17 19 -106693925551011266560.000000
17 20 -137359691877776883712.000000
17 21 -201356255999083675648.000000
17 22 -116562112779045044224.000000
17 23 -54520550700668157952.000000
17 24 0.000000
17 25 0.000000
17 26 0.000000
17 27 0.000000
17 28 0.000000
17 29 0.000000
17 30 0.000000
17 31 0.000000
18 0 0.000000
18 1 0.000000
18 2 0.000000
18 3 0.000000
18 4 0.000000
18 5 0.000000
18 6 0.000000
18 7 0.000000
18 8 49843272216574164992.000000
18 9 144774807091591249920.000000
18 10 79836049466210648064.000000
18 11 51667933753100992512.000000
18 12 29920435981598588928.000000
18 13 11599313310385700864.000000
18 14 -14445482721767587840.000000
18 15 -23390051595167203328.000000
18 16 -31677554518831136768.000000
18 17 -19001599422527176704.000000
18 18 -80403441446608175104.000000
18 19 -103679689190254051328.000000
18 20 -139409894035486146560.000000
18 21 -197215952605716414464.000000
18 22 -112800604335586148352.000000
18 23 -52336406036463222784.000000
18 24 0.000000
18 25 0.000000
18 26 0.000000
18 27 0.000000
18 28 0.000000
18 29 0.000000
18 30 0.000000
18 31 0.000000
19 0 0.000000
19 1 0.000000
19 2 0.000000
19 3 0.000000
19 4 0.000000
19 5 0.000000
19 6 0.000000
19 7 0.000000
19 8 121660944021228355584.000000
19 9 163085633935921643520.000000
19 10 83724221649189339136.000000
19 11 45750762394643070976.000000
19 12 33079691328989691904.000000
19 13 12098185925163483136.000000
19 14 -12016060103150010368.000000
19 15 -23251315217974427648.000000
19 16 -29918133604250025984.000000
19 17 -21412830621263200256.000000
19 18 -86059030192725164032.000000
19 19 -96519335218641895424.000000
19 20 -148331014723911811072.000000
19 21 -191067465991006978048.000000
19 22 -107730791404283101184.000000
19 23 -54821786100353204224.000000
19 24 0.000000
19 25 0.000000
19 26 0.000000
19 27 0.000000
19 28 0.000000
19 29 0.000000
19 30 0.000000
19 31 0.000000
20 0 0.000000
20 1 0.000000
20 2 0.000000
20 3 0.000000
20 4 0.000000
20 5 0.000000
20 6 0.000000
20 7 0.000000
20 8 172365617627467350016.000000
20 9 239228520601455951872.000000
20 10 89848668541669081088.000000
20 11 47413606605886849024.000000
20 12 30680015997461594112.000000
20 13 6705658084770971648.000000
20 14 -6014599083795152896.000000
20 15 -15787515828305395712.000000
20 16 -29483954054627328000.000000
20 17 -26222754188132089856.000000
20 18 -87135109028690001920.000000
20 19 -90533171704564285440.000000
20 20 -154917054189917962240.000000
20 21 -186828646355790987264.000000
20 22 -105477373109481766912.000000
20 23 -80966910369517797376.000000
20 24 0.000000
20 25 0.000000
20 26 0.000000
20 27 0.000000
20 28 0.000000
20 29 0.000000
20 30 0.000000
20 31 0.000000
21 0 0.000000
21 1 0.000000
21 2 0.000000
21 3 0.000000
21 4 0.000000
21 5 0.000000
21 6 0.000000
21 7 0.000000
21 8 6879324992002097938432.000000
21 9 257424593616218619904.000000
21 10 167823403151729360896.000000
21 11 59212839717504548864.000000
21 12 26177159639951474688.000000
21 13 6781488103203799040.000000
21 14 -2145933336604835840.000000
21 15 -19893138425909346304.000000
21 16 -26458843523871408128.000000
21 17 -23390759680655491072.000000
21 18 -94877069467023572992.000000
21 19 -86254356234376314880.000000
21 20 -159840702443470979072.000000
21 21 -184905838013322362880.000000
21 22 -127091212048488464384.000000
21 23 -48732607142846005248.000000
21 24 0.000000
21 25 0.000000
21 26 0.000000
21 27 0.000000
21 28 0.000000
21 29 0.000000
21 30 0.000000
21 31 0.000000
22 0 0.000000
22 1 0.000000
22 2 0.000000
22 3 0.000000
22 4 0.000000
22 5 0.000000
22 6 0.000000
22 7 0.000000
22 8 -10079168116241203200.000000
22 9 104520806789409669120.000000
22 10 296020512791527948288.000000
22 11 133321203261141680128.000000
22 12 32737540902611845120.000000
22 13 15109390932362919936.000000
22 14 -4943018349899546624.000000
22 15 -26515373814701883392.000000
22 16 -21685826164300447744.000000
22 17 -21545858334084562944.000000
22 18 -94457601382980517888.000000
22 19 -85494488146466832384.000000
22 20 -164603821999368699904.000000
22 21 -186984407571028246528.000000
22 22 -155622958247136198656.000000
22 23 -32209955641186320384.000000
22 24 0.000000
22 25 0.000000
22 26 0.000000
22 27 0.000000
22 28 0.000000
22 29 0.000000
22 30 0.000000
22 31 0.000000
23 0 0.000000
23 1 0.000000
23 2 0.000000
23 3 0.000000
23 4 0.000000
23 5 0.000000
23 6 0.000000
23 7 0.000000
23 8 -10032100222479368192.000000
23 9 107336946339213737984.000000
23 10 27077292426216341504.000000
23 11 193322291660691865600.000000
23 12 114400437734465339392.000000
23 13 20365055413620572160.000000
23 14 -7971298772678344704.000000
23 15 -19177222215808581632.000000
23 16 -21628147983330574336.000000
23 17 -26932713244233564160.000000
23 18 -97608493844930756608.000000
23 19 -86288018882372304896.000000
23 20 -168630479870889033728.000000
23 21 -242108044797578051584.000000
23 22 -82827547926505455616.000000
23 23 -43067540606497587200.000000
23 24 0.000000
23 25 0.000000
23 26 0.000000
23 27 0.000000
23 28 0.000000
23 29 0.000000
23 30 0.000000
23 31 0.000000
24 0 0.000000
24 1 0.000000
24 2 0.000000
24 3 0.000000
24 4 0.000000
24 5 0.000000
24 6 0.000000
24 7 0.000000
24 8 0.000000
24 9 0.000000
24 10 0.000000
24 11 0.000000
24 12 0.000000
24 13 0.000000
24 14 0.000000
24 15 0.000000
24 16 0.000000
24 17 0.000000
24 18 0.000000
24 19 0.000000
24 20 0.000000
24 21 0.000000
24 22 0.000000
24 23 0.000000
24 24 0.000000
24 25 0.000000
24 26 0.000000
24 27 0.000000
24 28 0.000000
24 29 0.000000
24 30 0.000000
24 31 0.000000
25 0 0.000000
25 1 0.000000
25 2 0.000000
25 3 0.000000
25 4 0.000000
25 5 0.000000
25 6 0.000000
25 7 0.000000
25 8 0.000000
25 9 0.000000
25 10 0.000000
25 11 0.000000
25 12 0.000000
25 13 0.000000
25 14 0.000000
25 15 0.000000
25 16 0.000000
25 17 0.000000
25 18 0.000000
25 19 0.000000
25 20 0.000000
25 21 0.000000
25 22 0.000000
25 23 0.000000
25 24 0.000000
25 25 0.000000
25 26 0.000000
25 27 0.000000
25 28 0.000000
25 29 0.000000
25 30 0.000000
25 31 0.000000
26 0 0.000000
26 1 0.000000
26 2 0.000000
26 3 0.000000
26 4 0.000000
26 5 0.000000
26 6 0.000000
26 7 0.000000
26 8 0.000000
26 9 0.000000
26 10 0.000000
26 11 0.000000
26 12 0.000000
26 13 0.000000
26 14 0.000000
26 15 0.000000
26 16 0.000000
26 17 0.000000
26 18 0.000000
26 19 0.000000
26 20 0.000000
26 21 0.000000
26 22 0.000000
26 23 0.000000
26 24 0.000000
26 25 0.000000
26 26 0.000000
26 27 0.000000
26 28 0.000000
26 29 0.000000
26 30 0.000000
26 31 0.000000
27 0 0.000000
27 1 0.000000
27 2 0.000000
27 3 0.000000
27 4 0.000000
27 5 0.000000
27 6 0.000000
27 7 0.000000
27 8 0.000000
27 9 0.000000
27 10 0.000000
27 11 0.000000
27 12 0.000000
27 13 0.000000
27 14 0.000000
27 15 0.000000
27 16 0.000000
27 17 0.000000
27 18 0.000000
27 19 0.000000
27 20 0.000000
27 21 0.000000
27 22 0.000000
27 23 0.000000
27 24 0.000000
27 25 0.000000
27 26 0.000000
27 27 0.000000
27 28 0.000000
27 29 0.000000
27 30 0.000000
27 31 0.000000
28 0 0.000000
28 1 0.000000
28 2 0.000000
28 3 0.000000
28 4 0.000000
28 5 0.000000
28 6 0.000000
28 7 0.000000
28 8 0.000000
28 9 0.000000
28 10 0.000000
28 11 0.000000
28 12 0.000000
28 13 0.000000
28 14 0.000000
28 15 0.000000
28 16 0.000000
28 17 0.000000
28 18 0.000000
28 19 0.000000
28 20 0.000000
28 21 0.000000
28 22 0.000000
28 23 0.000000
28 24 0.000000
28 25 0.000000
28 26 0.000000
28 27 0.000000
28 28 0.000000
28 29 0.000000
28 30 0.000000
28 31 0.000000
29 0 0.000000
29 1 0.000000
29 2 0.000000
29 3 0.000000
29 4 0.000000
29 5 0.000000
29 6 0.000000
29 7 0.000000
29 8 0.000000
29 9 0.000000
29 10 0.000000
29 11 0.000000
29 12 0.000000
29 13 0.000000
29 14 0.000000
29 15 0.000000
29 16 0.000000
29 17 0.000000
29 18 0.000000
29 19 0.000000
29 20 0.000000
29 21 0.000000
29 22 0.000000
29 23 0.000000
29 24 0.000000
29 25 0.000000
29 26 0.000000
29 27 0.000000
29 28 0.000000
29 29 0.000000
29 30 0.000000
29 31 0.000000
30 0 0.000000
30 1 0.000000
30 2 0.000000
30 3 0.000000
30 4 0.000000
30 5 0.000000
30 6 0.000000
30 7 0.000000
30 8 0.000000
30 9 0.000000
30 10 0.000000
30 11 0.000000
30 12 0.000000
30 13 0.000000
30 14 0.000000
30 15 0.000000
30 16 0.000000
30 17 0.000000
30 18 0.000000
30 19 0.000000
30 20 0.000000
30 21 0.000000
30 22 0.000000
30 23 0.000000
30 24 0.000000
30 25 0.000000
30 26 0.000000
30 27 0.000000
30 28 0.000000
30 29 0.000000
30 30 0.000000
30 31 0.000000
31 0 0.000000
31 1 0.000000
31 2 0.000000
31 3 0.000000
31 4 0.000000
31 5 0.000000
31 6 0.000000
31 7 0.000000
31 8 0.000000
31 9 0.000000
31 10 0.000000
31 11 0.000000
31 12 0.000000
31 13 0.000000
31 14 0.000000
31 15 0.000000
31 16 0.000000
31 17 0.000000
31 18 0.000000
31 19 0.000000
31 20 0.000000
31 21 0.000000
31 22 0.000000
31 23 0.000000
31 24 0.000000
31 25 0.000000
31 26 0.000000
31 27 0.000000
31 28 0.000000
31 29 0.000000
31 30 0.000000
31 31 0.000000
