0 0 2.699997
0 1 3.050001
0 2 3.050001
0 3 3.050001
0 4 3.050001
0 5 3.050001
0 6 3.050001
0 7 3.050001
0 8 3.050001
0 9 3.050001
0 10 3.050001
0 11 3.050001
0 12 3.050001
0 13 3.050001
0 14 3.050001
0 15 3.050001
0 16 3.050001
0 17 3.050000
0 18 3.050001
0 19 3.050001
0 20 3.050001
0 21 3.050000
0 22 3.050000
0 23 3.050001
0 24 3.050001
0 25 3.050001
0 26 3.050001
0 27 3.050001
0 28 3.050000
0 29 3.050001
0 30 3.050000
0 31 3.050001
1 0 4.266548
1 1 4.283519
1 2 4.346282
1 3 4.357595
1 4 4.422297
1 5 4.439267
1 6 4.456239
1 7 4.473208
1 8 4.490179
1 9 4.607151
1 10 4.624121
1 11 4.641090
1 12 4.658062
1 13 4.675032
1 14 4.740624
1 15 4.751939
1 16 4.813812
1 17 4.830783
1 18 4.847754
1 19 4.864725
1 20 4.881695
1 21 4.898666
1 22 5.015635
1 23 5.032606
1 24 5.049578
1 25 5.066547
1 26 5.083518
1 27 5.146281
1 28 5.157597
1 29 5.222298
1 30 5.239268
1 31 5.256238
2 0 3.080669
2 1 3.020734
2 2 3.009419
2 3 2.998106
2 4 2.986792
2 5 2.975478
2 6 2.917438
2 7 2.911782
2 8 2.906124
2 9 2.900467
2 10 2.894810
2 11 2.889153
2 12 2.883497
2 13 2.826390
2 14 2.815076
2 15 2.803763
2 16 2.792449
2 17 2.781135
2 18 2.669821
2 19 2.658508
2 20 2.647193
2 21 2.635880
2 22 2.624566
2 23 2.613252
2 24 2.601939
2 25 2.590625
2 26 2.525033
2 27 2.508062
2 28 2.491092
2 29 2.474121
2 30 2.457151
2 31 2.340180
3 0 0.000000
3 1 0.000000
3 2 0.000000
3 3 0.000000
3 4 0.000000
3 5 0.000000
3 6 0.000000
3 7 0.000000
3 8 0.000000
3 9 0.000000
3 10 0.000000
3 11 0.000000
3 12 0.000000
3 13 0.000000
3 14 0.000000
3 15 0.000000
3 16 0.000000
3 17 0.000000
3 18 0.000000
3 19 0.000000
3 20 0.000000
3 21 0.000000
3 22 0.000000
3 23 0.000000
3 24 0.000000
3 25 0.000000
3 26 0.000000
3 27 0.000000
3 28 0.000000
3 29 0.000000
3 30 0.000000
3 31 0.000000
4 0 0.000000
4 1 0.000000
4 2 0.000000
4 3 0.000000
4 4 0.000000
4 5 0.000000
4 6 0.000000
4 7 0.000000
4 8 0.000000
4 9 0.000000
4 10 0.000000
4 11 0.000000
4 12 0.000000
4 13 0.000000
4 14 0.000000
4 15 0.000000
4 16 0.000000
4 17 0.000000
4 18 0.000000
4 19 0.000000
4 20 0.000000
4 21 0.000000
4 22 0.000000
4 23 0.000000
4 24 0.000000
4 25 0.000000
4 26 0.000000
4 27 0.000000
4 28 0.000000
4 29 0.000000
4 30 0.000000
4 31 0.000000
5 0 0.000000
5 1 0.000000
5 2 0.000000
5 3 0.000000
5 4 0.000000
5 5 0.000000
5 6 0.000000
5 7 0.000000
5 8 0.000000
5 9 0.000000
5 10 0.000000
5 11 0.000000
5 12 0.000000
5 13 0.000000
5 14 0.000000
5 15 0.000000
5 16 0.000000
5 17 0.000000
5 18 0.000000
5 19 0.000000
5 20 0.000000
5 21 0.000000
5 22 0.000000
5 23 0.000000
5 24 0.000000
5 25 0.000000
5 26 0.000000
5 27 0.000000
5 28 0.000000
5 29 0.000000
5 30 0.000000
5 31 0.000000
6 0 0.000000
6 1 0.000000
6 2 0.000000
6 3 0.000000
6 4 0.000000
6 5 0.000000
6 6 0.000000
6 7 0.000000
6 8 0.000000
6 9 0.000000
6 10 0.000000
6 11 0.000000
6 12 0.000000
6 13 0.000000
6 14 0.000000
6 15 0.000000
6 16 0.000000
6 17 0.000000
6 18 0.000000
6 19 0.000000
6 20 0.000000
6 21 0.000000
6 22 0.000000
6 23 0.000000
6 24 0.000000
6 25 0.000000
6 26 0.000000
6 27 0.000000
6 28 0.000000
6 29 0.000000
6 30 0.000000
6 31 0.000000
7 0 0.000000
7 1 0.000000
7 2 0.000000
7 3 0.000000
7 4 0.000000
7 5 0.000000
7 6 0.000000
7 7 0.000000
7 8 0.000000
7 9 0.000000
7 10 0.000000
7 11 0.000000
7 12 0.000000
7 13 0.000000
7 14 0.000000
7 15 0.000000
7 16 0.000000
7 17 0.000000
7 18 0.000000
7 19 0.000000
7 20 0.000000
7 21 0.000000
7 22 0.000000
7 23 0.000000
7 24 0.000000
7 25 0.000000
7 26 0.000000
7 27 0.000000
7 28 0.000000
7 29 0.000000
7 30 0.000000
7 31 0.000000
8 0 0.000000
8 1 0.000000
8 2 0.000000
8 3 0.000000
8 4 0.000000
8 5 0.000000
8 6 0.000000
8 7 0.000000
8 8 504614668633044705718829056.000000
8 9 25343008617119664786374656.000000
8 10 -29383103823679088524001280.000000
8 11 2215414413433223115802935296.000000
8 12 -21162757354931205089263616.000000
8 13 30332721456006573317947392.000000
8 14 -18010209945655747324936192.000000
8 15 -55987505412245030877265920.000000
8 16 -54086499260158985172418560.000000
8 17 -42055117723543957143552000.000000
8 18 -50532734014358840053596160.000000
8 19 -219759032075897755639218176.000000
8 20 -59358666338459525144641536.000000
8 21 2187822216369626137524961280.000000
8 22 -291264773318116596693073920.000000
8 23 -162778220223829668108697600.000000
8 24 0.000000
8 25 0.000000
8 26 0.000000
8 27 0.000000
8 28 0.000000
8 29 0.000000
8 30 0.000000
8 31 0.000000
9 0 0.000000
9 1 0.000000
9 2 0.000000
9 3 0.000000
9 4 0.000000
9 5 0.000000
9 6 0.000000
9 7 0.000000
9 8 284177442011277018414448640.000000
9 9 17516944009124753914724352.000000
9 10 137110405948746143964856320.000000
9 11 94653490469160682222780416.000000
9 12 82524184391630367039160320.000000
9 13 9562003529501880474402816.000000
9 14 -4479297194974888272592896.000000
9 15 -38619531543652032267157504.000000
9 16 -37714608066372136503083008.000000
9 17 -30615254094082518024192000.000000
9 18 -31875992206114178901999616.000000
9 19 -99608461171427768027578368.000000
9 20 -180056898016047857206820864.000000
9 21 -89886648886329323280138240.000000
9 22 -139777593004247697468686336.000000
9 23 -80735957021124963105505280.000000
9 24 0.000000
9 25 0.000000
9 26 0.000000
9 27 0.000000
9 28 0.000000
9 29 0.000000
9 30 0.000000
9 31 0.000000
10 0 0.000000
10 1 0.000000
10 2 0.000000
10 3 0.000000
10 4 0.000000
10 5 0.000000
10 6 0.000000
10 7 0.000000
10 8 283718505465467198479794176.000000
10 9 16979113044754687441502208.000000
10 10 118125561127034447873441792.000000
10 11 113592532025337357497532416.000000
10 12 34965658123606874625409024.000000
10 13 4527963452836224042008576.000000
10 14 -14103136516454852377706496.000000
10 15 -39157563116363900331753472.000000
10 16 -33255716429107284815118336.000000
10 17 -36348829581898755010985984.000000
10 18 -28522558600954519513726976.000000
10 19 -91744189897691690853990400.000000
10 20 -105205544588156609614577664.000000
10 21 -206068688727873843359645696.000000
10 22 -151762894574166599037616128.000000
10 23 -79392582107329101863845888.000000
10 24 0.000000
10 25 0.000000
10 26 0.000000
10 27 0.000000
10 28 0.000000
10 29 0.000000
10 30 0.000000
10 31 0.000000
11 0 0.000000
11 1 0.000000
11 2 0.000000
11 3 0.000000
11 4 0.000000
11 5 0.000000
11 6 0.000000
11 7 0.000000
11 8 2334438561580948140209471488.000000
11 9 102065973310415501912965120.000000
11 10 101789355159658190331707392.000000
11 11 54171096028481017176129536.000000
11 12 25251957794214843653292032.000000
11 13 7944120887762890484875264.000000
11 14 -13298152886880296536899584.000000
11 15 -39103191338206641428365312.000000
11 16 -30627415110113111046094848.000000
11 17 -34321006675991974566166528.000000
11 18 -28954295422627654714523648.000000
11 19 -96691449860935966066212864.000000
11 20 -87884402391080741128634368.000000
11 21 -168055778363085749697380352.000000
11 22 -212408539518102636897239040.000000
11 23 -127508137788617373966663680.000000
11 24 0.000000
11 25 0.000000
11 26 0.000000
11 27 0.000000
11 28 0.000000
11 29 0.000000
11 30 0.000000
11 31 0.000000
12 0 0.000000
12 1 0.000000
12 2 0.000000
12 3 0.000000
12 4 0.000000
12 5 0.000000
12 6 0.000000
12 7 0.000000
12 8 407415896416593579564072960.000000
12 9 134495543082809667604185088.000000
12 10 43718054808300725802631168.000000
12 11 46189028458776249233309696.000000
12 12 23787595297725539889971200.000000
12 13 11976067821588505331499008.000000
12 14 -11298500465017079791091712.000000
12 15 -37583435575106997095235584.000000
12 16 -35265987258027930621575168.000000
12 17 -33215887602809136679485440.000000
12 18 -24896807242249732083417088.000000
12 19 -101652701679560149973336064.000000
12 20 -84245782122541532072378368.000000
12 21 -174960228649178571481284608.000000
12 22 -160990380234949812075626496.000000
12 23 -115608060176319010526199808.000000
12 24 0.000000
12 25 0.000000
12 26 0.000000
12 27 0.000000
12 28 0.000000
12 29 0.000000
12 30 0.000000
12 31 0.000000
13 0 0.000000
13 1 0.000000
13 2 0.000000
13 3 0.000000
13 4 0.000000
13 5 0.000000
13 6 0.000000
13 7 0.000000
13 8 447395709314985027876945920.000000
13 9 100170579580213882339196928.000000
13 10 54312693235990811694333952.000000
13 11 42257884334402172534915072.000000
13 12 24632954238391427511877632.000000
13 13 13377871644316336971055104.000000
13 14 -16544045432854743059791872.000000
13 15 -26033276556985839353069568.000000
13 16 -27895809718463154574327808.000000
13 17 -31137799625144506920206336.000000
13 18 -42607145763321752330436608.000000
13 19 -107647432334913911509745664.000000
13 20 -105497860918120648024260608.000000
13 21 -188869331935172605333471232.000000
13 22 -112955197017590692489199616.000000
13 23 -55925925568840969966583808.000000
13 24 0.000000
13 25 0.000000
13 26 0.000000
13 27 0.000000
13 28 0.000000
13 29 0.000000
13 30 0.000000
13 31 0.000000
14 0 0.000000
14 1 0.000000
14 2 0.000000
14 3 0.000000
14 4 0.000000
14 5 0.000000
14 6 0.000000
14 7 0.000000
14 8 389163138303563157592866816.000000
14 9 93461139049096281080201216.000000
14 10 57554275008459533216382976.000000
14 11 46330081487335869319741440.000000
14 12 23677659620575258603421696.000000
14 13 13112503701600979002589184.000000
14 14 -17608248474760588554141696.000000
14 15 -24384619557985131100635136.000000
14 16 -26182508410699140411949056.000000
14 17 -28446129128571122413993984.000000
14 18 -50831091653007018341433344.000000
14 19 -104644440750294549328297984.000000
14 20 -102746934867896490010869760.000000
14 21 -180386578226133194313302016.000000
14 22 -109984929956958091052318720.000000
14 23 -49581278625153011945570304.000000
14 24 0.000000
14 25 0.000000
14 26 0.000000
14 27 0.000000
14 28 0.000000
14 29 0.000000
14 30 0.000000
14 31 0.000000
15 0 0.000000
15 1 0.000000
15 2 0.000000
15 3 0.000000
15 4 0.000000
15 5 0.000000
15 6 0.000000
15 7 0.000000
15 8 523101146993489027709009920.000000
15 9 100492475264300114014896128.000000
15 10 59976180319698989239762944.000000
15 11 43795609532072619185012736.000000
15 12 23337015126981110382198784.000000
15 13 17307553864222572187484160.000000
15 14 -15413396065873891153674240.000000
15 15 -23696816564295805972774912.000000
15 16 -28079518536850218785177600.000000
15 17 -23056400950288831469322240.000000
15 18 -55889709998538259689373696.000000
15 19 -103971291388928777225502720.000000
15 20 -102796353695269957899649024.000000
15 21 -176967068383701507311140864.000000
15 22 -107615731605223241645293568.000000
15 23 -48433669782839393320435712.000000
15 24 0.000000
15 25 0.000000
15 26 0.000000
15 27 0.000000
15 28 0.000000
15 29 0.000000
15 30 0.000000
15 31 0.000000
16 0 0.000000
16 1 0.000000
16 2 0.000000
16 3 0.000000
16 4 0.000000
16 5 0.000000
16 6 0.000000
16 7 0.000000
16 8 11991446180369854220573081600.000000
16 9 121735847196676439058415616.000000
16 10 61421348978979598214627328.000000
16 11 39348800512176047253356544.000000
16 12 28052367235416727538892800.000000
16 13 15034414626408556056805376.000000
16 14 -16045711253389497950273536.000000
16 15 -17932891570792298346184704.000000
16 16 -27347503309302230289481728.000000
16 17 -26915095487313413903745024.000000
16 18 -57271306566054847121981440.000000
16 19 -96488037614035170840543232.000000
16 20 -111388063098180734386438144.000000
16 21 -174963401489159249524162560.000000
16 22 -102951850524439292564996096.000000
16 23 -48916365735016151157571584.000000
16 24 0.000000
16 25 0.000000
16 26 0.000000
16 27 0.000000
16 28 0.000000
16 29 0.000000
16 30 0.000000
16 31 0.000000
17 0 0.000000
17 1 0.000000
17 2 0.000000
17 3 0.000000
17 4 0.000000
17 5 0.000000
17 6 0.000000
17 7 0.000000
17 8 35793338165921120855785472.000000
17 9 121133865373947038405754880.000000
17 10 64140984739568726401089536.000000
17 11 45666363023877781225209856.000000
17 12 31021453704428611564470272.000000
17 13 11493522902128850991316992.000000
17 14 -14916926160481595315716096.000000
17 15 -17260912424753702193070080.000000
17 16 -29591494385636776114913280.000000
17 17 -25502976475883864804294656.000000
17 18 -63162740066281853596729344.000000
17 19 -91350121327417070557593600.000000
17 20 -117605833336129718111436800.000000
17 21 -172398953574776221368057856.000000
17 22 -99799172835033814226960384.000000
17 23 -46679891706891641974423552.000000
17 24 0.000000
17 25 0.000000
17 26 0.000000
17 27 0.000000
17 28 0.000000
17 29 0.000000
17 30 0.000000
17 31 0.000000
18 0 0.000000
18 1 0.000000
18 2 0.000000
18 3 0.000000
18 4 0.000000
18 5 0.000000
18 6 0.000000
18 7 0.000000
18 8 42675251142441887995002880.000000
18 9 123954538563513892233805824.000000
18 10 68354719148093978148077568.000000
18 11 44237510509730368348749824.000000
18 12 25617546897482665615687680.000000
18 13 9931201277079121867833344.000000
18 14 -12368066897762356337573888.000000
18 15 -20026306486939171529162752.000000
18 16 -27121973416257057311424512.000000
18 17 -16268956056012540157624320.000000
18 18 -68840504929903082335109120.000000
18 19 -88769375714644920012636160.000000
18 20 -119361188608695771624112128.000000
18 21 -168854079659619604253114368.000000
18 22 -96578611127437084738977792.000000
18 23 -44809843803047299324575744.000000
18 24 0.000000
18 25 0.000000
18 26 0.000000
18 27 0.000000
18 28 0.000000
18 29 0.000000
18 30 0.000000
18 31 0.000000
19 0 0.000000
19 1 0.000000
19 2 0.000000
19 3 0.000000
19 4 0.000000
19 5 0.000000
19 6 0.000000
19 7 0.000000
19 8 104164733170657732438523904.000000
19 9 139632094310366313380315136.000000
19 10 71683733875786064517398528.000000
19 11 39171282882268721810767872.000000
19 12 28322450627085927511490560.000000
19 13 10358324106890820467032064.000000
19 14 -10288014341853876511047680.000000
19 15 -19907523290162537298919424.000000
19 16 -25615580013395806334746624.000000
19 17 -18333425724864753840422912.000000
19 18 -73682775249251839634309120.000000
19 19 -82638757119072177064247296.000000
19 20 -126999358140320390823542784.000000
19 21 -163589821622840667251146752.000000
19 22 -92237907779452490148216832.000000
19 23 -46937795635786175215566848.000000
19 24 0.000000
19 25 0.000000
19 26 0.000000
19 27 0.000000
19 28 0.000000
19 29 0.000000
19 30 0.000000
19 31 0.000000
20 0 0.000000
20 1 0.000000
20 2 0.000000
20 3 0.000000
20 4 0.000000
20 5 0.000000
20 6 0.000000
20 7 0.000000
20 8 147577494364538565161910272.000000
20 9 204824787881495460875075584.000000
20 10 76927423792922815369314304.000000
20 11 40594988754819569722327040.000000
20 12 26267879942272268216827904.000000
20 13 5741305826504625895768064.000000
20 14 -5149633427869419668766720.000000
20 15 -13517104209820182846111744.000000
20 16 -25243836615136393023193088.000000
20 17 -22451633669204300674367488.000000
20 18 -74604097882013263189770240.000000
20 19 -77513476852144567824154624.000000
20 20 -132638241879120258254503936.000000
20 21 -159960572300290902647111680.000000
20 22 -90308535146667097580371968.000000
20 23 -69322970297778918802849792.000000
20 24 0.000000
20 25 0.000000
20 26 0.000000
20 27 0.000000
20 28 0.000000
20 29 0.000000
20 30 0.000000
20 31 0.000000
21 0 0.000000
21 1 0.000000
21 2 0.000000
21 3 0.000000
21 4 0.000000
21 5 0.000000
21 6 0.000000
21 7 0.000000
21 8 5890000520253872569359269888.000000
21 9 220404004035690936401920000.000000
21 10 143688514885430970071121920.000000
21 11 50697361981844660946993152.000000
21 12 22412591135372294408372224.000000
21 13 5806231448115055876374528.000000
21 14 -1837326262161343422398464.000000
21 15 -17032290396233173651423232.000000
21 16 -22653768479077991513587712.000000
21 17 -20026906006121567089590272.000000
21 18 -81232663275425703347093504.000000
21 19 -73849985760907979864932352.000000
21 20 -136853848632168991520980992.000000
21 21 -158314311072176767422693376.000000
21 22 -108814059770367524682596352.000000
21 23 -41724312262070123754422272.000000
21 24 0.000000
21 25 0.000000
21 26 0.000000
21 27 0.000000
21 28 0.000000
21 29 0.000000
21 30 0.000000
21 31 0.000000
22 0 0.000000
22 1 0.000000
22 2 0.000000
22 3 0.000000
22 4 0.000000
22 5 0.000000
22 6 0.000000
22 7 0.000000
22 8 -8629665884685443102932992.000000
22 9 89489527379910504052948992.000000
22 10 253449409135613858619064320.000000
22 11 114148111063349341773103104.000000
22 12 28029514025352410618134528.000000
22 13 12936486022571147067916288.000000
22 14 -4232160400011878375358464.000000
22 15 -22702168123841386949640192.000000
22 16 -18567166724865736782643200.000000
22 17 -18447323993226368860028928.000000
22 18 -80873532838426688941457408.000000
22 19 -73199415214288428253315072.000000
22 20 -140931971801636367499264000.000000
22 21 -160093960706687896414846976.000000
22 22 -133242621778579241148874752.000000
22 23 -27577803991533466400325632.000000
22 24 0.000000
22 25 0.000000
22 26 0.000000
22 27 0.000000
22 28 0.000000
22 29 0.000000
22 30 0.000000
22 31 0.000000
23 0 0.000000
23 1 0.000000
23 2 0.000000
23 3 0.000000
23 4 0.000000
23 5 0.000000
23 6 0.000000
23 7 0.000000
23 8 -8589366666413415373733888.000000
23 9 91900701297785079544676352.000000
23 10 23183268432655768910561280.000000
23 11 165520365623874740375519232.000000
23 12 97948355661886313784672256.000000
23 13 17436328278758129353621504.000000
23 14 -6824939054527610582204416.000000
23 15 -16419326996172392781316096.000000
23 16 -18517782485137407099273216.000000
23 17 -23059481556549140964442112.000000
23 18 -83571286148858379172315136.000000
23 19 -73878836468639261603659776.000000
23 20 -144379557588548240438984704.000000
23 21 -207290176780202668739002368.000000
23 22 -70916017280926420398243840.000000
23 23 -36873953045445044816838656.000000
23 24 0.000000
23 25 0.000000
23 26 0.000000
23 27 0.000000
23 28 0.000000
23 29 0.000000
23 30 0.000000
23 31 0.000000
24 0 0.000000
24 1 0.000000
24 2 0.000000
24 3 0.000000
24 4 0.000000
24 5 0.000000
24 6 0.000000
24 7 0.000000
24 8 0.000000
24 9 0.000000
24 10 0.000000
24 11 0.000000
24 12 0.000000
24 13 0.000000
24 14 0.000000
24 15 0.000000
24 16 0.000000
24 17 0.000000
24 18 0.000000
24 19 0.000000
24 20 0.000000
24 21 0.000000
24 22 0.000000
24 23 0.000000
24 24 0.000000
24 25 0.000000
24 26 0.000000
24 27 0.000000
24 28 0.000000
24 29 0.000000
24 30 0.000000
24 31 0.000000
25 0 0.000000
25 1 0.000000
25 2 0.000000
25 3 0.000000
25 4 0.000000
25 5 0.000000
25 6 0.000000
25 7 0.000000
25 8 0.000000
25 9 0.000000
25 10 0.000000
25 11 0.000000
25 12 0.000000
25 13 0.000000
25 14 0.000000
25 15 0.000000
25 16 0.000000
25 17 0.000000
25 18 0.000000
25 19 0.000000
25 20 0.000000
25 21 0.000000
25 22 0.000000
25 23 0.000000
25 24 0.000000
25 25 0.000000
25 26 0.000000
25 27 0.000000
25 28 0.000000
25 29 0.000000
25 30 0.000000
25 31 0.000000
26 0 0.000000
26 1 0.000000
26 2 0.000000
26 3 0.000000
26 4 0.000000
26 5 0.000000
26 6 0.000000
26 7 0.000000
26 8 0.000000
26 9 0.000000
26 10 0.000000
26 11 0.000000
26 12 0.000000
26 13 0.000000
26 14 0.000000
26 15 0.000000
26 16 0.000000
26 17 0.000000
26 18 0.000000
26 19 0.000000
26 20 0.000000
26 21 0.000000
26 22 0.000000
26 23 0.000000
26 24 0.000000
26 25 0.000000
26 26 0.000000
26 27 0.000000
26 28 0.000000
26 29 0.000000
26 30 0.000000
26 31 0.000000
27 0 0.000000
27 1 0.000000
27 2 0.000000
27 3 0.000000
27 4 0.000000
27 5 0.000000
27 6 0.000000
27 7 0.000000
27 8 0.000000
27 9 0.000000
27 10 0.000000
27 11 0.000000
27 12 0.000000
27 13 0.000000
27 14 0.000000
27 15 0.000000
27 16 0.000000
27 17 0.000000
27 18 0.000000
27 19 0.000000
27 20 0.000000
27 21 0.000000
27 22 0.000000
27 23 0.000000
27 24 0.000000
27 25 0.000000
27 26 0.000000
27 27 0.000000
27 28 0.000000
27 29 0.000000
27 30 0.000000
27 31 0.000000
28 0 0.000000
28 1 0.000000
28 2 0.000000
28 3 0.000000
28 4 0.000000
28 5 0.000000
28 6 0.000000
28 7 0.000000
28 8 0.000000
28 9 0.000000
28 10 0.000000
28 11 0.000000
28 12 0.000000
28 13 0.000000
28 14 0.000000
28 15 0.000000
28 16 0.000000
28 17 0.000000
28 18 0.000000
28 19 0.000000
28 20 0.000000
28 21 0.000000
28 22 0.000000
28 23 0.000000
28 24 0.000000
28 25 0.000000
28 26 0.000000
28 27 0.000000
28 28 0.000000
28 29 0.000000
28 30 0.000000
28 31 0.000000
29 0 0.000000
29 1 0.000000
29 2 0.000000
29 3 0.000000
29 4 0.000000
29 5 0.000000
29 6 0.000000
29 7 0.000000
29 8 0.000000
29 9 0.000000
29 10 0.000000
29 11 0.000000
29 12 0.000000
29 13 0.000000
29 14 0.000000
29 15 0.000000
29 16 0.000000
29 17 0.000000
29 18 0.000000
29 19 0.000000
29 20 0.000000
29 21 0.000000
29 22 0.000000
29 23 0.000000
29 24 0.000000
29 25 0.000000
29 26 0.000000
29 27 0.000000
29 28 0.000000
29 29 0.000000
29 30 0.000000
29 31 0.000000
30 0 0.000000
30 1 0.000000
30 2 0.000000
30 3 0.000000
30 4 0.000000
30 5 0.000000
30 6 0.000000
30 7 0.000000
30 8 0.000000
30 9 0.000000
30 10 0.000000
30 11 0.000000
30 12 0.000000
30 13 0.000000
30 14 0.000000
30 15 0.000000
30 16 0.000000
30 17 0.000000
30 18 0.000000
30 19 0.000000
30 20 0.000000
30 21 0.000000
30 22 0.000000
30 23 0.000000
30 24 0.000000
30 25 0.000000
30 26 0.000000
30 27 0.000000
30 28 0.000000
30 29 0.000000
30 30 0.000000
30 31 0.000000
31 0 0.000000
31 1 0.000000
31 2 0.000000
31 3 0.000000
31 4 0.000000
31 5 0.000000
31 6 0.000000
31 7 0.000000
31 8 0.000000
31 9 0.000000
31 10 0.000000
31 11 0.000000
31 12 0.000000
31 13 0.000000
31 14 0.000000
31 15 0.000000
31 16 0.000000
31 17 0.000000
31 18 0.000000
31 19 0.000000
31 20 0.000000
31 21 0.000000
31 22 0.000000
31 23 0.000000
31 24 0.000000
31 25 0.000000
31 26 0.000000
31 27 0.000000
31 28 0.000000
31 29 0.000000
31 30 0.000000
31 31 0.000000
