0 0 2.699997
0 1 3.050001
0 2 3.050001
0 3 3.050001
0 4 3.050001
0 5 3.050001
0 6 3.050001
0 7 3.050001
0 8 3.050001
0 9 3.050001
0 10 3.050001
0 11 3.050001
0 12 3.050001
0 13 3.050001
0 14 3.050001
0 15 3.050001
0 16 3.050001
0 17 3.050000
0 18 3.050001
0 19 3.050001
0 20 3.050001
0 21 3.050000
0 22 3.050000
0 23 3.050001
0 24 3.050001
0 25 3.050001
0 26 3.050001
0 27 3.050001
0 28 3.050000
0 29 3.050001
0 30 3.050000
0 31 3.050001
1 0 4.266548
1 1 4.283519
1 2 4.346282
1 3 4.357595
1 4 4.422297
1 5 4.439267
1 6 4.456239
1 7 4.473208
1 8 4.490179
1 9 4.607151
1 10 4.624121
1 11 4.641090
1 12 4.658062
1 13 4.675032
1 14 4.740624
1 15 4.751939
1 16 4.813812
1 17 4.830783
1 18 4.847754
1 19 4.864725
1 20 4.881695
1 21 4.898666
1 22 5.015635
1 23 5.032606
1 24 5.049578
1 25 5.066547
1 26 5.083518
1 27 5.146281
1 28 5.157597
1 29 5.222298
1 30 5.239268
1 31 5.256238
2 0 3.080669
2 1 3.020734
2 2 3.009419
2 3 2.998106
2 4 2.986792
2 5 2.975478
2 6 2.917438
2 7 2.911782
2 8 2.906124
2 9 2.900467
2 10 2.894810
2 11 2.889153
2 12 2.883497
2 13 2.826390
2 14 2.815076
2 15 2.803763
2 16 2.792449
2 17 2.781135
2 18 2.669821
2 19 2.658508
2 20 2.647193
2 21 2.635880
2 22 2.624566
2 23 2.613252
2 24 2.601939
2 25 2.590625
2 26 2.525033
2 27 2.508062
2 28 2.491092
2 29 2.474121
2 30 2.457151
2 31 2.340180
3 0 0.000000
3 1 0.000000
3 2 0.000000
3 3 0.000000
3 4 0.000000
3 5 0.000000
3 6 0.000000
3 7 0.000000
3 8 0.000000
3 9 0.000000
3 10 0.000000
3 11 0.000000
3 12 0.000000
3 13 0.000000
3 14 0.000000
3 15 0.000000
3 16 0.000000
3 17 0.000000
3 18 0.000000
3 19 0.000000
3 20 0.000000
3 21 0.000000
3 22 0.000000
3 23 0.000000
3 24 0.000000
3 25 0.000000
3 26 0.000000
3 27 0.000000
3 28 0.000000
3 29 0.000000
3 30 0.000000
3 31 0.000000
4 0 0.000000
4 1 0.000000
4 2 0.000000
4 3 0.000000
4 4 0.000000
4 5 0.000000
4 6 0.000000
4 7 0.000000
4 8 0.000000
4 9 0.000000
4 10 0.000000
4 11 0.000000
4 12 0.000000
4 13 0.000000
4 14 0.000000
4 15 0.000000
4 16 0.000000
4 17 0.000000
4 18 0.000000
4 19 0.000000
4 20 0.000000
4 21 0.000000
4 22 0.000000
4 23 0.000000
4 24 0.000000
4 25 0.000000
4 26 0.000000
4 27 0.000000
4 28 0.000000
4 29 0.000000
4 30 0.000000
4 31 0.000000
5 0 0.000000
5 1 0.000000
5 2 0.000000
5 3 0.000000
5 4 0.000000
5 5 0.000000
5 6 0.000000
5 7 0.000000
5 8 0.000000
5 9 0.000000
5 10 0.000000
5 11 0.000000
5 12 0.000000
5 13 0.000000
5 14 0.000000
5 15 0.000000
5 16 0.000000
5 17 0.000000
5 18 0.000000
5 19 0.000000
5 20 0.000000
5 21 0.000000
5 22 0.000000
5 23 0.000000
5 24 0.000000
5 25 0.000000
5 26 0.000000
5 27 0.000000
5 28 0.000000
5 29 0.000000
5 30 0.000000
5 31 0.000000
6 0 0.000000
6 1 0.000000
6 2 0.000000
6 3 0.000000
6 4 0.000000
6 5 0.000000
6 6 0.000000
6 7 0.000000
6 8 0.000000
6 9 0.000000
6 10 0.000000
6 11 0.000000
6 12 0.000000
6 13 0.000000
6 14 0.000000
6 15 0.000000
6 16 0.000000
6 17 0.000000
6 18 0.000000
6 19 0.000000
6 20 0.000000
6 21 0.000000
6 22 0.000000
6 23 0.000000
6 24 0.000000
6 25 0.000000
6 26 0.000000
6 27 0.000000
6 28 0.000000
6 29 0.000000
6 30 0.000000
6 31 0.000000
7 0 0.000000
7 1 0.000000
7 2 0.000000
7 3 0.000000
7 4 0.000000
7 5 0.000000
7 6 0.000000
7 7 0.000000
7 8 0.000000
7 9 0.000000
7 10 0.000000
7 11 0.000000
7 12 0.000000
7 13 0.000000
7 14 0.000000
7 15 0.000000
7 16 0.000000
7 17 0.000000
7 18 0.000000
7 19 0.000000
7 20 0.000000
7 21 0.000000
7 22 0.000000
7 23 0.000000
7 24 0.000000
7 25 0.000000
7 26 0.000000
7 27 0.000000
7 28 0.000000
7 29 0.000000
7 30 0.000000
7 31 0.000000
8 0 0.000000
8 1 0.000000
8 2 0.000000
8 3 0.000000
8 4 0.000000
8 5 0.000000
8 6 0.000000
8 7 0.000000
8 8 86589856008847989070102528.000000
8 9 4348758522306906478870528.000000
8 10 -5042023193393930392567808.000000
8 11 380156257255157437082632192.000000
8 12 -3631445638016040647524352.000000
8 13 5204972507169043716767744.000000
8 14 -3090478438923067398815744.000000
8 15 -9607232640127607081271296.000000
8 16 -9281027335457155011575808.000000
8 17 -7216489644236169524805632.000000
8 18 -8671214869868464654254080.000000
8 19 -37709770407738806173171712.000000
8 20 -10185708699221083337785344.000000
8 21 375421568347246553888456704.000000
8 22 -49979866647725691082113024.000000
8 23 -27932089852370122834968576.000000
8 24 0.000000
8 25 0.000000
8 26 0.000000
8 27 0.000000
8 28 0.000000
8 29 0.000000
8 30 0.000000
8 31 0.000000
9 0 0.000000
9 1 0.000000
9 2 0.000000
9 3 0.000000
9 4 0.000000
9 5 0.000000
9 6 0.000000
9 7 0.000000
9 8 48763709704434167763173376.000000
9 9 3005836706662355728072704.000000
9 10 23527599969221649828413440.000000
9 11 16242162160245477033902080.000000
9 12 14160819485173342145609728.000000
9 13 1640801568329069500563456.000000
9 14 -768628699884976210968576.000000
9 15 -6626957067913513605791744.000000
9 16 -6471675835065540420829184.000000
9 17 -5253456315202275452649472.000000
9 18 -5469793388630465736343552.000000
9 19 -17092414099776916114374656.000000
9 20 -30897041944866486707290112.000000
9 21 -15424189717000020455063552.000000
9 22 -23985272913062420658782208.000000
9 23 -13853964815036211395559424.000000
9 24 0.000000
9 25 0.000000
9 26 0.000000
9 27 0.000000
9 28 0.000000
9 29 0.000000
9 30 0.000000
9 31 0.000000
10 0 0.000000
10 1 0.000000
10 2 0.000000
10 3 0.000000
10 4 0.000000
10 5 0.000000
10 6 0.000000
10 7 0.000000
10 8 48684960553983501687324672.000000
10 9 2913547357831210689626112.000000
10 10 20269872684002414021312512.000000
10 11 19492024214960284930932736.000000
10 12 5999967224827685835374592.000000
10 13 776980751494724362174464.000000
10 14 -2420041037166506751819776.000000
10 15 -6719280716159420697935872.000000
10 16 -5706546972522986369712128.000000
10 17 -6237314563295078994935808.000000
10 18 -4894357007083885431881728.000000
10 19 -15742935619535666224824320.000000
10 20 -18052849594582126953496576.000000
10 21 -35360561409050830279016448.000000
10 22 -26041905021526316995837952.000000
10 23 -13623450842326623018024960.000000
10 24 0.000000
10 25 0.000000
10 26 0.000000
10 27 0.000000
10 28 0.000000
10 29 0.000000
10 30 0.000000
10 31 0.000000
11 0 0.000000
11 1 0.000000
11 2 0.000000
11 3 0.000000
11 4 0.000000
11 5 0.000000
11 6 0.000000
11 7 0.000000
11 8 400580381613104210374557696.000000
11 9 17514112433909439498551296.000000
11 10 17466645502643271001702400.000000
11 11 9295543770121659821850624.000000
11 12 4333135571228355247210496.000000
11 13 1363179222941245355589632.000000
11 14 -2281909655814748491481088.000000
11 15 -6709950698883389788782592.000000
11 16 -5255541950204109238829056.000000
11 17 -5889347288764420385144832.000000
11 18 -4968441437126912204865536.000000
11 19 -16591867463944330465509376.000000
11 20 -15080613344019657021980672.000000
11 21 -28837698165023755066146816.000000
11 22 -36448451223268823444488192.000000
11 23 -21879886060011709976805376.000000
11 24 0.000000
11 25 0.000000
11 26 0.000000
11 27 0.000000
11 28 0.000000
11 29 0.000000
11 30 0.000000
11 31 0.000000
12 0 0.000000
12 1 0.000000
12 2 0.000000
12 3 0.000000
12 4 0.000000
12 5 0.000000
12 6 0.000000
12 7 0.000000
12 8 69910941818384337051058176.000000
12 9 23078899060529729481211904.000000
12 10 7501843481233887185600512.000000
12 11 7925853422983147297964032.000000
12 12 4081856329299292948791296.000000
12 13 2055045832588745391472640.000000
12 14 -1938777157613658694483968.000000
12 15 -6449166772070348643893248.000000
12 16 -6051502239622859591778304.000000
12 17 -5699713606765181587685376.000000
12 18 -4272192140494837316059136.000000
12 19 -17443199690925586161598464.000000
12 20 -14456240632749286794199040.000000
12 21 -30022474890802889224093696.000000
12 22 -27625308969209286923124736.000000
12 23 -19837882219598265314181120.000000
12 24 0.000000
12 25 0.000000
12 26 0.000000
12 27 0.000000
12 28 0.000000
12 29 0.000000
12 30 0.000000
12 31 0.000000
13 0 0.000000
13 1 0.000000
13 2 0.000000
13 3 0.000000
13 4 0.000000
13 5 0.000000
13 6 0.000000
13 7 0.000000
13 8 76771313609513029861376000.000000
13 9 17188870971616838752927744.000000
13 10 9319841590831249121869824.000000
13 11 7251284815245204166541312.000000
13 12 4226916336548174131888128.000000
13 13 2295589790042849110130688.000000
13 14 -2838891943413027375677440.000000
13 15 -4467206507156076268355584.000000
13 16 -4786809030369644925419520.000000
13 17 -5343121326458559155666944.000000
13 18 -7311215980897677286047744.000000
13 19 -18471868539137944025300992.000000
13 20 -18103013209247570865422336.000000
13 21 -32409220707837854842093568.000000
13 22 -19382660386876288640483328.000000
13 23 -9596666690998637632159744.000000
13 24 0.000000
13 25 0.000000
13 26 0.000000
13 27 0.000000
13 28 0.000000
13 29 0.000000
13 30 0.000000
13 31 0.000000
14 0 0.000000
14 1 0.000000
14 2 0.000000
14 3 0.000000
14 4 0.000000
14 5 0.000000
14 6 0.000000
14 7 0.000000
14 8 66778850695365118572625920.000000
14 9 16037557792508918328459264.000000
14 10 9876083558708382334451712.000000
14 11 7950057280590111139954688.000000
14 12 4062992515871291870281728.000000
14 13 2250052849375392475119616.000000
14 14 -3021505198140338930188288.000000
14 15 -4184302628355648157384704.000000
14 16 -4492813758464522794827776.000000
14 17 -4881242524968982547529728.000000
14 18 -8722413808045045514764288.000000
14 19 -17956569119732409162530816.000000
14 20 -17630962181322848046415872.000000
14 21 -30953615803097544688402432.000000
14 22 -18872974542276684515639296.000000
14 23 -8507949655601089053982720.000000
14 24 0.000000
14 25 0.000000
14 26 0.000000
14 27 0.000000
14 28 0.000000
14 29 0.000000
14 30 0.000000
14 31 0.000000
15 0 0.000000
15 1 0.000000
15 2 0.000000
15 3 0.000000
15 4 0.000000
15 5 0.000000
15 6 0.000000
15 7 0.000000
15 8 89762068800227525823299584.000000
15 9 17244106287981048184700928.000000
15 10 10291673714709498643349504.000000
15 11 7515151654161564020244480.000000
15 12 4004538819126972425175040.000000
15 13 2969907349123164100624384.000000
15 14 -2644876295005154104573952.000000
15 15 -4066278342159421384163328.000000
15 16 -4818332210148605335437312.000000
15 17 -3956385323104810550951936.000000
15 18 -9590453020549559030382592.000000
15 19 -17841059067107353770852352.000000
15 20 -17639440766067726799077376.000000
15 21 -30366841015013908347355136.000000
15 22 -18466429055479208921268224.000000
15 23 -8311023745085211949400064.000000
15 24 0.000000
15 25 0.000000
15 26 0.000000
15 27 0.000000
15 28 0.000000
15 29 0.000000
15 30 0.000000
15 31 0.000000
16 0 0.000000
16 1 0.000000
16 2 0.000000
16 3 0.000000
16 4 0.000000
16 5 0.000000
16 6 0.000000
16 7 0.000000
16 8 2057684273852372582460817408.000000
16 9 20889385831130866389090304.000000
16 10 10539657906978394573111296.000000
16 11 6752097473866549990260736.000000
16 12 4813674695500369825366016.000000
16 13 2579845757537804900892672.000000
16 14 -2753380043646713687179264.000000
16 15 -3077212059399932562374656.000000
16 16 -4692721412221689357402112.000000
16 17 -4618522842949706506567680.000000
16 18 -9827528269541864974057472.000000
16 19 -16556960459549348959617024.000000
16 20 -19113747210534264617566208.000000
16 21 -30023019069753063655866368.000000
16 22 -17666125134291852272336896.000000
16 23 -8393852508279929353273344.000000
16 24 0.000000
16 25 0.000000
16 26 0.000000
16 27 0.000000
16 28 0.000000
16 29 0.000000
16 30 0.000000
16 31 0.000000
17 0 0.000000
17 1 0.000000
17 2 0.000000
17 3 0.000000
17 4 0.000000
17 5 0.000000
17 6 0.000000
17 7 0.000000
17 8 6141994472058698707501056.000000
17 9 20786084064318092900040704.000000
17 10 11006337473613154092056576.000000
17 11 7836165353296771458007040.000000
17 12 5323157914145539296854016.000000
17 13 1972242577782317414088704.000000
17 14 -2559684907417121119535104.000000
17 15 -2961903191577431065493504.000000
17 16 -5077781053859311751528448.000000
17 17 -4376208430410090898522112.000000
17 18 -10838473255463901779197952.000000
17 19 -15675316773290474649681920.000000
17 20 -20180689593935055980331008.000000
17 21 -29582974295717731515760640.000000
17 22 -17125137470842172252094464.000000
17 23 -8010082409345209717489664.000000
17 24 0.000000
17 25 0.000000
17 26 0.000000
17 27 0.000000
17 28 0.000000
17 29 0.000000
17 30 0.000000
17 31 0.000000
18 0 0.000000
18 1 0.000000
18 2 0.000000
18 3 0.000000
18 4 0.000000
18 5 0.000000
18 6 0.000000
18 7 0.000000
18 8 7322902569729124590419968.000000
18 9 21270108182068157824892928.000000
18 10 11729396806913356600442880.000000
18 11 7590979301519556345856000.000000
18 12 4395868912597775308292096.000000
18 13 1704154605007215741894656.000000
18 14 -2122311164277586892161024.000000
18 15 -3436433577197810908921856.000000
18 16 -4654021584306927476670464.000000
18 17 -2791687590019533088227328.000000
18 18 -11812757643382450064195584.000000
18 19 -15232470399998947871424512.000000
18 20 -20481904172071650034974720.000000
18 21 -28974679074829103769059328.000000
18 22 -16572504147274458470547456.000000
18 23 -7689189766967985998659584.000000
18 24 0.000000
18 25 0.000000
18 26 0.000000
18 27 0.000000
18 28 0.000000
18 29 0.000000
18 30 0.000000
18 31 0.000000
19 0 0.000000
19 1 0.000000
19 2 0.000000
19 3 0.000000
19 4 0.000000
19 5 0.000000
19 6 0.000000
19 7 0.000000
19 8 17874252830146489502138368.000000
19 9 23960309856644673208057856.000000
19 10 12300641742329938712723456.000000
19 11 6721634981871827879460864.000000
19 12 4860020698833684315242496.000000
19 13 1777448130898082217852928.000000
19 14 -1765381654430866957402112.000000
19 15 -3416050213226738006097920.000000
19 16 -4395530818366549350416384.000000
19 17 -3145943186666693593137152.000000
19 18 -12643669324674109286645760.000000
19 19 -14180480255591402707091456.000000
19 20 -21792579926153851882700800.000000
19 21 -28071360464283620735975424.000000
19 22 -15827653444615681947467776.000000
19 23 -8054339030681800448933888.000000
19 24 0.000000
19 25 0.000000
19 26 0.000000
19 27 0.000000
19 28 0.000000
19 29 0.000000
19 30 0.000000
19 31 0.000000
20 0 0.000000
20 1 0.000000
20 2 0.000000
20 3 0.000000
20 4 0.000000
20 5 0.000000
20 6 0.000000
20 7 0.000000
20 8 25323706405289536954302464.000000
20 9 35147111827530927843573760.000000
20 10 13200439330600352435142656.000000
20 11 6965937895776514146828288.000000
20 12 4507463932023561999351808.000000
20 13 985185765147764288651264.000000
20 14 -883655822514789409619968.000000
20 15 -2319480485346124117311488.000000
20 16 -4331741689129285569216512.000000
20 17 -3852610570244772102930432.000000
20 18 -12801764838914827785076736.000000
20 19 -13301005214682693876318208.000000
20 20 -22760192357325240344248320.000000
20 21 -27448596078512177059725312.000000
20 22 -15496582811195788983533568.000000
20 23 -11895542019099240104460288.000000
20 24 0.000000
20 25 0.000000
20 26 0.000000
20 27 0.000000
20 28 0.000000
20 29 0.000000
20 30 0.000000
20 31 0.000000
21 0 0.000000
21 1 0.000000
21 2 0.000000
21 3 0.000000
21 4 0.000000
21 5 0.000000
21 6 0.000000
21 7 0.000000
21 8 1010700501999455895598137344.000000
21 9 37820448566338054269173760.000000
21 10 24656374685836011001348096.000000
21 11 8699464329035093922283520.000000
21 12 3845910943381501715152896.000000
21 13 996326950049938516475904.000000
21 14 -315277049958659918921728.000000
21 15 -2922671002157916973170688.000000
21 16 -3887295637250116790779904.000000
21 17 -3436536763672473221726208.000000
21 18 -13939200301871795592495104.000000
21 19 -12672364388002269101031424.000000
21 20 -23483569896960714342400000.000000
21 21 -27166100333924379772583936.000000
21 22 -18672058370433363113672704.000000
21 23 -7159723824574594503671808.000000
21 24 0.000000
21 25 0.000000
21 26 0.000000
21 27 0.000000
21 28 0.000000
21 29 0.000000
21 30 0.000000
21 31 0.000000
22 0 0.000000
22 1 0.000000
22 2 0.000000
22 3 0.000000
22 4 0.000000
22 5 0.000000
22 6 0.000000
22 7 0.000000
22 8 -1480815839281548076515328.000000
22 9 15356045138548728157700096.000000
22 10 43490901601777066384031744.000000
22 11 19587361600019234321072128.000000
22 12 4809752744772073483665408.000000
22 13 2219850341179959208312832.000000
22 14 -726221508756962937929728.000000
22 15 -3895600707308552212971520.000000
22 16 -3186051308199332737449984.000000
22 17 -3165487223782412711362560.000000
22 18 -13877573188686045801086976.000000
22 19 -12560728151632692715192320.000000
22 20 -24183363274297950678810624.000000
22 21 -27471483876221632185892864.000000
22 22 -22863902258350644657127424.000000
22 23 -4732240967326226706333696.000000
22 24 0.000000
22 25 0.000000
22 26 0.000000
22 27 0.000000
22 28 0.000000
22 29 0.000000
22 30 0.000000
22 31 0.000000
23 0 0.000000
23 1 0.000000
23 2 0.000000
23 3 0.000000
23 4 0.000000
23 5 0.000000
23 6 0.000000
23 7 0.000000
23 8 -1473901048442480435920896.000000
23 9 15769792925985482725130240.000000
23 10 3978156804567430097534976.000000
23 11 28402631706045315291283456.000000
23 12 16807547948575647149850624.000000
23 13 2992005395601963536613376.000000
23 14 -1171131899772112123985920.000000
23 15 -2817489973292634323550208.000000
23 16 -3177577623370848563888128.000000
23 17 -3956915955227305852272640.000000
23 18 -14340498842901805426278400.000000
23 19 -12677313880021546295099392.000000
23 20 -24774952662584825212829696.000000
23 21 -35570164844431364272947200.000000
23 22 -12168904319527541949857792.000000
23 23 -6327422296409131727192064.000000
23 24 0.000000
23 25 0.000000
23 26 0.000000
23 27 0.000000
23 28 0.000000
23 29 0.000000
23 30 0.000000
23 31 0.000000
24 0 0.000000
24 1 0.000000
24 2 0.000000
24 3 0.000000
24 4 0.000000
24 5 0.000000
24 6 0.000000
24 7 0.000000
24 8 0.000000
24 9 0.000000
24 10 0.000000
24 11 0.000000
24 12 0.000000
24 13 0.000000
24 14 0.000000
24 15 0.000000
24 16 0.000000
24 17 0.000000
24 18 0.000000
24 19 0.000000
24 20 0.000000
24 21 0.000000
24 22 0.000000
24 23 0.000000
24 24 0.000000
24 25 0.000000
24 26 0.000000
24 27 0.000000
24 28 0.000000
24 29 0.000000
24 30 0.000000
24 31 0.000000
25 0 0.000000
25 1 0.000000
25 2 0.000000
25 3 0.000000
25 4 0.000000
25 5 0.000000
25 6 0.000000
25 7 0.000000
25 8 0.000000
25 9 0.000000
25 10 0.000000
25 11 0.000000
25 12 0.000000
25 13 0.000000
25 14 0.000000
25 15 0.000000
25 16 0.000000
25 17 0.000000
25 18 0.000000
25 19 0.000000
25 20 0.000000
25 21 0.000000
25 22 0.000000
25 23 0.000000
25 24 0.000000
25 25 0.000000
25 26 0.000000
25 27 0.000000
25 28 0.000000
25 29 0.000000
25 30 0.000000
25 31 0.000000
26 0 0.000000
26 1 0.000000
26 2 0.000000
26 3 0.000000
26 4 0.000000
26 5 0.000000
26 6 0.000000
26 7 0.000000
26 8 0.000000
26 9 0.000000
26 10 0.000000
26 11 0.000000
26 12 0.000000
26 13 0.000000
26 14 0.000000
26 15 0.000000
26 16 0.000000
26 17 0.000000
26 18 0.000000
26 19 0.000000
26 20 0.000000
26 21 0.000000
26 22 0.000000
26 23 0.000000
26 24 0.000000
26 25 0.000000
26 26 0.000000
26 27 0.000000
26 28 0.000000
26 29 0.000000
26 30 0.000000
26 31 0.000000
27 0 0.000000
27 1 0.000000
27 2 0.000000
27 3 0.000000
27 4 0.000000
27 5 0.000000
27 6 0.000000
27 7 0.000000
27 8 0.000000
27 9 0.000000
27 10 0.000000
27 11 0.000000
27 12 0.000000
27 13 0.000000
27 14 0.000000
27 15 0.000000
27 16 0.000000
27 17 0.000000
27 18 0.000000
27 19 0.000000
27 20 0.000000
27 21 0.000000
27 22 0.000000
27 23 0.000000
27 24 0.000000
27 25 0.000000
27 26 0.000000
27 27 0.000000
27 28 0.000000
27 29 0.000000
27 30 0.000000
27 31 0.000000
28 0 0.000000
28 1 0.000000
28 2 0.000000
28 3 0.000000
28 4 0.000000
28 5 0.000000
28 6 0.000000
28 7 0.000000
28 8 0.000000
28 9 0.000000
28 10 0.000000
28 11 0.000000
28 12 0.000000
28 13 0.000000
28 14 0.000000
28 15 0.000000
28 16 0.000000
28 17 0.000000
28 18 0.000000
28 19 0.000000
28 20 0.000000
28 21 0.000000
28 22 0.000000
28 23 0.000000
28 24 0.000000
28 25 0.000000
28 26 0.000000
28 27 0.000000
28 28 0.000000
28 29 0.000000
28 30 0.000000
28 31 0.000000
29 0 0.000000
29 1 0.000000
29 2 0.000000
29 3 0.000000
29 4 0.000000
29 5 0.000000
29 6 0.000000
29 7 0.000000
29 8 0.000000
29 9 0.000000
29 10 0.000000
29 11 0.000000
29 12 0.000000
29 13 0.000000
29 14 0.000000
29 15 0.000000
29 16 0.000000
29 17 0.000000
29 18 0.000000
29 19 0.000000
29 20 0.000000
29 21 0.000000
29 22 0.000000
29 23 0.000000
29 24 0.000000
29 25 0.000000
29 26 0.000000
29 27 0.000000
29 28 0.000000
29 29 0.000000
29 30 0.000000
29 31 0.000000
30 0 0.000000
30 1 0.000000
30 2 0.000000
30 3 0.000000
30 4 0.000000
30 5 0.000000
30 6 0.000000
30 7 0.000000
30 8 0.000000
30 9 0.000000
30 10 0.000000
30 11 0.000000
30 12 0.000000
30 13 0.000000
30 14 0.000000
30 15 0.000000
30 16 0.000000
30 17 0.000000
30 18 0.000000
30 19 0.000000
30 20 0.000000
30 21 0.000000
30 22 0.000000
30 23 0.000000
30 24 0.000000
30 25 0.000000
30 26 0.000000
30 27 0.000000
30 28 0.000000
30 29 0.000000
30 30 0.000000
30 31 0.000000
31 0 0.000000
31 1 0.000000
31 2 0.000000
31 3 0.000000
31 4 0.000000
31 5 0.000000
31 6 0.000000
31 7 0.000000
31 8 0.000000
31 9 0.000000
31 10 0.000000
31 11 0.000000
31 12 0.000000
31 13 0.000000
31 14 0.000000
31 15 0.000000
31 16 0.000000
31 17 0.000000
31 18 0.000000
31 19 0.000000
31 20 0.000000
31 21 0.000000
31 22 0.000000
31 23 0.000000
31 24 0.000000
31 25 0.000000
31 26 0.000000
31 27 0.000000
31 28 0.000000
31 29 0.000000
31 30 0.000000
31 31 0.000000
