0 0 2.699997
0 1 3.050001
0 2 3.050001
0 3 3.050001
0 4 3.050001
0 5 3.050001
0 6 3.050001
0 7 3.050001
0 8 3.050001
0 9 3.050001
0 10 3.050001
0 11 3.050001
0 12 3.050001
0 13 3.050001
0 14 3.050001
0 15 3.050001
0 16 3.050001
0 17 3.050000
0 18 3.050001
0 19 3.050001
0 20 3.050001
0 21 3.050000
0 22 3.050000
0 23 3.050001
0 24 3.050001
0 25 3.050001
0 26 3.050001
0 27 3.050001
0 28 3.050000
0 29 3.050001
0 30 3.050000
0 31 3.050001
1 0 4.266548
1 1 4.283519
1 2 4.346282
1 3 4.357595
1 4 4.422297
1 5 4.439267
1 6 4.456239
1 7 4.473208
1 8 4.490179
1 9 4.607151
1 10 4.624121
1 11 4.641090
1 12 4.658062
1 13 4.675032
1 14 4.740624
1 15 4.751939
1 16 4.813812
1 17 4.830783
1 18 4.847754
1 19 4.864725
1 20 4.881695
1 21 4.898666
1 22 5.015635
1 23 5.032606
1 24 5.049578
1 25 5.066547
1 26 5.083518
1 27 5.146281
1 28 5.157597
1 29 5.222298
1 30 5.239268
1 31 5.256238
2 0 3.080669
2 1 3.020734
2 2 3.009419
2 3 2.998106
2 4 2.986792
2 5 2.975478
2 6 2.917438
2 7 2.911782
2 8 2.906124
2 9 2.900467
2 10 2.894810
2 11 2.889153
2 12 2.883497
2 13 2.826390
2 14 2.815076
2 15 2.803763
2 16 2.792449
2 17 2.781135
2 18 2.669821
2 19 2.658508
2 20 2.647193
2 21 2.635880
2 22 2.624566
2 23 2.613252
2 24 2.601939
2 25 2.590625
2 26 2.525033
2 27 2.508062
2 28 2.491092
2 29 2.474121
2 30 2.457151
2 31 2.340180
3 0 0.000000
3 1 0.000000
3 2 0.000000
3 3 0.000000
3 4 0.000000
3 5 0.000000
3 6 0.000000
3 7 0.000000
3 8 0.000000
3 9 0.000000
3 10 0.000000
3 11 0.000000
3 12 0.000000
3 13 0.000000
3 14 0.000000
3 15 0.000000
3 16 0.000000
3 17 0.000000
3 18 0.000000
3 19 0.000000
3 20 0.000000
3 21 0.000000
3 22 0.000000
3 23 0.000000
3 24 0.000000
3 25 0.000000
3 26 0.000000
3 27 0.000000
3 28 0.000000
3 29 0.000000
3 30 0.000000
3 31 0.000000
4 0 0.000000
4 1 0.000000
4 2 0.000000
4 3 0.000000
4 4 0.000000
4 5 0.000000
4 6 0.000000
4 7 0.000000
4 8 0.000000
4 9 0.000000
4 10 0.000000
4 11 0.000000
4 12 0.000000
4 13 0.000000
4 14 0.000000
4 15 0.000000
4 16 0.000000
4 17 0.000000
4 18 0.000000
4 19 0.000000
4 20 0.000000
4 21 0.000000
4 22 0.000000
4 23 0.000000
4 24 0.000000
4 25 0.000000
4 26 0.000000
4 27 0.000000
4 28 0.000000
4 29 0.000000
4 30 0.000000
4 31 0.000000
5 0 0.000000
5 1 0.000000
5 2 0.000000
5 3 0.000000
5 4 0.000000
5 5 0.000000
5 6 0.000000
5 7 0.000000
5 8 0.000000
5 9 0.000000
5 10 0.000000
5 11 0.000000
5 12 0.000000
5 13 0.000000
5 14 0.000000
5 15 0.000000
5 16 0.000000
5 17 0.000000
5 18 0.000000
5 19 0.000000
5 20 0.000000
5 21 0.000000
5 22 0.000000
5 23 0.000000
5 24 0.000000
5 25 0.000000
5 26 0.000000
5 27 0.000000
5 28 0.000000
5 29 0.000000
5 30 0.000000
5 31 0.000000
6 0 0.000000
6 1 0.000000
6 2 0.000000
6 3 0.000000
6 4 0.000000
6 5 0.000000
6 6 0.000000
6 7 0.000000
6 8 0.000000
6 9 0.000000
6 10 0.000000
6 11 0.000000
6 12 0.000000
6 13 0.000000
6 14 0.000000
6 15 0.000000
6 16 0.000000
6 17 0.000000
6 18 0.000000
6 19 0.000000
6 20 0.000000
6 21 0.000000
6 22 0.000000
6 23 0.000000
6 24 0.000000
6 25 0.000000
6 26 0.000000
6 27 0.000000
6 28 0.000000
6 29 0.000000
6 30 0.000000
6 31 0.000000
7 0 0.000000
7 1 0.000000
7 2 0.000000
7 3 0.000000
7 4 0.000000
7 5 0.000000
7 6 0.000000
7 7 0.000000
7 8 0.000000
7 9 0.000000
7 10 0.000000
7 11 0.000000
7 12 0.000000
7 13 0.000000
7 14 0.000000
7 15 0.000000
7 16 0.000000
7 17 0.000000
7 18 0.000000
7 19 0.000000
7 20 0.000000
7 21 0.000000
7 22 0.000000
7 23 0.000000
7 24 0.000000
7 25 0.000000
7 26 0.000000
7 27 0.000000
7 28 0.000000
7 29 0.000000
7 30 0.000000
7 31 0.000000
8 0 0.000000
8 1 0.000000
8 2 0.000000
8 3 0.000000
8 4 0.000000
8 5 0.000000
8 6 0.000000
8 7 0.000000
8 8 14858474193119532780879872.000000
8 9 746229812951068425846784.000000
8 10 -865190919927382300164096.000000
8 11 65233294854835382217867264.000000
8 12 -623141246988262039355392.000000
8 13 893152364890641970233344.000000
8 14 -530313952188826849902592.000000
8 15 -1648562747667706642694144.000000
8 16 -1592587111582351539306496.000000
8 17 -1238320706296085345206272.000000
8 18 -1487945649981224894070784.000000
8 19 -6470845731582223491006464.000000
8 20 -1747826406910594650210304.000000
8 21 64420844905596992436043776.000000
8 22 -8576346723861890250833920.000000
8 23 -4793035094724898050801664.000000
8 24 0.000000
8 25 0.000000
8 26 0.000000
8 27 0.000000
8 28 0.000000
8 29 0.000000
8 30 0.000000
8 31 0.000000
9 0 0.000000
9 1 0.000000
9 2 0.000000
9 3 0.000000
9 4 0.000000
9 5 0.000000
9 6 0.000000
9 7 0.000000
9 8 8367658131695261789978624.000000
9 9 515789591188977867554816.000000
9 10 4037241437605145639649280.000000
9 11 2787090027289537134198784.000000
9 12 2429940309435437291667456.000000
9 13 281554924611241081044992.000000
9 14 -131893607637473971666944.000000
9 15 -1137159266199020429639680.000000
9 16 -1110513953190863513321472.000000
9 17 -901471990583073053868032.000000
9 18 -938594693937126805864448.000000
9 19 -2932989937854524405317632.000000
9 20 -5301809266644734311399424.000000
9 21 -2646729039863057307664384.000000
9 22 -4115777009347083297095680.000000
9 23 -2377285231398537983426560.000000
9 24 0.000000
9 25 0.000000
9 26 0.000000
9 27 0.000000
9 28 0.000000
9 29 0.000000
9 30 0.000000
9 31 0.000000
10 0 0.000000
10 1 0.000000
10 2 0.000000
10 3 0.000000
10 4 0.000000
10 5 0.000000
10 6 0.000000
10 7 0.000000
10 8 8354145315200517239996416.000000
10 9 499953169488089274384384.000000
10 10 3478228711122066022072320.000000
10 11 3344753259151474437390336.000000
10 12 1029570360771366380109824.000000
10 13 133326680060501027717120.000000
10 14 -415269499707647529582592.000000
10 15 -1153001848824199265648640.000000
10 16 -979220909570898652037120.000000
10 17 -1070298105555137666744320.000000
10 18 -839852155214321093181440.000000
10 19 -2701424788963110735052800.000000
10 20 -3097797184634311663419392.000000
10 21 -6067731339182457873235968.000000
10 22 -4468686281907239156449280.000000
10 23 -2337729647496981670526976.000000
10 24 0.000000
10 25 0.000000
10 26 0.000000
10 27 0.000000
10 28 0.000000
10 29 0.000000
10 30 0.000000
10 31 0.000000
11 0 0.000000
11 1 0.000000
11 2 0.000000
11 3 0.000000
11 4 0.000000
11 5 0.000000
11 6 0.000000
11 7 0.000000
11 8 68737991761399459929391104.000000
11 9 3005351614939292397207552.000000
11 10 2997206800969997326745600.000000
11 11 1595077998493054632198144.000000
11 12 743548621934511165276160.000000
11 13 233915991868104050212864.000000
11 14 -391566658552029400530944.000000
11 15 -1151401017315052658622464.000000
11 16 -901830044767847517782016.000000
11 17 -1010588372889143099785216.000000
11 18 -852564772127274453434368.000000
11 19 -2847097862222066609029120.000000
11 20 -2587772669342729277276160.000000
11 21 -4948434213796717285867520.000000
11 22 -6254410083365389321895936.000000
11 23 -3754500985427995549237248.000000
11 24 0.000000
11 25 0.000000
11 26 0.000000
11 27 0.000000
11 28 0.000000
11 29 0.000000
11 30 0.000000
11 31 0.000000
12 0 0.000000
12 1 0.000000
12 2 0.000000
12 3 0.000000
12 4 0.000000
12 5 0.000000
12 6 0.000000
12 7 0.000000
12 8 11996438791653403710717952.000000
12 9 3960247033684491184898048.000000
12 10 1287286435518242743123968.000000
12 11 1360044573485407414517760.000000
12 12 700429934122967391797248.000000
12 13 352637579401835852070912.000000
12 14 -332686524966193497899008.000000
12 15 -1106651377920054424240128.000000
12 16 -1038413628999671086055424.000000
12 17 -978048244285525412806656.000000
12 18 -733091263599756873564160.000000
12 19 -2993182816688543279087616.000000
12 20 -2480632826841119594643456.000000
12 21 -5151736933154574861074432.000000
12 22 -4740392410594173266165760.000000
12 23 -3404101334752992644038656.000000
12 24 0.000000
12 25 0.000000
12 26 0.000000
12 27 0.000000
12 28 0.000000
12 29 0.000000
12 30 0.000000
12 31 0.000000
13 0 0.000000
13 1 0.000000
13 2 0.000000
13 3 0.000000
13 4 0.000000
13 5 0.000000
13 6 0.000000
13 7 0.000000
13 8 13173651199440812345655296.000000
13 9 2949541567205036452216832.000000
13 10 1599247683229653370142720.000000
13 11 1244291254422879978127360.000000
13 12 725321941752993445576704.000000
13 13 393913934677814903046144.000000
13 14 -487142518218447313174528.000000
13 15 -766554954386158682898432.000000
13 16 -821397340690079293636608.000000
13 17 -916858304522803730186240.000000
13 18 -1254575458359161129009152.000000
13 19 -3169698846038741523365888.000000
13 20 -3106404608357330231230464.000000
13 21 -5561293274461331236323328.000000
13 22 -3325987155820988789161984.000000
13 23 -1646749634486524299968512.000000
13 24 0.000000
13 25 0.000000
13 26 0.000000
13 27 0.000000
13 28 0.000000
13 29 0.000000
13 30 0.000000
13 31 0.000000
14 0 0.000000
14 1 0.000000
14 2 0.000000
14 3 0.000000
14 4 0.000000
14 5 0.000000
14 6 0.000000
14 7 0.000000
14 8 11458983679693839069609984.000000
14 9 2751980685170497126662144.000000
14 10 1694696181098609245159424.000000
14 11 1364197973205753580748800.000000
14 12 697193179056377706840064.000000
14 13 386100153295530073522176.000000
14 14 -518478240166518053666816.000000
14 15 -718009681225212594487296.000000
14 16 -770948882355403452579840.000000
14 17 -837601796552516603740160.000000
14 18 -1496731055961517143883776.000000
14 19 -3081275531242919394541568.000000
14 20 -3025402649286662376390656.000000
14 21 -5311516865713523962937344.000000
14 22 -3238526818711889529274368.000000
14 23 -1459930089764842740121600.000000
14 24 0.000000
14 25 0.000000
14 26 0.000000
14 27 0.000000
14 28 0.000000
14 29 0.000000
14 30 0.000000
14 31 0.000000
15 0 0.000000
15 1 0.000000
15 2 0.000000
15 3 0.000000
15 4 0.000000
15 5 0.000000
15 6 0.000000
15 7 0.000000
15 8 15402812246461600298434560.000000
15 9 2959020023124785492918272.000000
15 10 1766009996650877689004032.000000
15 11 1289569940673304679415808.000000
15 12 687162834023892176076800.000000
15 13 509624163299107658530816.000000
15 14 -453850216419464715436032.000000
15 15 -697757317960100644651008.000000
15 16 -826806560159318467936256.000000
15 17 -678900061773157017583616.000000
15 18 -1645683470325139118227456.000000
15 19 -3061454216505342329618432.000000
15 20 -3026857924455852368986112.000000
15 21 -5210828771951694195982336.000000
15 22 -3168765556080762280738816.000000
15 23 -1426138392810380282822656.000000
15 24 0.000000
15 25 0.000000
15 26 0.000000
15 27 0.000000
15 28 0.000000
15 29 0.000000
15 30 0.000000
15 31 0.000000
16 0 0.000000
16 1 0.000000
16 2 0.000000
16 3 0.000000
16 4 0.000000
16 5 0.000000
16 6 0.000000
16 7 0.000000
16 8 353090382693471539731365888.000000
16 9 3584535279606221106053120.000000
16 10 1808563032349223728185344.000000
16 11 1158632933625481220063232.000000
16 12 826007441441437847126016.000000
16 13 442691089176375043555328.000000
16 14 -472469178142924914819072.000000
16 15 -528037400591589573656576.000000
16 16 -805252260285129236152320.000000
16 17 -792520043706597559500800.000000
16 18 -1686364593845567865487360.000000
16 19 -2841108146775257887277056.000000
16 20 -3279842913750980497506304.000000
16 21 -5151830319796448015679488.000000
16 22 -3031436463981022310039552.000000
16 23 -1440351465003985416486912.000000
16 24 0.000000
16 25 0.000000
16 26 0.000000
16 27 0.000000
16 28 0.000000
16 29 0.000000
16 30 0.000000
16 31 0.000000
17 0 0.000000
17 1 0.000000
17 2 0.000000
17 3 0.000000
17 4 0.000000
17 5 0.000000
17 6 0.000000
17 7 0.000000
17 8 1053941752284468404551680.000000
17 9 3566809111472890833797120.000000
17 10 1888643230676958408867840.000000
17 11 1344654512550786765946880.000000
17 12 913432542387052560252928.000000
17 13 338428866692670013046784.000000
17 14 -439231748201802199203840.000000
17 15 -508250889671932827926528.000000
17 16 -871326912290088015626240.000000
17 17 -750939785527763547455488.000000
17 18 -1859838928036237095731200.000000
17 19 -2689821786940747427086336.000000
17 20 -3462926272221795493871616.000000
17 21 -5076320302312974876409856.000000
17 22 -2938604953812335901802496.000000
17 23 -1374498318043099227488256.000000
17 24 0.000000
17 25 0.000000
17 26 0.000000
17 27 0.000000
17 28 0.000000
17 29 0.000000
17 30 0.000000
17 31 0.000000
18 0 0.000000
18 1 0.000000
18 2 0.000000
18 3 0.000000
18 4 0.000000
18 5 0.000000
18 6 0.000000
18 7 0.000000
18 8 1256580532970860511756288.000000
18 9 3649865000204015786524672.000000
18 10 2012717616583797687451648.000000
18 11 1302581812774297554386944.000000
18 12 754313377965431257563136.000000
18 13 292426091694156683411456.000000
18 14 -364180161131598357463040.000000
18 15 -589678348835394647228416.000000
18 16 -798611504476187835498496.000000
18 17 -479042560101440852852736.000000
18 18 -2027022057806642913738752.000000
18 19 -2613831001189853232627712.000000
18 20 -3514613184425201202364416.000000
18 21 -4971939977432641682014208.000000
18 22 -2843775430676165827756032.000000
18 23 -1319434210522323912491008.000000
18 24 0.000000
18 25 0.000000
18 26 0.000000
18 27 0.000000
18 28 0.000000
18 29 0.000000
18 30 0.000000
18 31 0.000000
19 0 0.000000
19 1 0.000000
19 2 0.000000
19 3 0.000000
19 4 0.000000
19 5 0.000000
19 6 0.000000
19 7 0.000000
19 8 3067149936968476305391616.000000
19 9 4111493617727092708868096.000000
19 10 2110740732287728727621632.000000
19 11 1153405803696375889657856.000000
19 12 833960077807433763782656.000000
19 13 305002970114341096914944.000000
19 14 -302932503236052294565888.000000
19 15 -586180673220793625214976.000000
19 16 -754255371602230725574656.000000
19 17 -539831355238153390653440.000000
19 18 -2169603139705431299981312.000000
19 19 -2433313757757916925919232.000000
19 20 -3739519635166758027919360.000000
19 21 -4816933139902764926631936.000000
19 22 -2715962264445074620284928.000000
19 23 -1382092323763568376807424.000000
19 24 0.000000
19 25 0.000000
19 26 0.000000
19 27 0.000000
19 28 0.000000
19 29 0.000000
19 30 0.000000
19 31 0.000000
20 0 0.000000
20 1 0.000000
20 2 0.000000
20 3 0.000000
20 4 0.000000
20 5 0.000000
20 6 0.000000
20 7 0.000000
20 8 4345447043515299462643712.000000
20 9 6031103599441850648231936.000000
20 10 2265142141912498812485632.000000
20 11 1195326966352603338768384.000000
20 12 773462827696198682411008.000000
20 13 169053744911630427226112.000000
20 14 -151631839969125305679872.000000
20 15 -398013651490602812964864.000000
20 16 -743309462779899282456576.000000
20 17 -661092684731346000543744.000000
20 18 -2196731526824018485182464.000000
20 19 -2282399070993454098022400.000000
20 20 -3905558202113465398591488.000000
20 21 -4710069133871132432138240.000000
20 22 -2659152057305572235542528.000000
20 23 -2041227347780091951185920.000000
20 24 0.000000
20 25 0.000000
20 26 0.000000
20 27 0.000000
20 28 0.000000
20 29 0.000000
20 30 0.000000
20 31 0.000000
21 0 0.000000
21 1 0.000000
21 2 0.000000
21 3 0.000000
21 4 0.000000
21 5 0.000000
21 6 0.000000
21 7 0.000000
21 8 173432192603832840773173248.000000
21 9 6489837807527612081242112.000000
21 10 4230935420913233600446464.000000
21 11 1492793540792908609748992.000000
21 12 659942861703282784468992.000000
21 13 170965649054238769152000.000000
21 14 -54100373229315047817216.000000
21 15 -501518836891345372577792.000000
21 16 -667044425826096734273536.000000
21 17 -589696075003527977500672.000000
21 18 -2391911049490792368308224.000000
21 19 -2174526979221230991704064.000000
21 20 -4029686919446209274839040.000000
21 21 -4661594837440313702744064.000000
21 22 -3204050430498878680727552.000000
21 23 -1228580104849226322673664.000000
21 24 0.000000
21 25 0.000000
21 26 0.000000
21 27 0.000000
21 28 0.000000
21 29 0.000000
21 30 0.000000
21 31 0.000000
22 0 0.000000
22 1 0.000000
22 2 0.000000
22 3 0.000000
22 4 0.000000
22 5 0.000000
22 6 0.000000
22 7 0.000000
22 8 -254102260305084710649856.000000
22 9 2635036109963334665633792.000000
22 10 7462865511006138903035904.000000
22 11 3361112638841093292556288.000000
22 12 825334351455529562275840.000000
22 13 380917266729164030869504.000000
22 14 -124616835474756800086016.000000
22 15 -668469508863384835063808.000000
22 16 -546713684131106944712704.000000
22 17 -543185095808663651614720.000000
22 18 -2381336021104974140276736.000000
22 19 -2155370756076624001630208.000000
22 20 -4149768305837030814777344.000000
22 21 -4713997713898080263208960.000000
22 22 -3923354410228200536801280.000000
22 23 -812033744575226710065152.000000
22 24 0.000000
22 25 0.000000
22 26 0.000000
22 27 0.000000
22 28 0.000000
22 29 0.000000
22 30 0.000000
22 31 0.000000
23 0 0.000000
23 1 0.000000
23 2 0.000000
23 3 0.000000
23 4 0.000000
23 5 0.000000
23 6 0.000000
23 7 0.000000
23 8 -252915615846468113399808.000000
23 9 2706033016217024302415872.000000
23 10 682635887736053391425536.000000
23 11 4873777934687405516783616.000000
23 12 2884108083671827155517440.000000
23 13 513416050070165540306944.000000
23 14 -200961730257151881904128.000000
23 15 -483470102938304315916288.000000
23 16 -545259561883421558964224.000000
23 17 -678991142572020958494720.000000
23 18 -2460772024542009745211392.000000
23 19 -2175376250024562010357760.000000
23 20 -4251282756087287539302400.000000
23 21 -6103698454900925374922752.000000
23 22 -2088135544462090354819072.000000
23 23 -1085760440256578357035008.000000
23 24 0.000000
23 25 0.000000
23 26 0.000000
23 27 0.000000
23 28 0.000000
23 29 0.000000
23 30 0.000000
23 31 0.000000
24 0 0.000000
24 1 0.000000
24 2 0.000000
24 3 0.000000
24 4 0.000000
24 5 0.000000
24 6 0.000000
24 7 0.000000
24 8 0.000000
24 9 0.000000
24 10 0.000000
24 11 0.000000
24 12 0.000000
24 13 0.000000
24 14 0.000000
24 15 0.000000
24 16 0.000000
24 17 0.000000
24 18 0.000000
24 19 0.000000
24 20 0.000000
24 21 0.000000
24 22 0.000000
24 23 0.000000
24 24 0.000000
24 25 0.000000
24 26 0.000000
24 27 0.000000
24 28 0.000000
24 29 0.000000
24 30 0.000000
24 31 0.000000
25 0 0.000000
25 1 0.000000
25 2 0.000000
25 3 0.000000
25 4 0.000000
25 5 0.000000
25 6 0.000000
25 7 0.000000
25 8 0.000000
25 9 0.000000
25 10 0.000000
25 11 0.000000
25 12 0.000000
25 13 0.000000
25 14 0.000000
25 15 0.000000
25 16 0.000000
25 17 0.000000
25 18 0.000000
25 19 0.000000
25 20 0.000000
25 21 0.000000
25 22 0.000000
25 23 0.000000
25 24 0.000000
25 25 0.000000
25 26 0.000000
25 27 0.000000
25 28 0.000000
25 29 0.000000
25 30 0.000000
25 31 0.000000
26 0 0.000000
26 1 0.000000
26 2 0.000000
26 3 0.000000
26 4 0.000000
26 5 0.000000
26 6 0.000000
26 7 0.000000
26 8 0.000000
26 9 0.000000
26 10 0.000000
26 11 0.000000
26 12 0.000000
26 13 0.000000
26 14 0.000000
26 15 0.000000
26 16 0.000000
26 17 0.000000
26 18 0.000000
26 19 0.000000
26 20 0.000000
26 21 0.000000
26 22 0.000000
26 23 0.000000
26 24 0.000000
26 25 0.000000
26 26 0.000000
26 27 0.000000
26 28 0.000000
26 29 0.000000
26 30 0.000000
26 31 0.000000
27 0 0.000000
27 1 0.000000
27 2 0.000000
27 3 0.000000
27 4 0.000000
27 5 0.000000
27 6 0.000000
27 7 0.000000
27 8 0.000000
27 9 0.000000
27 10 0.000000
27 11 0.000000
27 12 0.000000
27 13 0.000000
27 14 0.000000
27 15 0.000000
27 16 0.000000
27 17 0.000000
27 18 0.000000
27 19 0.000000
27 20 0.000000
27 21 0.000000
27 22 0.000000
27 23 0.000000
27 24 0.000000
27 25 0.000000
27 26 0.000000
27 27 0.000000
27 28 0.000000
27 29 0.000000
27 30 0.000000
27 31 0.000000
28 0 0.000000
28 1 0.000000
28 2 0.000000
28 3 0.000000
28 4 0.000000
28 5 0.000000
28 6 0.000000
28 7 0.000000
28 8 0.000000
28 9 0.000000
28 10 0.000000
28 11 0.000000
28 12 0.000000
28 13 0.000000
28 14 0.000000
28 15 0.000000
28 16 0.000000
28 17 0.000000
28 18 0.000000
28 19 0.000000
28 20 0.000000
28 21 0.000000
28 22 0.000000
28 23 0.000000
28 24 0.000000
28 25 0.000000
28 26 0.000000
28 27 0.000000
28 28 0.000000
28 29 0.000000
28 30 0.000000
28 31 0.000000
29 0 0.000000
29 1 0.000000
29 2 0.000000
29 3 0.000000
29 4 0.000000
29 5 0.000000
29 6 0.000000
29 7 0.000000
29 8 0.000000
29 9 0.000000
29 10 0.000000
29 11 0.000000
29 12 0.000000
29 13 0.000000
29 14 0.000000
29 15 0.000000
29 16 0.000000
29 17 0.000000
29 18 0.000000
29 19 0.000000
29 20 0.000000
29 21 0.000000
29 22 0.000000
29 23 0.000000
29 24 0.000000
29 25 0.000000
29 26 0.000000
29 27 0.000000
29 28 0.000000
29 29 0.000000
29 30 0.000000
29 31 0.000000
30 0 0.000000
30 1 0.000000
30 2 0.000000
30 3 0.000000
30 4 0.000000
30 5 0.000000
30 6 0.000000
30 7 0.000000
30 8 0.000000
30 9 0.000000
30 10 0.000000
30 11 0.000000
30 12 0.000000
30 13 0.000000
30 14 0.000000
30 15 0.000000
30 16 0.000000
30 17 0.000000
30 18 0.000000
30 19 0.000000
30 20 0.000000
30 21 0.000000
30 22 0.000000
30 23 0.000000
30 24 0.000000
30 25 0.000000
30 26 0.000000
30 27 0.000000
30 28 0.000000
30 29 0.000000
30 30 0.000000
30 31 0.000000
31 0 0.000000
31 1 0.000000
31 2 0.000000
31 3 0.000000
31 4 0.000000
31 5 0.000000
31 6 0.000000
31 7 0.000000
31 8 0.000000
31 9 0.000000
31 10 0.000000
31 11 0.000000
31 12 0.000000
31 13 0.000000
31 14 0.000000
31 15 0.000000
31 16 0.000000
31 17 0.000000
31 18 0.000000
31 19 0.000000
31 20 0.000000
31 21 0.000000
31 22 0.000000
31 23 0.000000
31 24 0.000000
31 25 0.000000
31 26 0.000000
31 27 0.000000
31 28 0.000000
31 29 0.000000
31 30 0.000000
31 31 0.000000
