0 0 0.000000
0 1 0.000000
0 2 0.000000
0 3 0.000000
0 4 0.000000
0 5 0.000000
0 6 0.000000
0 7 0.000000
0 8 0.000000
0 9 0.000000
0 10 0.000000
0 11 0.000000
0 12 0.000000
0 13 0.000000
0 14 0.000000
0 15 0.000000
1 0 0.000000
1 1 0.000000
1 2 0.000000
1 3 0.000000
1 4 0.000000
1 5 0.000000
1 6 0.000000
1 7 0.000000
1 8 0.000000
1 9 0.000000
1 10 0.000000
1 11 0.000000
1 12 0.000000
1 13 0.000000
1 14 0.000000
1 15 0.000000
2 0 0.000000
2 1 0.000000
2 2 0.000000
2 3 0.000000
2 4 0.000000
2 5 0.000000
2 6 0.000000
2 7 0.000000
2 8 0.000000
2 9 0.000000
2 10 0.000000
2 11 0.000000
2 12 0.000000
2 13 0.000000
2 14 0.000000
2 15 0.000000
3 0 0.000000
3 1 0.000000
3 2 0.000000
3 3 0.000000
3 4 0.000000
3 5 0.000000
3 6 0.000000
3 7 0.000000
3 8 0.000000
3 9 0.000000
3 10 0.000000
3 11 0.000000
3 12 0.000000
3 13 0.000000
3 14 0.000000
3 15 0.000000
4 0 0.000000
4 1 0.000000
4 2 0.000000
4 3 0.000000
4 4 14.004469
4 5 59.335075
4 6 31.896660
4 7 -70.679420
4 8 -70.469490
4 9 -69.152542
4 10 10.465418
4 11 16.967226
4 12 0.000000
4 13 0.000000
4 14 0.000000
4 15 0.000000
5 0 0.000000
5 1 0.000000
5 2 0.000000
5 3 0.000000
5 4 248.622818
5 5 -63.858849
5 6 28.598583
5 7 28.755039
5 8 31.999676
5 9 45.086445
5 10 23.523144
5 11 8.760306
5 12 0.000000
5 13 0.000000
5 14 0.000000
5 15 0.000000
6 0 0.000000
6 1 0.000000
6 2 0.000000
6 3 0.000000
6 4 -70.680923
6 5 -3.409579
6 6 8.620136
6 7 -27.008976
6 8 -19.160143
6 9 -15.842291
6 10 -12.316841
6 11 -14.851366
6 12 0.000000
6 13 0.000000
6 14 0.000000
6 15 0.000000
7 0 0.000000
7 1 0.000000
7 2 0.000000
7 3 0.000000
7 4 27.344992
7 5 1.334775
7 6 14.069419
7 7 14.622204
7 8 15.086426
7 9 3.172646
7 10 5.022586
7 11 16.692024
7 12 0.000000
7 13 0.000000
7 14 0.000000
7 15 0.000000
8 0 0.000000
8 1 0.000000
8 2 0.000000
8 3 0.000000
8 4 -22.911938
8 5 -5.651319
8 6 5.393826
8 7 -4.500700
8 8 -19.082220
8 9 -2.938632
8 10 3.698436
8 11 -3.281860
8 12 0.000000
8 13 0.000000
8 14 0.000000
8 15 0.000000
9 0 0.000000
9 1 0.000000
9 2 0.000000
9 3 0.000000
9 4 12.376662
9 5 -1.577802
9 6 -4.483972
9 7 -3.226784
9 8 -7.776941
9 9 -1.324342
9 10 7.673585
9 11 -5.187861
9 12 0.000000
9 13 0.000000
9 14 0.000000
9 15 0.000000
10 0 0.000000
10 1 0.000000
10 2 0.000000
10 3 0.000000
10 4 -150.611526
10 5 72.921722
10 6 -10.078142
10 7 6.736832
10 8 3.081733
10 9 -6.863169
10 10 5.292433
10 11 4.394665
10 12 0.000000
10 13 0.000000
10 14 0.000000
10 15 0.000000
11 0 0.000000
11 1 0.000000
11 2 0.000000
11 3 0.000000
11 4 127.888428
11 5 -0.346047
11 6 -6.819859
11 7 -18.536171
11 8 6.540224
11 9 -1.160167
11 10 -0.659385
11 11 9.292562
11 12 0.000000
11 13 0.000000
11 14 0.000000
11 15 0.000000
12 0 0.000000
12 1 0.000000
12 2 0.000000
12 3 0.000000
12 4 0.000000
12 5 0.000000
12 6 0.000000
12 7 0.000000
12 8 0.000000
12 9 0.000000
12 10 0.000000
12 11 0.000000
12 12 0.000000
12 13 0.000000
12 14 0.000000
12 15 0.000000
13 0 0.000000
13 1 0.000000
13 2 0.000000
13 3 0.000000
13 4 0.000000
13 5 0.000000
13 6 0.000000
13 7 0.000000
13 8 0.000000
13 9 0.000000
13 10 0.000000
13 11 0.000000
13 12 0.000000
13 13 0.000000
13 14 0.000000
13 15 0.000000
14 0 0.000000
14 1 0.000000
14 2 0.000000
14 3 0.000000
14 4 0.000000
14 5 0.000000
14 6 0.000000
14 7 0.000000
14 8 0.000000
14 9 0.000000
14 10 0.000000
14 11 0.000000
14 12 0.000000
14 13 0.000000
14 14 0.000000
14 15 0.000000
15 0 0.000000
15 1 0.000000
15 2 0.000000
15 3 0.000000
15 4 0.000000
15 5 0.000000
15 6 0.000000
15 7 0.000000
15 8 0.000000
15 9 0.000000
15 10 0.000000
15 11 0.000000
15 12 0.000000
15 13 0.000000
15 14 0.000000
15 15 0.000000
