0 0 2.699997
0 1 3.050001
0 2 3.050001
0 3 3.050001
0 4 3.050001
0 5 3.050001
0 6 3.050001
0 7 3.050001
0 8 3.050001
0 9 3.050001
0 10 3.050001
0 11 3.050001
0 12 3.050001
0 13 3.050001
0 14 3.050001
0 15 3.050001
0 16 3.050001
0 17 3.050000
0 18 3.050001
0 19 3.050001
0 20 3.050001
0 21 3.050000
0 22 3.050000
0 23 3.050001
0 24 3.050001
0 25 3.050001
0 26 3.050001
0 27 3.050001
0 28 3.050000
0 29 3.050001
0 30 3.050000
0 31 3.050001
1 0 4.266548
1 1 4.283519
1 2 4.346282
1 3 4.357595
1 4 4.422297
1 5 4.439267
1 6 4.456239
1 7 4.473208
1 8 4.490179
1 9 4.607151
1 10 4.624121
1 11 4.641090
1 12 4.658062
1 13 4.675032
1 14 4.740624
1 15 4.751939
1 16 4.813812
1 17 4.830783
1 18 4.847754
1 19 4.864725
1 20 4.881695
1 21 4.898666
1 22 5.015635
1 23 5.032606
1 24 5.049578
1 25 5.066547
1 26 5.083518
1 27 5.146281
1 28 5.157597
1 29 5.222298
1 30 5.239268
1 31 5.256238
2 0 3.080669
2 1 3.020734
2 2 3.009419
2 3 2.998106
2 4 2.986792
2 5 2.975478
2 6 2.917438
2 7 2.911782
2 8 2.906124
2 9 2.900467
2 10 2.894810
2 11 2.889153
2 12 2.883497
2 13 2.826390
2 14 2.815076
2 15 2.803763
2 16 2.792449
2 17 2.781135
2 18 2.669821
2 19 2.658508
2 20 2.647193
2 21 2.635880
2 22 2.624566
2 23 2.613252
2 24 2.601939
2 25 2.590625
2 26 2.525033
2 27 2.508062
2 28 2.491092
2 29 2.474121
2 30 2.457151
2 31 2.340180
3 0 0.000000
3 1 0.000000
3 2 0.000000
3 3 0.000000
3 4 0.000000
3 5 0.000000
3 6 0.000000
3 7 0.000000
3 8 0.000000
3 9 0.000000
3 10 0.000000
3 11 0.000000
3 12 0.000000
3 13 0.000000
3 14 0.000000
3 15 0.000000
3 16 0.000000
3 17 0.000000
3 18 0.000000
3 19 0.000000
3 20 0.000000
3 21 0.000000
3 22 0.000000
3 23 0.000000
3 24 0.000000
3 25 0.000000
3 26 0.000000
3 27 0.000000
3 28 0.000000
3 29 0.000000
3 30 0.000000
3 31 0.000000
4 0 0.000000
4 1 0.000000
4 2 0.000000
4 3 0.000000
4 4 0.000000
4 5 0.000000
4 6 0.000000
4 7 0.000000
4 8 0.000000
4 9 0.000000
4 10 0.000000
4 11 0.000000
4 12 0.000000
4 13 0.000000
4 14 0.000000
4 15 0.000000
4 16 0.000000
4 17 0.000000
4 18 0.000000
4 19 0.000000
4 20 0.000000
4 21 0.000000
4 22 0.000000
4 23 0.000000
4 24 0.000000
4 25 0.000000
4 26 0.000000
4 27 0.000000
4 28 0.000000
4 29 0.000000
4 30 0.000000
4 31 0.000000
5 0 0.000000
5 1 0.000000
5 2 0.000000
5 3 0.000000
5 4 0.000000
5 5 0.000000
5 6 0.000000
5 7 0.000000
5 8 0.000000
5 9 0.000000
5 10 0.000000
5 11 0.000000
5 12 0.000000
5 13 0.000000
5 14 0.000000
5 15 0.000000
5 16 0.000000
5 17 0.000000
5 18 0.000000
5 19 0.000000
5 20 0.000000
5 21 0.000000
5 22 0.000000
5 23 0.000000
5 24 0.000000
5 25 0.000000
5 26 0.000000
5 27 0.000000
5 28 0.000000
5 29 0.000000
5 30 0.000000
5 31 0.000000
6 0 0.000000
6 1 0.000000
6 2 0.000000
6 3 0.000000
6 4 0.000000
6 5 0.000000
6 6 0.000000
6 7 0.000000
6 8 0.000000
6 9 0.000000
6 10 0.000000
6 11 0.000000
6 12 0.000000
6 13 0.000000
6 14 0.000000
6 15 0.000000
6 16 0.000000
6 17 0.000000
6 18 0.000000
6 19 0.000000
6 20 0.000000
6 21 0.000000
6 22 0.000000
6 23 0.000000
6 24 0.000000
6 25 0.000000
6 26 0.000000
6 27 0.000000
6 28 0.000000
6 29 0.000000
6 30 0.000000
6 31 0.000000
7 0 0.000000
7 1 0.000000
7 2 0.000000
7 3 0.000000
7 4 0.000000
7 5 0.000000
7 6 0.000000
7 7 0.000000
7 8 0.000000
7 9 0.000000
7 10 0.000000
7 11 0.000000
7 12 0.000000
7 13 0.000000
7 14 0.000000
7 15 0.000000
7 16 0.000000
7 17 0.000000
7 18 0.000000
7 19 0.000000
7 20 0.000000
7 21 0.000000
7 22 0.000000
7 23 0.000000
7 24 0.000000
7 25 0.000000
7 26 0.000000
7 27 0.000000
7 28 0.000000
7 29 0.000000
7 30 0.000000
7 31 0.000000
8 0 0.000000
8 1 0.000000
8 2 0.000000
8 3 0.000000
8 4 0.000000
8 5 0.000000
8 6 0.000000
8 7 0.000000
8 8 1056172583338288615522304.000000
8 9 53043635101949952524288.000000
8 10 -61499656812695579000832.000000
8 11 4636924623084736391151616.000000
8 12 -44294244407877784567808.000000
8 13 63487216925444117889024.000000
8 14 -37695860716030499225600.000000
8 15 -117183419109800427913216.000000
8 16 -113204551889413377884160.000000
8 17 -88022539464982428385280.000000
8 18 -105766424759246776172544.000000
8 19 -459961817286588592291840.000000
8 20 -124239298717994331406336.000000
8 21 4579173343767098667565056.000000
8 22 -609625332016973858471936.000000
8 23 -340699401480805122310144.000000
8 24 0.000000
8 25 0.000000
8 26 0.000000
8 27 0.000000
8 28 0.000000
8 29 0.000000
8 30 0.000000
8 31 0.000000
9 0 0.000000
9 1 0.000000
9 2 0.000000
9 3 0.000000
9 4 0.000000
9 5 0.000000
9 6 0.000000
9 7 0.000000
9 8 594791339535543899783168.000000
9 9 36663446530252831981568.000000
9 10 286975997554699494490112.000000
9 11 198112428873704135458816.000000
9 12 172725457630231554686976.000000
9 13 20013539628672306118656.000000
9 14 -9375294214884678434816.000000
9 15 -80831759033550269054976.000000
9 16 -78937743188661842739200.000000
9 17 -64078575585314882977792.000000
9 18 -66717360707780822958080.000000
9 19 -208483300081214404165632.000000
9 20 -376864135150921641361408.000000
9 21 -188135298374415614476288.000000
9 22 -292558425465607338065920.000000
9 23 -168982624066314992353280.000000
9 24 0.000000
9 25 0.000000
9 26 0.000000
9 27 0.000000
9 28 0.000000
9 29 0.000000
9 30 0.000000
9 31 0.000000
10 0 0.000000
10 1 0.000000
10 2 0.000000
10 3 0.000000
10 4 0.000000
10 5 0.000000
10 6 0.000000
10 7 0.000000
10 8 593830847835815339360256.000000
10 9 35537760544392508080128.000000
10 10 247240107538461776412672.000000
10 11 237752338174683333525504.000000
10 12 73184115441519137128448.000000
10 13 9477153253556823785472.000000
10 14 -29518258289648357867520.000000
10 15 -81957875113175006838784.000000
10 16 -69605154357243705032704.000000
10 17 -76079110346786184626176.000000
10 18 -59698518702922414424064.000000
10 19 -192023183875130525745152.000000
10 20 -220198171518321595252736.000000
10 21 -431307502527857226153984.000000
10 22 -317643997807617775763456.000000
10 23 -166170918732556534808576.000000
10 24 0.000000
10 25 0.000000
10 26 0.000000
10 27 0.000000
10 28 0.000000
10 29 0.000000
10 30 0.000000
10 31 0.000000
11 0 0.000000
11 1 0.000000
11 2 0.000000
11 3 0.000000
11 4 0.000000
11 5 0.000000
11 6 0.000000
11 7 0.000000
11 8 4886046748878679278878720.000000
11 9 213626951287626795057152.000000
11 10 213047968519532044091392.000000
11 11 113381606405163821563904.000000
11 12 52853065283717769986048.000000
11 13 16627276313452989120512.000000
11 14 -27833403122253899497472.000000
11 15 -81844060143392099663872.000000
11 16 -64104029930408781021184.000000
11 17 -71834809971561172303872.000000
11 18 -60602152457355422334976.000000
11 19 -202377914181576298594304.000000
11 20 -183944536791560782610432.000000
11 21 -351745470358849285259264.000000
11 22 -444577052585129731424256.000000
11 23 -266878089742407843184640.000000
11 24 0.000000
11 25 0.000000
11 26 0.000000
11 27 0.000000
11 28 0.000000
11 29 0.000000
11 30 0.000000
11 31 0.000000
12 0 0.000000
12 1 0.000000
12 2 0.000000
12 3 0.000000
12 4 0.000000
12 5 0.000000
12 6 0.000000
12 7 0.000000
12 8 852732954551758977236992.000000
12 9 281502989100338244485120.000000
12 10 91503119415397951995904.000000
12 11 96674945141079172710400.000000
12 12 49788100024914132598784.000000
12 13 25066247396009390899200.000000
12 14 -23648079635949117505536.000000
12 15 -78663167726580318339072.000000
12 16 -73812696352310119366656.000000
12 17 -69521779217342195040256.000000
12 18 -52109705632823623286784.000000
12 19 -212761971928795508113408.000000
12 20 -176328769677692179054592.000000
12 21 -366196656871952751788032.000000
12 22 -336957414593618505629696.000000
12 23 -241970950017633824538624.000000
12 24 0.000000
12 25 0.000000
12 26 0.000000
12 27 0.000000
12 28 0.000000
12 29 0.000000
12 30 0.000000
12 31 0.000000
13 0 0.000000
13 1 0.000000
13 2 0.000000
13 3 0.000000
13 4 0.000000
13 5 0.000000
13 6 0.000000
13 7 0.000000
13 8 936411781183341816971264.000000
13 9 209659856476665691504640.000000
13 10 113678015318238838128640.000000
13 11 88446940679467314446336.000000
13 12 51557465239316198326272.000000
13 13 28000270495647231115264.000000
13 14 -34627146210537075900416.000000
13 15 -54488380855211152900096.000000
13 16 -58386692189063426867200.000000
13 17 -65172283762021062672384.000000
13 18 -89177946956583583875072.000000
13 19 -225309108577040766861312.000000
13 20 -220809994534899131875328.000000
13 21 -395308825583201112031232.000000
13 22 -236418389979454702092288.000000
13 23 -117054544102863593799680.000000
13 24 0.000000
13 25 0.000000
13 26 0.000000
13 27 0.000000
13 28 0.000000
13 29 0.000000
13 30 0.000000
13 31 0.000000
14 0 0.000000
14 1 0.000000
14 2 0.000000
14 3 0.000000
14 4 0.000000
14 5 0.000000
14 6 0.000000
14 7 0.000000
14 8 814529459344730344128512.000000
14 9 195616768147396029841408.000000
14 10 120462706171270999834624.000000
14 11 96970156096653308723200.000000
14 12 49558020127151028699136.000000
14 13 27444837050004000473088.000000
14 14 -36854565787639553720320.000000
14 15 -51037682288323232530432.000000
14 16 -54800719000168178909184.000000
14 17 -59538537333359332294656.000000
14 18 -106390920905175733370880.000000
14 19 -219023776850691445751808.000000
14 20 -215052214468899990667264.000000
14 21 -377554158671428839276544.000000
14 22 -230201530981839922003968.000000
14 23 -103774987047219071287296.000000
14 24 0.000000
14 25 0.000000
14 26 0.000000
14 27 0.000000
14 28 0.000000
14 29 0.000000
14 30 0.000000
14 31 0.000000
15 0 0.000000
15 1 0.000000
15 2 0.000000
15 3 0.000000
15 4 0.000000
15 5 0.000000
15 6 0.000000
15 7 0.000000
15 8 1094865493724022855172096.000000
15 9 210333576966521808224256.000000
15 10 125531840818248918499328.000000
15 11 91665456167566148894720.000000
15 12 48845032752143868624896.000000
15 13 36225196746913781645312.000000
15 14 -32260648721541956108288.000000
15 15 -49598102163834626113536.000000
15 16 -58771214028847947186176.000000
15 17 -48257673288742208536576.000000
15 18 -116978757528334203092992.000000
15 19 -217614852728866350301184.000000
15 20 -215155635130742926737408.000000
15 21 -370397074172408665997312.000000
15 22 -225242743532931835232256.000000
15 23 -101373010200359526727680.000000
15 24 0.000000
15 25 0.000000
15 26 0.000000
15 27 0.000000
15 28 0.000000
15 29 0.000000
15 30 0.000000
15 31 0.000000
16 0 0.000000
16 1 0.000000
16 2 0.000000
16 3 0.000000
16 4 0.000000
16 5 0.000000
16 6 0.000000
16 7 0.000000
16 8 25098434766661395909967872.000000
16 9 254796553238038655795200.000000
16 10 128556584428780509986816.000000
16 11 82358146040856441782272.000000
16 12 58714410126747923120128.000000
16 13 31467452237171327500288.000000
16 14 -33584121544037323767808.000000
16 15 -37534044129619263619072.000000
16 16 -57239080428417249705984.000000
16 17 -56334028040101620088832.000000
16 18 -119870464805873270128640.000000
16 19 -201952161887203201384448.000000
16 20 -233138364327645241409536.000000
16 21 -366203358228198279086080.000000
16 22 -215481119283012247224320.000000
16 23 -102383320719166059577344.000000
16 24 0.000000
16 25 0.000000
16 26 0.000000
16 27 0.000000
16 28 0.000000
16 29 0.000000
16 30 0.000000
16 31 0.000000
17 0 0.000000
17 1 0.000000
17 2 0.000000
17 3 0.000000
17 4 0.000000
17 5 0.000000
17 6 0.000000
17 7 0.000000
17 8 74916479081382726860800.000000
17 9 253536572163089957388288.000000
17 10 134248882156197684183040.000000
17 11 95580984762793860268032.000000
17 12 64928765122969885212672.000000
17 13 24056265639975656095744.000000
17 14 -31221539934918202621952.000000
17 15 -36127569965991457718272.000000
17 16 -61935803415008647315456.000000
17 17 -53378428194649047826432.000000
17 18 -132201392643207726104576.000000
17 19 -191198376624975383625728.000000
17 20 -246152290070068197326848.000000
17 21 -360835860105907065061376.000000
17 22 -208882463123387505967104.000000
17 23 -97702315295274184998912.000000
17 24 0.000000
17 25 0.000000
17 26 0.000000
17 27 0.000000
17 28 0.000000
17 29 0.000000
17 30 0.000000
17 31 0.000000
18 0 0.000000
18 1 0.000000
18 2 0.000000
18 3 0.000000
18 4 0.000000
18 5 0.000000
18 6 0.000000
18 7 0.000000
18 8 89320503899188369555456.000000
18 9 259440322900211431112704.000000
18 10 143068362371270619168768.000000
18 11 92590342408640718176256.000000
18 12 53618244874806526738432.000000
18 13 20786287518934858989568.000000
18 14 -25886699665324865748992.000000
18 15 -41915614221486528659456.000000
18 16 -56767040137074038538240.000000
18 17 -34051383516175894839296.000000
18 18 -144085122044743546568704.000000
18 19 -185796813275102739169280.000000
18 20 -249826326646077047963648.000000
18 21 -353416341849400758239232.000000
18 22 -202141745417116989784064.000000
18 23 -93788254873524996407296.000000
18 24 0.000000
18 25 0.000000
18 26 0.000000
18 27 0.000000
18 28 0.000000
18 29 0.000000
18 30 0.000000
18 31 0.000000
19 0 0.000000
19 1 0.000000
19 2 0.000000
19 3 0.000000
19 4 0.000000
19 5 0.000000
19 6 0.000000
19 7 0.000000
19 8 218019726335366957891584.000000
19 9 292253892058804545126400.000000
19 10 150036070505959863091200.000000
19 11 81986599071598375862272.000000
19 12 59279701951975467778048.000000
19 13 21680270059366411927552.000000
19 14 -21533105934342826229760.000000
19 15 -41666997507657167798272.000000
19 16 -53614115073948227993600.000000
19 17 -38372366682256144596992.000000
19 18 -154220112718170658177024.000000
19 19 -172965247288791269376000.000000
19 20 -265813204603316834664448.000000
19 21 -342398123231452254437376.000000
19 22 -193056507788032921829376.000000
19 23 -98242125753810067390464.000000
19 24 0.000000
19 25 0.000000
19 26 0.000000
19 27 0.000000
19 28 0.000000
19 29 0.000000
19 30 0.000000
19 31 0.000000
20 0 0.000000
20 1 0.000000
20 2 0.000000
20 3 0.000000
20 4 0.000000
20 5 0.000000
20 6 0.000000
20 7 0.000000
20 8 308883811985238800728064.000000
20 9 428703989597672851898368.000000
20 10 161011252725869214433280.000000
20 11 84966450801044338245632.000000
20 12 54979417329782612819968.000000
20 13 12016719572632164368384.000000
20 14 -10778324250697452748800.000000
20 15 -28291666902336984317952.000000
20 16 -52836050684325564252160.000000
20 17 -46991905088272339042304.000000
20 18 -156148445992219647672320.000000
20 19 -162237907163575371169792.000000
20 20 -277615553959586070265856.000000
20 21 -334801919754364948316160.000000
20 22 -189018310146154892886016.000000
20 23 -145094883124395540217856.000000
20 24 0.000000
20 25 0.000000
20 26 0.000000
20 27 0.000000
20 28 0.000000
20 29 0.000000
20 30 0.000000
20 31 0.000000
21 0 0.000000
21 1 0.000000
21 2 0.000000
21 3 0.000000
21 4 0.000000
21 5 0.000000
21 6 0.000000
21 7 0.000000
21 8 12327936006030001208033280.000000
21 9 461311780282092153208832.000000
21 10 300744114105120423149568.000000
21 11 106110995166736892821504.000000
21 12 46910178265834446651392.000000
21 13 12152607810088721186816.000000
21 14 -3845561797316790190080.000000
21 15 -35649035483985578295296.000000
21 16 -47414959726468641325056.000000
21 17 -41916866222182937657344.000000
21 18 -170022253018695707131904.000000
21 19 -154570096452412874162176.000000
21 20 -286438952306334817583104.000000
21 21 -331356269722659310272512.000000
21 22 -227750888237407011864576.000000
21 23 -87330147051071233589248.000000
21 24 0.000000
21 25 0.000000
21 26 0.000000
21 27 0.000000
21 28 0.000000
21 29 0.000000
21 30 0.000000
21 31 0.000000
22 0 0.000000
22 1 0.000000
22 2 0.000000
22 3 0.000000
22 4 0.000000
22 5 0.000000
22 6 0.000000
22 7 0.000000
22 8 -18062133287832390729728.000000
22 9 187304096012789606252544.000000
22 10 530476730293758529110016.000000
22 11 238915185612868905074688.000000
22 12 58666563884306738970624.000000
22 13 27076438096885466529792.000000
22 14 -8858020894784064847872.000000
22 15 -47516263696486713262080.000000
22 16 -38861592709777401577472.000000
22 17 -38610769232130629173248.000000
22 18 -169270548197692042903552.000000
22 19 -153208424097878149955584.000000
22 20 -294974642694488628133888.000000
22 21 -335081178960058938032128.000000
22 22 -278880597080515933110272.000000
22 23 -57721114207333596004352.000000
22 24 0.000000
22 25 0.000000
22 26 0.000000
22 27 0.000000
22 28 0.000000
22 29 0.000000
22 30 0.000000
22 31 0.000000
23 0 0.000000
23 1 0.000000
23 2 0.000000
23 3 0.000000
23 4 0.000000
23 5 0.000000
23 6 0.000000
23 7 0.000000
23 8 -17977793251710716608512.000000
23 9 192350721668829927178240.000000
23 10 48523241551568991944704.000000
23 11 346438788845926082412544.000000
23 12 205008700911104028573696.000000
23 13 36494734932812092145664.000000
23 14 -14284787514071381442560.000000
23 15 -34366104065335799840768.000000
23 16 -38758226091129993953280.000000
23 17 -48264149465006367309824.000000
23 18 -174917053324098113896448.000000
23 19 -154630480716216657772544.000000
23 20 -302190418103852693716992.000000
23 21 -433864141993119928287232.000000
23 22 -148429222187711089082368.000000
23 23 -77178204828646699433984.000000
23 24 0.000000
23 25 0.000000
23 26 0.000000
23 27 0.000000
23 28 0.000000
23 29 0.000000
23 30 0.000000
23 31 0.000000
24 0 0.000000
24 1 0.000000
24 2 0.000000
24 3 0.000000
24 4 0.000000
24 5 0.000000
24 6 0.000000
24 7 0.000000
24 8 0.000000
24 9 0.000000
24 10 0.000000
24 11 0.000000
24 12 0.000000
24 13 0.000000
24 14 0.000000
24 15 0.000000
24 16 0.000000
24 17 0.000000
24 18 0.000000
24 19 0.000000
24 20 0.000000
24 21 0.000000
24 22 0.000000
24 23 0.000000
24 24 0.000000
24 25 0.000000
24 26 0.000000
24 27 0.000000
24 28 0.000000
24 29 0.000000
24 30 0.000000
24 31 0.000000
25 0 0.000000
25 1 0.000000
25 2 0.000000
25 3 0.000000
25 4 0.000000
25 5 0.000000
25 6 0.000000
25 7 0.000000
25 8 0.000000
25 9 0.000000
25 10 0.000000
25 11 0.000000
25 12 0.000000
25 13 0.000000
25 14 0.000000
25 15 0.000000
25 16 0.000000
25 17 0.000000
25 18 0.000000
25 19 0.000000
25 20 0.000000
25 21 0.000000
25 22 0.000000
25 23 0.000000
25 24 0.000000
25 25 0.000000
25 26 0.000000
25 27 0.000000
25 28 0.000000
25 29 0.000000
25 30 0.000000
25 31 0.000000
26 0 0.000000
26 1 0.000000
26 2 0.000000
26 3 0.000000
26 4 0.000000
26 5 0.000000
26 6 0.000000
26 7 0.000000
26 8 0.000000
26 9 0.000000
26 10 0.000000
26 11 0.000000
26 12 0.000000
26 13 0.000000
26 14 0.000000
26 15 0.000000
26 16 0.000000
26 17 0.000000
26 18 0.000000
26 19 0.000000
26 20 0.000000
26 21 0.000000
26 22 0.000000
26 23 0.000000
26 24 0.000000
26 25 0.000000
26 26 0.000000
26 27 0.000000
26 28 0.000000
26 29 0.000000
26 30 0.000000
26 31 0.000000
27 0 0.000000
27 1 0.000000
27 2 0.000000
27 3 0.000000
27 4 0.000000
27 5 0.000000
27 6 0.000000
27 7 0.000000
27 8 0.000000
27 9 0.000000
27 10 0.000000
27 11 0.000000
27 12 0.000000
27 13 0.000000
27 14 0.000000
27 15 0.000000
27 16 0.000000
27 17 0.000000
27 18 0.000000
27 19 0.000000
27 20 0.000000
27 21 0.000000
27 22 0.000000
27 23 0.000000
27 24 0.000000
27 25 0.000000
27 26 0.000000
27 27 0.000000
27 28 0.000000
27 29 0.000000
27 30 0.000000
27 31 0.000000
28 0 0.000000
28 1 0.000000
28 2 0.000000
28 3 0.000000
28 4 0.000000
28 5 0.000000
28 6 0.000000
28 7 0.000000
28 8 0.000000
28 9 0.000000
28 10 0.000000
28 11 0.000000
28 12 0.000000
28 13 0.000000
28 14 0.000000
28 15 0.000000
28 16 0.000000
28 17 0.000000
28 18 0.000000
28 19 0.000000
28 20 0.000000
28 21 0.000000
28 22 0.000000
28 23 0.000000
28 24 0.000000
28 25 0.000000
28 26 0.000000
28 27 0.000000
28 28 0.000000
28 29 0.000000
28 30 0.000000
28 31 0.000000
29 0 0.000000
29 1 0.000000
29 2 0.000000
29 3 0.000000
29 4 0.000000
29 5 0.000000
29 6 0.000000
29 7 0.000000
29 8 0.000000
29 9 0.000000
29 10 0.000000
29 11 0.000000
29 12 0.000000
29 13 0.000000
29 14 0.000000
29 15 0.000000
29 16 0.000000
29 17 0.000000
29 18 0.000000
29 19 0.000000
29 20 0.000000
29 21 0.000000
29 22 0.000000
29 23 0.000000
29 24 0.000000
29 25 0.000000
29 26 0.000000
29 27 0.000000
29 28 0.000000
29 29 0.000000
29 30 0.000000
29 31 0.000000
30 0 0.000000
30 1 0.000000
30 2 0.000000
30 3 0.000000
30 4 0.000000
30 5 0.000000
30 6 0.000000
30 7 0.000000
30 8 0.000000
30 9 0.000000
30 10 0.000000
30 11 0.000000
30 12 0.000000
30 13 0.000000
30 14 0.000000
30 15 0.000000
30 16 0.000000
30 17 0.000000
30 18 0.000000
30 19 0.000000
30 20 0.000000
30 21 0.000000
30 22 0.000000
30 23 0.000000
30 24 0.000000
30 25 0.000000
30 26 0.000000
30 27 0.000000
30 28 0.000000
30 29 0.000000
30 30 0.000000
30 31 0.000000
31 0 0.000000
31 1 0.000000
31 2 0.000000
31 3 0.000000
31 4 0.000000
31 5 0.000000
31 6 0.000000
31 7 0.000000
31 8 0.000000
31 9 0.000000
31 10 0.000000
31 11 0.000000
31 12 0.000000
31 13 0.000000
31 14 0.000000
31 15 0.000000
31 16 0.000000
31 17 0.000000
31 18 0.000000
31 19 0.000000
31 20 0.000000
31 21 0.000000
31 22 0.000000
31 23 0.000000
31 24 0.000000
31 25 0.000000
31 26 0.000000
31 27 0.000000
31 28 0.000000
31 29 0.000000
31 30 0.000000
31 31 0.000000
