0 0 2.699997
0 1 3.050001
0 2 3.050001
0 3 3.050001
0 4 3.050001
0 5 3.050001
0 6 3.050001
0 7 3.050001
0 8 3.050001
0 9 3.050001
0 10 3.050001
0 11 3.050001
0 12 3.050001
0 13 3.050001
0 14 3.050001
0 15 3.050001
0 16 3.050001
0 17 3.050000
0 18 3.050001
0 19 3.050001
0 20 3.050001
0 21 3.050000
0 22 3.050000
0 23 3.050001
0 24 3.050001
0 25 3.050001
0 26 3.050001
0 27 3.050001
0 28 3.050000
0 29 3.050001
0 30 3.050000
0 31 3.050001
1 0 4.266548
1 1 4.283519
1 2 4.346282
1 3 4.357595
1 4 4.422297
1 5 4.439267
1 6 4.456239
1 7 4.473208
1 8 4.490179
1 9 4.607151
1 10 4.624121
1 11 4.641090
1 12 4.658062
1 13 4.675032
1 14 4.740624
1 15 4.751939
1 16 4.813812
1 17 4.830783
1 18 4.847754
1 19 4.864725
1 20 4.881695
1 21 4.898666
1 22 5.015635
1 23 5.032606
1 24 5.049578
1 25 5.066547
1 26 5.083518
1 27 5.146281
1 28 5.157597
1 29 5.222298
1 30 5.239268
1 31 5.256238
2 0 3.080669
2 1 3.020734
2 2 3.009419
2 3 2.998106
2 4 2.986792
2 5 2.975478
2 6 2.917438
2 7 2.911782
2 8 2.906124
2 9 2.900467
2 10 2.894810
2 11 2.889153
2 12 2.883497
2 13 2.826390
2 14 2.815076
2 15 2.803763
2 16 2.792449
2 17 2.781135
2 18 2.669821
2 19 2.658508
2 20 2.647193
2 21 2.635880
2 22 2.624566
2 23 2.613252
2 24 2.601939
2 25 2.590625
2 26 2.525033
2 27 2.508062
2 28 2.491092
2 29 2.474121
2 30 2.457151
2 31 2.340180
3 0 0.000000
3 1 0.000000
3 2 0.000000
3 3 0.000000
3 4 0.000000
3 5 0.000000
3 6 0.000000
3 7 0.000000
3 8 0.000000
3 9 0.000000
3 10 0.000000
3 11 0.000000
3 12 0.000000
3 13 0.000000
3 14 0.000000
3 15 0.000000
3 16 0.000000
3 17 0.000000
3 18 0.000000
3 19 0.000000
3 20 0.000000
3 21 0.000000
3 22 0.000000
3 23 0.000000
3 24 0.000000
3 25 0.000000
3 26 0.000000
3 27 0.000000
3 28 0.000000
3 29 0.000000
3 30 0.000000
3 31 0.000000
4 0 0.000000
4 1 0.000000
4 2 0.000000
4 3 0.000000
4 4 0.000000
4 5 0.000000
4 6 0.000000
4 7 0.000000
4 8 0.000000
4 9 0.000000
4 10 0.000000
4 11 0.000000
4 12 0.000000
4 13 0.000000
4 14 0.000000
4 15 0.000000
4 16 0.000000
4 17 0.000000
4 18 0.000000
4 19 0.000000
4 20 0.000000
4 21 0.000000
4 22 0.000000
4 23 0.000000
4 24 0.000000
4 25 0.000000
4 26 0.000000
4 27 0.000000
4 28 0.000000
4 29 0.000000
4 30 0.000000
4 31 0.000000
5 0 0.000000
5 1 0.000000
5 2 0.000000
5 3 0.000000
5 4 0.000000
5 5 0.000000
5 6 0.000000
5 7 0.000000
5 8 0.000000
5 9 0.000000
5 10 0.000000
5 11 0.000000
5 12 0.000000
5 13 0.000000
5 14 0.000000
5 15 0.000000
5 16 0.000000
5 17 0.000000
5 18 0.000000
5 19 0.000000
5 20 0.000000
5 21 0.000000
5 22 0.000000
5 23 0.000000
5 24 0.000000
5 25 0.000000
5 26 0.000000
5 27 0.000000
5 28 0.000000
5 29 0.000000
5 30 0.000000
5 31 0.000000
6 0 0.000000
6 1 0.000000
6 2 0.000000
6 3 0.000000
6 4 0.000000
6 5 0.000000
6 6 0.000000
6 7 0.000000
6 8 0.000000
6 9 0.000000
6 10 0.000000
6 11 0.000000
6 12 0.000000
6 13 0.000000
6 14 0.000000
6 15 0.000000
6 16 0.000000
6 17 0.000000
6 18 0.000000
6 19 0.000000
6 20 0.000000
6 21 0.000000
6 22 0.000000
6 23 0.000000
6 24 0.000000
6 25 0.000000
6 26 0.000000
6 27 0.000000
6 28 0.000000
6 29 0.000000
6 30 0.000000
6 31 0.000000
7 0 0.000000
7 1 0.000000
7 2 0.000000
7 3 0.000000
7 4 0.000000
7 5 0.000000
7 6 0.000000
7 7 0.000000
7 8 0.000000
7 9 0.000000
7 10 0.000000
7 11 0.000000
7 12 0.000000
7 13 0.000000
7 14 0.000000
7 15 0.000000
7 16 0.000000
7 17 0.000000
7 18 0.000000
7 19 0.000000
7 20 0.000000
7 21 0.000000
7 22 0.000000
7 23 0.000000
7 24 0.000000
7 25 0.000000
7 26 0.000000
7 27 0.000000
7 28 0.000000
7 29 0.000000
7 30 0.000000
7 31 0.000000
8 0 0.000000
8 1 0.000000
8 2 0.000000
8 3 0.000000
8 4 0.000000
8 5 0.000000
8 6 0.000000
8 7 0.000000
8 8 134536531748141450227875840.000000
8 9 6756759888431180079431680.000000
8 10 -7833901015461723610546176.000000
8 11 590656997607668884732641280.000000
8 12 -5642254304818585548095488.000000
8 13 8087078542648121082511360.000000
8 14 -4801743399079569717723136.000000
8 15 -14926964648022207132336128.000000
8 16 -14420133437068009560604672.000000
8 17 -11212416427954104954781696.000000
8 18 -13472654474131570467799040.000000
8 19 -58590488574998038286696448.000000
8 20 -15825754582897594470498304.000000
8 21 583300583645026105224593408.000000
8 22 -77654797358493256699084800.000000
8 23 -43398695551524629190279168.000000
8 24 0.000000
8 25 0.000000
8 26 0.000000
8 27 0.000000
8 28 0.000000
8 29 0.000000
8 30 0.000000
8 31 0.000000
9 0 0.000000
9 1 0.000000
9 2 0.000000
9 3 0.000000
9 4 0.000000
9 5 0.000000
9 6 0.000000
9 7 0.000000
9 8 75765232799418929343627264.000000
9 9 4670233678274332807135232.000000
9 10 36555338575960924227633152.000000
9 11 25235796140563264872382464.000000
9 12 22001971223977538216787968.000000
9 13 2549349254358696888107008.000000
9 14 -1194234140881424123691008.000000
9 15 -10296444503895561776136192.000000
9 16 -10055182996920028371091456.000000
9 17 -8162408127916123250229248.000000
9 18 -8498537204437478755270656.000000
9 19 -26556855105715955983974400.000000
9 20 -48005405560738133942730752.000000
9 21 -23964903095919026886410240.000000
9 22 -37266435195729326091796480.000000
9 23 -21525205900020478000496640.000000
9 24 0.000000
9 25 0.000000
9 26 0.000000
9 27 0.000000
9 28 0.000000
9 29 0.000000
9 30 0.000000
9 31 0.000000
10 0 0.000000
10 1 0.000000
10 2 0.000000
10 3 0.000000
10 4 0.000000
10 5 0.000000
10 6 0.000000
10 7 0.000000
10 8 75642875545978013887758336.000000
10 9 4526841371981865428189184.000000
10 10 31493736469575760359718912.000000
10 11 30285179584842605376045056.000000
10 12 9322278290431235692953600.000000
10 13 1207211929740437058748416.000000
10 14 -3760071037447127378690048.000000
10 15 -10439892150420250283737088.000000
10 16 -8866386033854330137739264.000000
10 17 -9691050033512524856426496.000000
10 18 -7604467330201951848628224.000000
10 19 -24460138222379888791257088.000000
10 20 -28049104467558690161950720.000000
10 21 -54940472830307295154929664.000000
10 22 -40461867826211644743090176.000000
10 23 -21167046222928342560014336.000000
10 24 0.000000
10 25 0.000000
10 26 0.000000
10 27 0.000000
10 28 0.000000
10 29 0.000000
10 30 0.000000
10 31 0.000000
11 0 0.000000
11 1 0.000000
11 2 0.000000
11 3 0.000000
11 4 0.000000
11 5 0.000000
11 6 0.000000
11 7 0.000000
11 8 622390414928837362510200832.000000
11 9 27212055785098008693047296.000000
11 10 27138305702291317905686528.000000
11 11 14442686887541128701149184.000000
11 12 6732486279073187523198976.000000
11 13 2118001255462990346452992.000000
11 14 -3545452969982305903837184.000000
11 15 -10425394162499819183013888.000000
11 16 -8165648990265573097078784.000000
11 17 -9150407093592722283429888.000000
11 18 -7719575013221899450712064.000000
11 19 -25779142681411370501537792.000000
11 20 -23431072769169946172194816.000000
11 21 -44805757849234972658892800.000000
11 22 -56630747989781301369503744.000000
11 23 -33995251010708319166791680.000000
11 24 0.000000
11 25 0.000000
11 26 0.000000
11 27 0.000000
11 28 0.000000
11 29 0.000000
11 30 0.000000
11 31 0.000000
12 0 0.000000
12 1 0.000000
12 2 0.000000
12 3 0.000000
12 4 0.000000
12 5 0.000000
12 6 0.000000
12 7 0.000000
12 8 108622139845024650507583488.000000
12 9 35858183083026228357103616.000000
12 10 11655777004236686386790400.000000
12 11 12314569034105589424193536.000000
12 12 6342069011203657111175168.000000
12 13 3192968837226973819305984.000000
12 14 -3012320448973888483753984.000000
12 15 -10020211428920788881768448.000000
12 16 -9402349841847685822283776.000000
12 17 -8855767626796901077090304.000000
12 18 -6637797412360579484483584.000000
12 19 -27101873382745741541244928.000000
12 20 -22460972333391616134873088.000000
12 21 -46646567663722485669429248.000000
12 22 -42922036296345992803909632.000000
12 23 -30822544768924810683088896.000000
12 24 0.000000
12 25 0.000000
12 26 0.000000
12 27 0.000000
12 28 0.000000
12 29 0.000000
12 30 0.000000
12 31 0.000000
13 0 0.000000
13 1 0.000000
13 2 0.000000
13 3 0.000000
13 4 0.000000
13 5 0.000000
13 6 0.000000
13 7 0.000000
13 8 119281258866624388136960000.000000
13 9 26706721066256790808690688.000000
13 10 14480440455130984512225280.000000
13 11 11266478070226624616333312.000000
13 12 6567451330296240412819456.000000
13 13 3566707942610861582974976.000000
13 14 -4410847092324875160780800.000000
13 15 -6940794983604048027975680.000000
13 16 -7437367499010253875314688.000000
13 17 -8301722550846796211421184.000000
13 18 -11359593775546196612349952.000000
13 19 -28700143100309112153440256.000000
13 20 -28127039655427103803834368.000000
13 21 -50354907401488279976017920.000000
13 22 -30115259707650639055028224.000000
13 23 -14910547045796605631397888.000000
13 24 0.000000
13 25 0.000000
13 26 0.000000
13 27 0.000000
13 28 0.000000
13 29 0.000000
13 30 0.000000
13 31 0.000000
14 0 0.000000
14 1 0.000000
14 2 0.000000
14 3 0.000000
14 4 0.000000
14 5 0.000000
14 6 0.000000
14 7 0.000000
14 8 103755731961055444260093952.000000
14 9 24917901094098018955689984.000000
14 10 15344683097120827680751616.000000
14 11 12352175027742855558856704.000000
14 12 6312758864252789543927808.000000
14 13 3495956320407277052887040.000000
14 14 -4694577039383354077609984.000000
14 15 -6501241354129678404681728.000000
14 16 -6980581151806525710270464.000000
14 17 -7584092324911787345444864.000000
14 18 -13552202599184929088602112.000000
14 19 -27899510596492942553120768.000000
14 20 -27393606334428448886358016.000000
14 21 -48093299684563341528793088.000000
14 22 -29323350207938324858929152.000000
14 23 -13218984073001953568751616.000000
14 24 0.000000
14 25 0.000000
14 26 0.000000
14 27 0.000000
14 28 0.000000
14 29 0.000000
14 30 0.000000
14 31 0.000000
15 0 0.000000
15 1 0.000000
15 2 0.000000
15 3 0.000000
15 4 0.000000
15 5 0.000000
15 6 0.000000
15 7 0.000000
15 8 139465261956963684195500032.000000
15 9 26792539931373706070196224.000000
15 10 15990396385441470646059008.000000
15 11 11676454651421810187304960.000000
15 12 6221938049188137476816896.000000
15 13 4614408642560516973133824.000000
15 14 -4109400776965855129894912.000000
15 15 -6317864577135940965761024.000000
15 16 -7486347063290466555396096.000000
15 17 -6147121513989685356003328.000000
15 18 -14900892481117027894820864.000000
15 19 -27720037611713803898060800.000000
15 20 -27406779615540086719905792.000000
15 21 -47181615475580431214051328.000000
15 22 -28691689879837334751412224.000000
15 23 -12913015999501865484025856.000000
15 24 0.000000
15 25 0.000000
15 26 0.000000
15 27 0.000000
15 28 0.000000
15 29 0.000000
15 30 0.000000
15 31 0.000000
16 0 0.000000
16 1 0.000000
16 2 0.000000
16 3 0.000000
16 4 0.000000
16 5 0.000000
16 6 0.000000
16 7 0.000000
16 8 3197068377066310772073693184.000000
16 9 32456289881184933976735744.000000
16 10 16375694681830546657509376.000000
16 11 10490878951039983484403712.000000
16 12 7479110175006049376927744.000000
16 13 4008362195066624881459200.000000
16 14 -4277985571055486722113536.000000
16 15 -4781131180189832355774464.000000
16 16 -7291182816833628712992768.000000
16 17 -7175897007441219353051136.000000
16 18 -15269243984309887862571008.000000
16 19 -25724906947991655206092800.000000
16 20 -29697438648538108497231872.000000
16 21 -46647420825635894736191488.000000
16 22 -27448240978688758150856704.000000
16 23 -13041709709532100170874880.000000
16 24 0.000000
16 25 0.000000
16 26 0.000000
16 27 0.000000
16 28 0.000000
16 29 0.000000
16 30 0.000000
16 31 0.000000
17 0 0.000000
17 1 0.000000
17 2 0.000000
17 3 0.000000
17 4 0.000000
17 5 0.000000
17 6 0.000000
17 7 0.000000
17 8 9542948619334490811006976.000000
17 9 32295791678528614809206784.000000
17 10 17100784309900361823420416.000000
17 11 12175218870608273650745344.000000
17 12 8270704927147605903802368.000000
17 13 3064316055910152675524608.000000
17 14 -3977037317786456849121280.000000
17 15 -4601972654751075218227200.000000
17 16 -7889458573386470656049152.000000
17 17 -6799408760729596562767872.000000
17 18 -16839971560049705507356672.000000
17 19 -24355077097351085253722112.000000
17 20 -31355176057309100276449280.000000
17 21 -45963710703287923915096064.000000
17 22 -26607696638226108721922048.000000
17 23 -12445437154093512624439296.000000
17 24 0.000000
17 25 0.000000
17 26 0.000000
17 27 0.000000
17 28 0.000000
17 29 0.000000
17 30 0.000000
17 31 0.000000
18 0 0.000000
18 1 0.000000
18 2 0.000000
18 3 0.000000
18 4 0.000000
18 5 0.000000
18 6 0.000000
18 7 0.000000
18 8 11377752289243754452221952.000000
18 9 33047828540925605809487872.000000
18 10 18224216388262374867468288.000000
18 11 11794267088291565452394496.000000
18 12 6829956568915659580243968.000000
18 13 2647781945427139510665216.000000
18 14 -3297480306928456042545152.000000
18 15 -5339260768800383128567808.000000
18 16 -7231053348682363215806464.000000
18 17 -4337505720191567500673024.000000
18 18 -18353735590089908056752128.000000
18 19 -23667018155087737405833216.000000
18 20 -31823176871988139242029056.000000
18 21 -45018587158985396610662400.000000
18 22 -25749058347670159436546048.000000
18 23 -11946860861112300077056000.000000
18 24 0.000000
18 25 0.000000
18 26 0.000000
18 27 0.000000
18 28 0.000000
18 29 0.000000
18 30 0.000000
18 31 0.000000
19 0 0.000000
19 1 0.000000
19 2 0.000000
19 3 0.000000
19 4 0.000000
19 5 0.000000
19 6 0.000000
19 7 0.000000
19 8 27771612402300886590685184.000000
19 9 37227648610471342545829888.000000
19 10 19111774561839882302390272.000000
19 11 10443549217432863202344960.000000
19 12 7551118769880031521931264.000000
19 13 2761659749432047758737408.000000
19 14 -2742911228154507364925440.000000
19 15 -5307591167990337648984064.000000
19 16 -6829431989631063464869888.000000
19 17 -4887919093402160798367744.000000
19 18 -19644742503303517095067648.000000
19 19 -22032516726320592020570112.000000
19 20 -33859605184005305192677376.000000
19 21 -43615080471195260658122752.000000
19 22 -24591769576403861724200960.000000
19 23 -12514199698471274191781888.000000
19 24 0.000000
19 25 0.000000
19 26 0.000000
19 27 0.000000
19 28 0.000000
19 29 0.000000
19 30 0.000000
19 31 0.000000
20 0 0.000000
20 1 0.000000
20 2 0.000000
20 3 0.000000
20 4 0.000000
20 5 0.000000
20 6 0.000000
20 7 0.000000
20 8 39345991995390824974123008.000000
20 9 54608828041978107981201408.000000
20 10 20509807178326144945487872.000000
20 11 10823129023159089252794368.000000
20 12 7003344433993483296964608.000000
20 13 1530703905707390952013824.000000
20 14 -1372956141415499493801984.000000
20 15 -3603826826912431324790784.000000
20 16 -6730320516026783561154560.000000
20 17 -5985884288648913199562752.000000
20 18 -19890381653232042698080256.000000
20 19 -20666058018159492488757248.000000
20 20 -35363003296797587580911616.000000
20 21 -42647474957552899837657088.000000
20 22 -24077375200379443236306944.000000
20 23 -18482361277751370939629568.000000
20 24 0.000000
20 25 0.000000
20 26 0.000000
20 27 0.000000
20 28 0.000000
20 29 0.000000
20 30 0.000000
20 31 0.000000
21 0 0.000000
21 1 0.000000
21 2 0.000000
21 3 0.000000
21 4 0.000000
21 5 0.000000
21 6 0.000000
21 7 0.000000
21 8 1570347268440622011814772736.000000
21 9 58762444511567140299472896.000000
21 10 38309142016181776924278784.000000
21 11 13516545042890448525328384.000000
21 12 5975474560383817978216448.000000
21 13 1548013869177558152511488.000000
21 14 -489852568301416763883520.000000
21 15 -4541018271263263522029568.000000
21 16 -6039775298538751047761920.000000
21 17 -5339421601350275783720960.000000
21 18 -21657639687411657298935808.000000
21 19 -19689325977886663867629568.000000
21 20 -36486933437249590782853120.000000
21 21 -42208557740749073193893888.000000
21 22 -29011180569664956544319488.000000
21 23 -11124219085773185767964672.000000
21 24 0.000000
21 25 0.000000
21 26 0.000000
21 27 0.000000
21 28 0.000000
21 29 0.000000
21 30 0.000000
21 31 0.000000
22 0 0.000000
22 1 0.000000
22 2 0.000000
22 3 0.000000
22 4 0.000000
22 5 0.000000
22 6 0.000000
22 7 0.000000
22 8 -2300775919200946859540480.000000
22 9 23859018784935934060134400.000000
22 10 67572757055123411827687424.000000
22 11 30433306939754493075521536.000000
22 12 7473017561314954494083072.000000
22 13 3449029244635640712134656.000000
22 14 -1128345829814647425859584.000000
22 15 -6052678219557558575693824.000000
22 16 -4950236806569170091114496.000000
22 17 -4918285892912000540868608.000000
22 18 -21561887250611049443885056.000000
22 19 -19515875855047591381172224.000000
22 20 -37574212203070142319427584.000000
22 21 -42683035668440993425784832.000000
22 22 -35524140217967458941665280.000000
22 23 -7352585110325980169240576.000000
22 24 0.000000
22 25 0.000000
22 26 0.000000
22 27 0.000000
22 28 0.000000
22 29 0.000000
22 30 0.000000
22 31 0.000000
23 0 0.000000
23 1 0.000000
23 2 0.000000
23 3 0.000000
23 4 0.000000
23 5 0.000000
23 6 0.000000
23 7 0.000000
23 8 -2290032708390644107706368.000000
23 9 24501869369160638224400384.000000
23 10 6180948230934850246279168.000000
23 11 44129786136025922994700288.000000
23 12 26114250845940396643581952.000000
23 13 4648743797889213482926080.000000
23 14 -1819613784970880356450304.000000
23 15 -4377595106749756783722496.000000
23 16 -4937071595908064505495552.000000
23 17 -6147945276404726948167680.000000
23 18 -22281144248789058570944512.000000
23 19 -19697015964322391536959488.000000
23 20 -38493378872617951071043584.000000
23 21 -55266131650184563579158528.000000
23 22 -18907090642519505724506112.000000
23 23 -9831052750581448105263104.000000
23 24 0.000000
23 25 0.000000
23 26 0.000000
23 27 0.000000
23 28 0.000000
23 29 0.000000
23 30 0.000000
23 31 0.000000
24 0 0.000000
24 1 0.000000
24 2 0.000000
24 3 0.000000
24 4 0.000000
24 5 0.000000
24 6 0.000000
24 7 0.000000
24 8 0.000000
24 9 0.000000
24 10 0.000000
24 11 0.000000
24 12 0.000000
24 13 0.000000
24 14 0.000000
24 15 0.000000
24 16 0.000000
24 17 0.000000
24 18 0.000000
24 19 0.000000
24 20 0.000000
24 21 0.000000
24 22 0.000000
24 23 0.000000
24 24 0.000000
24 25 0.000000
24 26 0.000000
24 27 0.000000
24 28 0.000000
24 29 0.000000
24 30 0.000000
24 31 0.000000
25 0 0.000000
25 1 0.000000
25 2 0.000000
25 3 0.000000
25 4 0.000000
25 5 0.000000
25 6 0.000000
25 7 0.000000
25 8 0.000000
25 9 0.000000
25 10 0.000000
25 11 0.000000
25 12 0.000000
25 13 0.000000
25 14 0.000000
25 15 0.000000
25 16 0.000000
25 17 0.000000
25 18 0.000000
25 19 0.000000
25 20 0.000000
25 21 0.000000
25 22 0.000000
25 23 0.000000
25 24 0.000000
25 25 0.000000
25 26 0.000000
25 27 0.000000
25 28 0.000000
25 29 0.000000
25 30 0.000000
25 31 0.000000
26 0 0.000000
26 1 0.000000
26 2 0.000000
26 3 0.000000
26 4 0.000000
26 5 0.000000
26 6 0.000000
26 7 0.000000
26 8 0.000000
26 9 0.000000
26 10 0.000000
26 11 0.000000
26 12 0.000000
26 13 0.000000
26 14 0.000000
26 15 0.000000
26 16 0.000000
26 17 0.000000
26 18 0.000000
26 19 0.000000
26 20 0.000000
26 21 0.000000
26 22 0.000000
26 23 0.000000
26 24 0.000000
26 25 0.000000
26 26 0.000000
26 27 0.000000
26 28 0.000000
26 29 0.000000
26 30 0.000000
26 31 0.000000
27 0 0.000000
27 1 0.000000
27 2 0.000000
27 3 0.000000
27 4 0.000000
27 5 0.000000
27 6 0.000000
27 7 0.000000
27 8 0.000000
27 9 0.000000
27 10 0.000000
27 11 0.000000
27 12 0.000000
27 13 0.000000
27 14 0.000000
27 15 0.000000
27 16 0.000000
27 17 0.000000
27 18 0.000000
27 19 0.000000
27 20 0.000000
27 21 0.000000
27 22 0.000000
27 23 0.000000
27 24 0.000000
27 25 0.000000
27 26 0.000000
27 27 0.000000
27 28 0.000000
27 29 0.000000
27 30 0.000000
27 31 0.000000
28 0 0.000000
28 1 0.000000
28 2 0.000000
28 3 0.000000
28 4 0.000000
28 5 0.000000
28 6 0.000000
28 7 0.000000
28 8 0.000000
28 9 0.000000
28 10 0.000000
28 11 0.000000
28 12 0.000000
28 13 0.000000
28 14 0.000000
28 15 0.000000
28 16 0.000000
28 17 0.000000
28 18 0.000000
28 19 0.000000
28 20 0.000000
28 21 0.000000
28 22 0.000000
28 23 0.000000
28 24 0.000000
28 25 0.000000
28 26 0.000000
28 27 0.000000
28 28 0.000000
28 29 0.000000
28 30 0.000000
28 31 0.000000
29 0 0.000000
29 1 0.000000
29 2 0.000000
29 3 0.000000
29 4 0.000000
29 5 0.000000
29 6 0.000000
29 7 0.000000
29 8 0.000000
29 9 0.000000
29 10 0.000000
29 11 0.000000
29 12 0.000000
29 13 0.000000
29 14 0.000000
29 15 0.000000
29 16 0.000000
29 17 0.000000
29 18 0.000000
29 19 0.000000
29 20 0.000000
29 21 0.000000
29 22 0.000000
29 23 0.000000
29 24 0.000000
29 25 0.000000
29 26 0.000000
29 27 0.000000
29 28 0.000000
29 29 0.000000
29 30 0.000000
29 31 0.000000
30 0 0.000000
30 1 0.000000
30 2 0.000000
30 3 0.000000
30 4 0.000000
30 5 0.000000
30 6 0.000000
30 7 0.000000
30 8 0.000000
30 9 0.000000
30 10 0.000000
30 11 0.000000
30 12 0.000000
30 13 0.000000
30 14 0.000000
30 15 0.000000
30 16 0.000000
30 17 0.000000
30 18 0.000000
30 19 0.000000
30 20 0.000000
30 21 0.000000
30 22 0.000000
30 23 0.000000
30 24 0.000000
30 25 0.000000
30 26 0.000000
30 27 0.000000
30 28 0.000000
30 29 0.000000
30 30 0.000000
30 31 0.000000
31 0 0.000000
31 1 0.000000
31 2 0.000000
31 3 0.000000
31 4 0.000000
31 5 0.000000
31 6 0.000000
31 7 0.000000
31 8 0.000000
31 9 0.000000
31 10 0.000000
31 11 0.000000
31 12 0.000000
31 13 0.000000
31 14 0.000000
31 15 0.000000
31 16 0.000000
31 17 0.000000
31 18 0.000000
31 19 0.000000
31 20 0.000000
31 21 0.000000
31 22 0.000000
31 23 0.000000
31 24 0.000000
31 25 0.000000
31 26 0.000000
31 27 0.000000
31 28 0.000000
31 29 0.000000
31 30 0.000000
31 31 0.000000
