0 0 2.699997
0 1 3.050001
0 2 3.050001
0 3 3.050001
0 4 3.050001
0 5 3.050001
0 6 3.050001
0 7 3.050001
0 8 3.050001
0 9 3.050001
0 10 3.050001
0 11 3.050001
0 12 3.050001
0 13 3.050001
0 14 3.050001
0 15 3.050001
0 16 3.050001
0 17 3.050000
0 18 3.050001
0 19 3.050001
0 20 3.050001
0 21 3.050000
0 22 3.050000
0 23 3.050001
0 24 3.050001
0 25 3.050001
0 26 3.050001
0 27 3.050001
0 28 3.050000
0 29 3.050001
0 30 3.050000
0 31 3.050001
1 0 4.266548
1 1 4.283519
1 2 4.346282
1 3 4.357595
1 4 4.422297
1 5 4.439267
1 6 4.456239
1 7 4.473208
1 8 4.490179
1 9 4.607151
1 10 4.624121
1 11 4.641090
1 12 4.658062
1 13 4.675032
1 14 4.740624
1 15 4.751939
1 16 4.813812
1 17 4.830783
1 18 4.847754
1 19 4.864725
1 20 4.881695
1 21 4.898666
1 22 5.015635
1 23 5.032606
1 24 5.049578
1 25 5.066547
1 26 5.083518
1 27 5.146281
1 28 5.157597
1 29 5.222298
1 30 5.239268
1 31 5.256238
2 0 3.080669
2 1 3.020734
2 2 3.009419
2 3 2.998106
2 4 2.986792
2 5 2.975478
2 6 2.917438
2 7 2.911782
2 8 2.906124
2 9 2.900467
2 10 2.894810
2 11 2.889153
2 12 2.883497
2 13 2.826390
2 14 2.815076
2 15 2.803763
2 16 2.792449
2 17 2.781135
2 18 2.669821
2 19 2.658508
2 20 2.647193
2 21 2.635880
2 22 2.624566
2 23 2.613252
2 24 2.601939
2 25 2.590625
2 26 2.525033
2 27 2.508062
2 28 2.491092
2 29 2.474121
2 30 2.457151
2 31 2.340180
3 0 0.000000
3 1 0.000000
3 2 0.000000
3 3 0.000000
3 4 0.000000
3 5 0.000000
3 6 0.000000
3 7 0.000000
3 8 0.000000
3 9 0.000000
3 10 0.000000
3 11 0.000000
3 12 0.000000
3 13 0.000000
3 14 0.000000
3 15 0.000000
3 16 0.000000
3 17 0.000000
3 18 0.000000
3 19 0.000000
3 20 0.000000
3 21 0.000000
3 22 0.000000
3 23 0.000000
3 24 0.000000
3 25 0.000000
3 26 0.000000
3 27 0.000000
3 28 0.000000
3 29 0.000000
3 30 0.000000
3 31 0.000000
4 0 0.000000
4 1 0.000000
4 2 0.000000
4 3 0.000000
4 4 0.000000
4 5 0.000000
4 6 0.000000
4 7 0.000000
4 8 0.000000
4 9 0.000000
4 10 0.000000
4 11 0.000000
4 12 0.000000
4 13 0.000000
4 14 0.000000
4 15 0.000000
4 16 0.000000
4 17 0.000000
4 18 0.000000
4 19 0.000000
4 20 0.000000
4 21 0.000000
4 22 0.000000
4 23 0.000000
4 24 0.000000
4 25 0.000000
4 26 0.000000
4 27 0.000000
4 28 0.000000
4 29 0.000000
4 30 0.000000
4 31 0.000000
5 0 0.000000
5 1 0.000000
5 2 0.000000
5 3 0.000000
5 4 0.000000
5 5 0.000000
5 6 0.000000
5 7 0.000000
5 8 0.000000
5 9 0.000000
5 10 0.000000
5 11 0.000000
5 12 0.000000
5 13 0.000000
5 14 0.000000
5 15 0.000000
5 16 0.000000
5 17 0.000000
5 18 0.000000
5 19 0.000000
5 20 0.000000
5 21 0.000000
5 22 0.000000
5 23 0.000000
5 24 0.000000
5 25 0.000000
5 26 0.000000
5 27 0.000000
5 28 0.000000
5 29 0.000000
5 30 0.000000
5 31 0.000000
6 0 0.000000
6 1 0.000000
6 2 0.000000
6 3 0.000000
6 4 0.000000
6 5 0.000000
6 6 0.000000
6 7 0.000000
6 8 0.000000
6 9 0.000000
6 10 0.000000
6 11 0.000000
6 12 0.000000
6 13 0.000000
6 14 0.000000
6 15 0.000000
6 16 0.000000
6 17 0.000000
6 18 0.000000
6 19 0.000000
6 20 0.000000
6 21 0.000000
6 22 0.000000
6 23 0.000000
6 24 0.000000
6 25 0.000000
6 26 0.000000
6 27 0.000000
6 28 0.000000
6 29 0.000000
6 30 0.000000
6 31 0.000000
7 0 0.000000
7 1 0.000000
7 2 0.000000
7 3 0.000000
7 4 0.000000
7 5 0.000000
7 6 0.000000
7 7 0.000000
7 8 0.000000
7 9 0.000000
7 10 0.000000
7 11 0.000000
7 12 0.000000
7 13 0.000000
7 14 0.000000
7 15 0.000000
7 16 0.000000
7 17 0.000000
7 18 0.000000
7 19 0.000000
7 20 0.000000
7 21 0.000000
7 22 0.000000
7 23 0.000000
7 24 0.000000
7 25 0.000000
7 26 0.000000
7 27 0.000000
7 28 0.000000
7 29 0.000000
7 30 0.000000
7 31 0.000000
8 0 0.000000
8 1 0.000000
8 2 0.000000
8 3 0.000000
8 4 0.000000
8 5 0.000000
8 6 0.000000
8 7 0.000000
8 8 281588719622844869246976.000000
8 9 14142090959878147276800.000000
8 10 -16396571541241587564544.000000
8 11 1236261588488857516507136.000000
8 12 -11809390734286629371904.000000
8 13 16926481961896602763264.000000
8 14 -10050184514744004640768.000000
8 15 -31242553730779513356288.000000
8 16 -30181742097551461449728.000000
8 17 -23467901873857092386816.000000
8 18 -28198640548434019352576.000000
8 19 -122631540672620828557312.000000
8 20 -33123747827528815869952.000000
8 21 1220864321794833075142656.000000
8 22 -162533685572702555865088.000000
8 23 -90834677144305113497600.000000
8 24 0.000000
8 25 0.000000
8 26 0.000000
8 27 0.000000
8 28 0.000000
8 29 0.000000
8 30 0.000000
8 31 0.000000
9 0 0.000000
9 1 0.000000
9 2 0.000000
9 3 0.000000
9 4 0.000000
9 5 0.000000
9 6 0.000000
9 7 0.000000
9 8 158578768495133862133760.000000
9 9 9774930135018654138368.000000
9 10 76511356831821950091264.000000
9 11 52819234243316962820096.000000
9 12 46050751845343707529216.000000
9 13 5335860334908936290304.000000
9 14 -2499567880459826233344.000000
9 15 -21550748785883050147840.000000
9 16 -21045780425864319598592.000000
9 17 -17084147355351309615104.000000
9 18 -17787674919341177962496.000000
9 19 -55584232745339960950784.000000
9 20 -100476649759324722167808.000000
9 21 -50159205641408716210176.000000
9 22 -77999706436675351609344.000000
9 23 -45052866757909089878016.000000
9 24 0.000000
9 25 0.000000
9 26 0.000000
9 27 0.000000
9 28 0.000000
9 29 0.000000
9 30 0.000000
9 31 0.000000
10 0 0.000000
10 1 0.000000
10 2 0.000000
10 3 0.000000
10 4 0.000000
10 5 0.000000
10 6 0.000000
10 7 0.000000
10 8 158322657791524556767232.000000
10 9 9474809129950777442304.000000
10 10 65917287226779199602688.000000
10 11 63387723402476248891392.000000
10 12 19511793594186959159296.000000
10 13 2526729371287474405376.000000
10 14 -7869931136538978025472.000000
10 15 -21850983506841517948928.000000
10 16 -18557595674937649004544.000000
10 17 -20283634009124596875264.000000
10 18 -15916367349673860530176.000000
10 19 -51195754131644309569536.000000
10 20 -58707564655314319966208.000000
10 21 -114991949516723435077632.000000
10 22 -84687831106497435140096.000000
10 23 -44303229089134388707328.000000
10 24 0.000000
10 25 0.000000
10 26 0.000000
10 27 0.000000
10 28 0.000000
10 29 0.000000
10 30 0.000000
10 31 0.000000
11 0 0.000000
11 1 0.000000
11 2 0.000000
11 3 0.000000
11 4 0.000000
11 5 0.000000
11 6 0.000000
11 7 0.000000
11 8 1302680531678129515659264.000000
11 9 56955601349872413835264.000000
11 10 56801235969044662714368.000000
11 11 30228948828845558988800.000000
11 12 14091284726581873868800.000000
11 13 4433038635783738621952.000000
11 14 -7420728598906162642944.000000
11 15 -21820645007951736602624.000000
11 16 -17090927524590315896832.000000
11 17 -19152050559552231309312.000000
11 18 -16157287411740045213696.000000
11 19 -53956469710421678358528.000000
11 20 -49041894099055487746048.000000
11 21 -93779698034232992464896.000000
11 22 -118529743196805073469440.000000
11 23 -71153014527573180284928.000000
11 24 0.000000
11 25 0.000000
11 26 0.000000
11 27 0.000000
11 28 0.000000
11 29 0.000000
11 30 0.000000
11 31 0.000000
12 0 0.000000
12 1 0.000000
12 2 0.000000
12 3 0.000000
12 4 0.000000
12 5 0.000000
12 6 0.000000
12 7 0.000000
12 8 227349203179442582585344.000000
12 9 75052186048954282016768.000000
12 10 24395866325276969402368.000000
12 11 25774742430388248903680.000000
12 12 13274127966293727379456.000000
12 13 6682973677748278525952.000000
12 14 -6304871719232574849024.000000
12 15 -20972576665721225871360.000000
12 16 -19679381543520670056448.000000
12 17 -18535370410776575606784.000000
12 18 -13893093691880273608704.000000
12 19 -56724976516554398105600.000000
12 20 -47011437199856244883456.000000
12 21 -97632572551444725497856.000000
12 22 -89837030747650746482688.000000
12 23 -64512452373415756562432.000000
12 24 0.000000
12 25 0.000000
12 26 0.000000
12 27 0.000000
12 28 0.000000
12 29 0.000000
12 30 0.000000
12 31 0.000000
13 0 0.000000
13 1 0.000000
13 2 0.000000
13 3 0.000000
13 4 0.000000
13 5 0.000000
13 6 0.000000
13 7 0.000000
13 8 249658972883923960332288.000000
13 9 55897908459386315997184.000000
13 10 30307968987907401711616.000000
13 11 23581052562694962413568.000000
13 12 13745859761062463668224.000000
13 13 7465217970775095508992.000000
13 14 -9232028518288535322624.000000
13 15 -14527275954707797901312.000000
13 16 -15566617802612267810816.000000
13 17 -17375739668624853434368.000000
13 18 -23775952591968861683712.000000
13 19 -60070196276569674088448.000000
13 20 -58870685033817679331328.000000
13 21 -105394238278841623642112.000000
13 22 -63032074139902800822272.000000
13 23 -31208193517422490157056.000000
13 24 0.000000
13 25 0.000000
13 26 0.000000
13 27 0.000000
13 28 0.000000
13 29 0.000000
13 30 0.000000
13 31 0.000000
14 0 0.000000
14 1 0.000000
14 2 0.000000
14 3 0.000000
14 4 0.000000
14 5 0.000000
14 6 0.000000
14 7 0.000000
14 8 217163664103797864529920.000000
14 9 52153854419970736259072.000000
14 10 32116853289039643541504.000000
14 11 25853451841075803062272.000000
14 12 13212784435769313853440.000000
14 13 7317136800277386493952.000000
14 14 -9825881609402910244864.000000
14 15 -13607281748728459821056.000000
14 16 -14610550889517598900224.000000
14 17 -15873712631703127719936.000000
14 18 -28365136374858092904448.000000
14 19 -58394451891221386231808.000000
14 20 -57335592568431799435264.000000
14 21 -100660621804102806929408.000000
14 22 -61374591851043500326912.000000
14 23 -27667702181164056838144.000000
14 24 0.000000
14 25 0.000000
14 26 0.000000
14 27 0.000000
14 28 0.000000
14 29 0.000000
14 30 0.000000
14 31 0.000000
15 0 0.000000
15 1 0.000000
15 2 0.000000
15 3 0.000000
15 4 0.000000
15 5 0.000000
15 6 0.000000
15 7 0.000000
15 8 291904718972495255830528.000000
15 9 56077534530523988230144.000000
15 10 33468352012016137797632.000000
15 11 24439145917695999868928.000000
15 12 13022691999097632587776.000000
15 13 9658088746286153990144.000000
15 14 -8601091661942484893696.000000
15 15 -13223469225885250355200.000000
15 16 -15669136618629822939136.000000
15 17 -12866097336454333071360.000000
15 18 -31187988117694292426752.000000
15 19 -58018815653501667901440.000000
15 20 -57363159101750934241280.000000
15 21 -98752446641985927774208.000000
15 22 -60052515144432617521152.000000
15 23 -27027303824950854418432.000000
15 24 0.000000
15 25 0.000000
15 26 0.000000
15 27 0.000000
15 28 0.000000
15 29 0.000000
15 30 0.000000
15 31 0.000000
16 0 0.000000
16 1 0.000000
16 2 0.000000
16 3 0.000000
16 4 0.000000
16 5 0.000000
16 6 0.000000
16 7 0.000000
16 8 6691553530434378331586560.000000
16 9 67931922980487489912832.000000
16 10 34274784575691608293376.000000
16 11 21957703055411502907392.000000
16 12 15653992138982882803712.000000
16 13 8389611067690467721216.000000
16 14 -8953945315047242727424.000000
16 15 -10007041156213702131712.000000
16 16 -15260647747528343683072.000000
16 17 -15019357264392807776256.000000
16 18 -31958954834304220266496.000000
16 19 -53842951978214177636352.000000
16 20 -62157583178658507390976.000000
16 21 -97634355976897164214272.000000
16 22 -57449934459371108958208.000000
16 23 -27296664118663883784192.000000
16 24 0.000000
16 25 0.000000
16 26 0.000000
16 27 0.000000
16 28 0.000000
16 29 0.000000
16 30 0.000000
16 31 0.000000
17 0 0.000000
17 1 0.000000
17 2 0.000000
17 3 0.000000
17 4 0.000000
17 5 0.000000
17 6 0.000000
17 7 0.000000
17 8 19973664757571567747072.000000
17 9 67595999484281924616192.000000
17 10 35792418837121986461696.000000
17 11 25483075807720853471232.000000
17 12 17310816902296587206656.000000
17 13 6413698952428169199616.000000
17 14 -8324051604964881989632.000000
17 15 -9632057940439952523264.000000
17 16 -16512856735420107456512.000000
17 17 -14231353430392537350144.000000
17 18 -35246535274488594956288.000000
17 19 -50975865879837945102336.000000
17 20 -65627259914376167030784.000000
17 21 -96203319180901679628288.000000
17 22 -55690652804534725771264.000000
17 23 -26048649107925108785152.000000
17 24 0.000000
17 25 0.000000
17 26 0.000000
17 27 0.000000
17 28 0.000000
17 29 0.000000
17 30 0.000000
17 31 0.000000
18 0 0.000000
18 1 0.000000
18 2 0.000000
18 3 0.000000
18 4 0.000000
18 5 0.000000
18 6 0.000000
18 7 0.000000
18 8 23813953965624613928960.000000
18 9 69170030072046049820672.000000
18 10 38143799993967837184000.000000
18 11 24685738263492857692160.000000
18 12 14295289908402409439232.000000
18 13 5541881440512673579008.000000
18 14 -6901718578199244308480.000000
18 15 -11175219730458173505536.000000
18 16 -15134796907741288857600.000000
18 17 -9078521636139751702528.000000
18 18 -38414885166338149449728.000000
18 19 -49535736316194799484928.000000
18 20 -66606806344128132022272.000000
18 21 -94225176094973972447232.000000
18 22 -53893500380431784083456.000000
18 23 -25005113282867650101248.000000
18 24 0.000000
18 25 0.000000
18 26 0.000000
18 27 0.000000
18 28 0.000000
18 29 0.000000
18 30 0.000000
18 31 0.000000
19 0 0.000000
19 1 0.000000
19 2 0.000000
19 3 0.000000
19 4 0.000000
19 5 0.000000
19 6 0.000000
19 7 0.000000
19 8 58126766936569738690560.000000
19 9 77918515542593116307456.000000
19 10 40001476293463010967552.000000
19 11 21858644129807675162624.000000
19 12 15804705100512836452352.000000
19 13 5780231073091536551936.000000
19 14 -5740991772488210841600.000000
19 15 -11108938002942348230656.000000
19 16 -14294188778293517352960.000000
19 17 -10230552553920286162944.000000
19 18 -41116995403164545974272.000000
19 19 -46114684945653859090432.000000
19 20 -70869103103464116846592.000000
19 21 -91287586144431254798336.000000
19 22 -51471261838848699662336.000000
19 23 -26192570641216987725824.000000
19 24 0.000000
19 25 0.000000
19 26 0.000000
19 27 0.000000
19 28 0.000000
19 29 0.000000
19 30 0.000000
19 31 0.000000
20 0 0.000000
20 1 0.000000
20 2 0.000000
20 3 0.000000
20 4 0.000000
20 5 0.000000
20 6 0.000000
20 7 0.000000
20 8 82352273346942350655488.000000
20 9 114297818713356075270144.000000
20 10 42927600079354443333632.000000
20 11 22653112881073035935744.000000
20 12 14658196721775365062656.000000
20 13 3203806450240865697792.000000
20 14 -2873632643384568971264.000000
20 15 -7542909004996910514176.000000
20 16 -14086748475857204936704.000000
20 17 -12528624601976952324096.000000
20 18 -41631117329425907056640.000000
20 19 -43254637973495206641664.000000
20 20 -74015759155908627660800.000000
20 21 -89262353420799761711104.000000
20 22 -50394626808329881518080.000000
20 23 -38684101344863102959616.000000
20 24 0.000000
20 25 0.000000
20 26 0.000000
20 27 0.000000
20 28 0.000000
20 29 0.000000
20 30 0.000000
20 31 0.000000
21 0 0.000000
21 1 0.000000
21 2 0.000000
21 3 0.000000
21 4 0.000000
21 5 0.000000
21 6 0.000000
21 7 0.000000
21 8 3286780907135328350896128.000000
21 9 122991459347641023856640.000000
21 10 80182114787302075006976.000000
21 11 28290509477232750100480.000000
21 12 12506836186979733864448.000000
21 13 3240036220393201074176.000000
21 14 -1025276261843261718528.000000
21 15 -9504477718395987427328.000000
21 16 -12641415002844632711168.000000
21 17 -11175556374530319450112.000000
21 18 -45330045300575234424832.000000
21 19 -41210305483844035280896.000000
21 20 -76368178392468587282432.000000
21 21 -88343700161609473196032.000000
21 22 -60721214120704216137728.000000
21 23 -23283301576930989441024.000000
21 24 0.000000
21 25 0.000000
21 26 0.000000
21 27 0.000000
21 28 0.000000
21 29 0.000000
21 30 0.000000
21 31 0.000000
22 0 0.000000
22 1 0.000000
22 2 0.000000
22 3 0.000000
22 4 0.000000
22 5 0.000000
22 6 0.000000
22 7 0.000000
22 8 -4815589869256307638272.000000
22 9 49937597014544696213504.000000
22 10 141431691216289397735424.000000
22 11 63697760208023688577024.000000
22 12 15641234567138449031168.000000
22 13 7218912166504529133568.000000
22 14 -2361658371195510194176.000000
22 15 -12668425341609787260928.000000
22 16 -10360983554528376782848.000000
22 17 -10294111855461365972992.000000
22 18 -45129626109957992611840.000000
22 19 -40847274821481326968832.000000
22 20 -78643883312975917875200.000000
22 21 -89336806929839450750976.000000
22 22 -74353024724803149365248.000000
22 23 -15389165844194708684800.000000
22 24 0.000000
22 25 0.000000
22 26 0.000000
22 27 0.000000
22 28 0.000000
22 29 0.000000
22 30 0.000000
22 31 0.000000
23 0 0.000000
23 1 0.000000
23 2 0.000000
23 3 0.000000
23 4 0.000000
23 5 0.000000
23 6 0.000000
23 7 0.000000
23 8 -4793101707466986487808.000000
23 9 51283092439217905598464.000000
23 10 12936898426196224638976.000000
23 11 92364883204095296405504.000000
23 12 54657864819987986776064.000000
23 13 9729948181940477624320.000000
23 14 -3808502801883065221120.000000
23 15 -9162429326697198256128.000000
23 16 -10333424902508589875200.000000
23 17 -12867822215111615971328.000000
23 18 -46635057868198010421248.000000
23 19 -41226405852511884804096.000000
23 20 -80567721994596791615488.000000
23 21 -115673560313126704906240.000000
23 22 -39573071378909392535552.000000
23 23 -20576667474278899253248.000000
23 24 0.000000
23 25 0.000000
23 26 0.000000
23 27 0.000000
23 28 0.000000
23 29 0.000000
23 30 0.000000
23 31 0.000000
24 0 0.000000
24 1 0.000000
24 2 0.000000
24 3 0.000000
24 4 0.000000
24 5 0.000000
24 6 0.000000
24 7 0.000000
24 8 0.000000
24 9 0.000000
24 10 0.000000
24 11 0.000000
24 12 0.000000
24 13 0.000000
24 14 0.000000
24 15 0.000000
24 16 0.000000
24 17 0.000000
24 18 0.000000
24 19 0.000000
24 20 0.000000
24 21 0.000000
24 22 0.000000
24 23 0.000000
24 24 0.000000
24 25 0.000000
24 26 0.000000
24 27 0.000000
24 28 0.000000
24 29 0.000000
24 30 0.000000
24 31 0.000000
25 0 0.000000
25 1 0.000000
25 2 0.000000
25 3 0.000000
25 4 0.000000
25 5 0.000000
25 6 0.000000
25 7 0.000000
25 8 0.000000
25 9 0.000000
25 10 0.000000
25 11 0.000000
25 12 0.000000
25 13 0.000000
25 14 0.000000
25 15 0.000000
25 16 0.000000
25 17 0.000000
25 18 0.000000
25 19 0.000000
25 20 0.000000
25 21 0.000000
25 22 0.000000
25 23 0.000000
25 24 0.000000
25 25 0.000000
25 26 0.000000
25 27 0.000000
25 28 0.000000
25 29 0.000000
25 30 0.000000
25 31 0.000000
26 0 0.000000
26 1 0.000000
26 2 0.000000
26 3 0.000000
26 4 0.000000
26 5 0.000000
26 6 0.000000
26 7 0.000000
26 8 0.000000
26 9 0.000000
26 10 0.000000
26 11 0.000000
26 12 0.000000
26 13 0.000000
26 14 0.000000
26 15 0.000000
26 16 0.000000
26 17 0.000000
26 18 0.000000
26 19 0.000000
26 20 0.000000
26 21 0.000000
26 22 0.000000
26 23 0.000000
26 24 0.000000
26 25 0.000000
26 26 0.000000
26 27 0.000000
26 28 0.000000
26 29 0.000000
26 30 0.000000
26 31 0.000000
27 0 0.000000
27 1 0.000000
27 2 0.000000
27 3 0.000000
27 4 0.000000
27 5 0.000000
27 6 0.000000
27 7 0.000000
27 8 0.000000
27 9 0.000000
27 10 0.000000
27 11 0.000000
27 12 0.000000
27 13 0.000000
27 14 0.000000
27 15 0.000000
27 16 0.000000
27 17 0.000000
27 18 0.000000
27 19 0.000000
27 20 0.000000
27 21 0.000000
27 22 0.000000
27 23 0.000000
27 24 0.000000
27 25 0.000000
27 26 0.000000
27 27 0.000000
27 28 0.000000
27 29 0.000000
27 30 0.000000
27 31 0.000000
28 0 0.000000
28 1 0.000000
28 2 0.000000
28 3 0.000000
28 4 0.000000
28 5 0.000000
28 6 0.000000
28 7 0.000000
28 8 0.000000
28 9 0.000000
28 10 0.000000
28 11 0.000000
28 12 0.000000
28 13 0.000000
28 14 0.000000
28 15 0.000000
28 16 0.000000
28 17 0.000000
28 18 0.000000
28 19 0.000000
28 20 0.000000
28 21 0.000000
28 22 0.000000
28 23 0.000000
28 24 0.000000
28 25 0.000000
28 26 0.000000
28 27 0.000000
28 28 0.000000
28 29 0.000000
28 30 0.000000
28 31 0.000000
29 0 0.000000
29 1 0.000000
29 2 0.000000
29 3 0.000000
29 4 0.000000
29 5 0.000000
29 6 0.000000
29 7 0.000000
29 8 0.000000
29 9 0.000000
29 10 0.000000
29 11 0.000000
29 12 0.000000
29 13 0.000000
29 14 0.000000
29 15 0.000000
29 16 0.000000
29 17 0.000000
29 18 0.000000
29 19 0.000000
29 20 0.000000
29 21 0.000000
29 22 0.000000
29 23 0.000000
29 24 0.000000
29 25 0.000000
29 26 0.000000
29 27 0.000000
29 28 0.000000
29 29 0.000000
29 30 0.000000
29 31 0.000000
30 0 0.000000
30 1 0.000000
30 2 0.000000
30 3 0.000000
30 4 0.000000
30 5 0.000000
30 6 0.000000
30 7 0.000000
30 8 0.000000
30 9 0.000000
30 10 0.000000
30 11 0.000000
30 12 0.000000
30 13 0.000000
30 14 0.000000
30 15 0.000000
30 16 0.000000
30 17 0.000000
30 18 0.000000
30 19 0.000000
30 20 0.000000
30 21 0.000000
30 22 0.000000
30 23 0.000000
30 24 0.000000
30 25 0.000000
30 26 0.000000
30 27 0.000000
30 28 0.000000
30 29 0.000000
30 30 0.000000
30 31 0.000000
31 0 0.000000
31 1 0.000000
31 2 0.000000
31 3 0.000000
31 4 0.000000
31 5 0.000000
31 6 0.000000
31 7 0.000000
31 8 0.000000
31 9 0.000000
31 10 0.000000
31 11 0.000000
31 12 0.000000
31 13 0.000000
31 14 0.000000
31 15 0.000000
31 16 0.000000
31 17 0.000000
31 18 0.000000
31 19 0.000000
31 20 0.000000
31 21 0.000000
31 22 0.000000
31 23 0.000000
31 24 0.000000
31 25 0.000000
31 26 0.000000
31 27 0.000000
31 28 0.000000
31 29 0.000000
31 30 0.000000
31 31 0.000000
