0 0 2.699997
0 1 3.050001
0 2 3.050001
0 3 3.050001
0 4 3.050001
0 5 3.050001
0 6 3.050001
0 7 3.050001
0 8 3.050001
0 9 3.050001
0 10 3.050001
0 11 3.050001
0 12 3.050001
0 13 3.050001
0 14 3.050001
0 15 3.050001
0 16 3.050001
0 17 3.050000
0 18 3.050001
0 19 3.050001
0 20 3.050001
0 21 3.050000
0 22 3.050000
0 23 3.050001
0 24 3.050001
0 25 3.050001
0 26 3.050001
0 27 3.050001
0 28 3.050000
0 29 3.050001
0 30 3.050000
0 31 3.050001
1 0 4.266548
1 1 4.283519
1 2 4.346282
1 3 4.357595
1 4 4.422297
1 5 4.439267
1 6 4.456239
1 7 4.473208
1 8 4.490179
1 9 4.607151
1 10 4.624121
1 11 4.641090
1 12 4.658062
1 13 4.675032
1 14 4.740624
1 15 4.751939
1 16 4.813812
1 17 4.830783
1 18 4.847754
1 19 4.864725
1 20 4.881695
1 21 4.898666
1 22 5.015635
1 23 5.032606
1 24 5.049578
1 25 5.066547
1 26 5.083518
1 27 5.146281
1 28 5.157597
1 29 5.222298
1 30 5.239268
1 31 5.256238
2 0 3.080669
2 1 3.020734
2 2 3.009419
2 3 2.998106
2 4 2.986792
2 5 2.975478
2 6 2.917438
2 7 2.911782
2 8 2.906124
2 9 2.900467
2 10 2.894810
2 11 2.889153
2 12 2.883497
2 13 2.826390
2 14 2.815076
2 15 2.803763
2 16 2.792449
2 17 2.781135
2 18 2.669821
2 19 2.658508
2 20 2.647193
2 21 2.635880
2 22 2.624566
2 23 2.613252
2 24 2.601939
2 25 2.590625
2 26 2.525033
2 27 2.508062
2 28 2.491092
2 29 2.474121
2 30 2.457151
2 31 2.340180
3 0 0.000000
3 1 0.000000
3 2 0.000000
3 3 0.000000
3 4 0.000000
3 5 0.000000
3 6 0.000000
3 7 0.000000
3 8 0.000000
3 9 0.000000
3 10 0.000000
3 11 0.000000
3 12 0.000000
3 13 0.000000
3 14 0.000000
3 15 0.000000
3 16 0.000000
3 17 0.000000
3 18 0.000000
3 19 0.000000
3 20 0.000000
3 21 0.000000
3 22 0.000000
3 23 0.000000
3 24 0.000000
3 25 0.000000
3 26 0.000000
3 27 0.000000
3 28 0.000000
3 29 0.000000
3 30 0.000000
3 31 0.000000
4 0 0.000000
4 1 0.000000
4 2 0.000000
4 3 0.000000
4 4 0.000000
4 5 0.000000
4 6 0.000000
4 7 0.000000
4 8 0.000000
4 9 0.000000
4 10 0.000000
4 11 0.000000
4 12 0.000000
4 13 0.000000
4 14 0.000000
4 15 0.000000
4 16 0.000000
4 17 0.000000
4 18 0.000000
4 19 0.000000
4 20 0.000000
4 21 0.000000
4 22 0.000000
4 23 0.000000
4 24 0.000000
4 25 0.000000
4 26 0.000000
4 27 0.000000
4 28 0.000000
4 29 0.000000
4 30 0.000000
4 31 0.000000
5 0 0.000000
5 1 0.000000
5 2 0.000000
5 3 0.000000
5 4 0.000000
5 5 0.000000
5 6 0.000000
5 7 0.000000
5 8 0.000000
5 9 0.000000
5 10 0.000000
5 11 0.000000
5 12 0.000000
5 13 0.000000
5 14 0.000000
5 15 0.000000
5 16 0.000000
5 17 0.000000
5 18 0.000000
5 19 0.000000
5 20 0.000000
5 21 0.000000
5 22 0.000000
5 23 0.000000
5 24 0.000000
5 25 0.000000
5 26 0.000000
5 27 0.000000
5 28 0.000000
5 29 0.000000
5 30 0.000000
5 31 0.000000
6 0 0.000000
6 1 0.000000
6 2 0.000000
6 3 0.000000
6 4 0.000000
6 5 0.000000
6 6 0.000000
6 7 0.000000
6 8 0.000000
6 9 0.000000
6 10 0.000000
6 11 0.000000
6 12 0.000000
6 13 0.000000
6 14 0.000000
6 15 0.000000
6 16 0.000000
6 17 0.000000
6 18 0.000000
6 19 0.000000
6 20 0.000000
6 21 0.000000
6 22 0.000000
6 23 0.000000
6 24 0.000000
6 25 0.000000
6 26 0.000000
6 27 0.000000
6 28 0.000000
6 29 0.000000
6 30 0.000000
6 31 0.000000
7 0 0.000000
7 1 0.000000
7 2 0.000000
7 3 0.000000
7 4 0.000000
7 5 0.000000
7 6 0.000000
7 7 0.000000
7 8 0.000000
7 9 0.000000
7 10 0.000000
7 11 0.000000
7 12 0.000000
7 13 0.000000
7 14 0.000000
7 15 0.000000
7 16 0.000000
7 17 0.000000
7 18 0.000000
7 19 0.000000
7 20 0.000000
7 21 0.000000
7 22 0.000000
7 23 0.000000
7 24 0.000000
7 25 0.000000
7 26 0.000000
7 27 0.000000
7 28 0.000000
7 29 0.000000
7 30 0.000000
7 31 0.000000
8 0 0.000000
8 1 0.000000
8 2 0.000000
8 3 0.000000
8 4 0.000000
8 5 0.000000
8 6 0.000000
8 7 0.000000
8 8 379329928285976002560.000000
8 9 19050897125870141440.000000
8 10 -22087921964624642048.000000
8 11 1665375973106174132224.000000
8 12 -15908508286849122304.000000
8 13 22801775490911698944.000000
8 14 -13538667103829098496.000000
8 15 -42087035719265550336.000000
8 16 -40658004854691594240.000000
8 17 -31613756456141062144.000000
8 18 -37986561035102846976.000000
8 19 -165197716608042139648.000000
8 20 -44621212109196230656.000000
8 21 1644634082072365891584.000000
8 22 -218950130893359939584.000000
8 23 -122363962959935307776.000000
8 24 0.000000
8 25 0.000000
8 26 0.000000
8 27 0.000000
8 28 0.000000
8 29 0.000000
8 30 0.000000
8 31 0.000000
9 0 0.000000
9 1 0.000000
9 2 0.000000
9 3 0.000000
9 4 0.000000
9 5 0.000000
9 6 0.000000
9 7 0.000000
9 8 213622442902924820480.000000
9 9 13167868901989548032.000000
9 10 103068932471257038848.000000
9 11 71153118180733353984.000000
9 12 62035246483586940928.000000
9 13 7187970405167005696.000000
9 14 -3367180692784939008.000000
9 15 -29031150977053360128.000000
9 16 -28350898526111137792.000000
9 17 -23014161554979422208.000000
9 18 -23961887801564200960.000000
9 19 -74877876547545464832.000000
9 20 -135352731313364795392.000000
9 21 -67569774601439281152.000000
9 22 -105073878730367041536.000000
9 23 -60690996761607536640.000000
9 24 0.000000
9 25 0.000000
9 26 0.000000
9 27 0.000000
9 28 0.000000
9 29 0.000000
9 30 0.000000
9 31 0.000000
10 0 0.000000
10 1 0.000000
10 2 0.000000
10 3 0.000000
10 4 0.000000
10 5 0.000000
10 6 0.000000
10 7 0.000000
10 8 213277460134593822720.000000
10 9 12763571879386546176.000000
10 10 88797579405980336128.000000
10 11 85390008153549045760.000000
10 12 26284452183613112320.000000
10 13 3403769690978254848.000000
10 14 -10601634051527802880.000000
10 15 -29435597533237739520.000000
10 16 -24999052721998790656.000000
10 17 -27324207553442742272.000000
10 18 -21441028696469143552.000000
10 19 -68966127980435734528.000000
10 20 -79085329315044261888.000000
10 21 -154906358140802957312.000000
10 22 -114083505706782162944.000000
10 23 -59681152506099924992.000000
10 24 0.000000
10 25 0.000000
10 26 0.000000
10 27 0.000000
10 28 0.000000
10 29 0.000000
10 30 0.000000
10 31 0.000000
11 0 0.000000
11 1 0.000000
11 2 0.000000
11 3 0.000000
11 4 0.000000
11 5 0.000000
11 6 0.000000
11 7 0.000000
11 8 1754849268378120486912.000000
11 9 76725240800162611200.000000
11 10 76517309957210636288.000000
11 11 40721605005288669184.000000
11 12 18982454726064340992.000000
11 13 5971772006381649920.000000
11 14 -9996511230111514624.000000
11 15 -29394726487010050048.000000
11 16 -23023300695629496320.000000
11 17 -25799846831717351424.000000
11 18 -21765575941686296576.000000
11 19 -72685089721946210304.000000
11 20 -66064648736130203648.000000
11 21 -126331212019183648768.000000
11 22 -159672169301165473792.000000
11 23 -95850673819279687680.000000
11 24 0.000000
11 25 0.000000
11 26 0.000000
11 27 0.000000
11 28 0.000000
11 29 0.000000
11 30 0.000000
11 31 0.000000
12 0 0.000000
12 1 0.000000
12 2 0.000000
12 3 0.000000
12 4 0.000000
12 5 0.000000
12 6 0.000000
12 7 0.000000
12 8 306263527931517075456.000000
12 9 101103278359677239296.000000
12 10 32863828609154940928.000000
12 11 34721312766794137600.000000
12 12 17881661067730354176.000000
12 13 9002675863904321536.000000
12 14 -8493332599895228416.000000
12 15 -28252285527239163904.000000
12 16 -26510212707121102848.000000
12 17 -24969113020374450176.000000
12 18 -18715475710654283776.000000
12 19 -76414571590711246848.000000
12 20 -63329415649944403968.000000
12 21 -131521461056146767872.000000
12 22 -121020025499258191872.000000
12 23 -86905126380531351552.000000
12 24 0.000000
12 25 0.000000
12 26 0.000000
12 27 0.000000
12 28 0.000000
12 29 0.000000
12 30 0.000000
12 31 0.000000
13 0 0.000000
13 1 0.000000
13 2 0.000000
13 3 0.000000
13 4 0.000000
13 5 0.000000
13 6 0.000000
13 7 0.000000
13 8 336317244513611415552.000000
13 9 75300432060239314944.000000
13 10 40828055323043430400.000000
13 11 31766181753099649024.000000
13 12 18517139206166282240.000000
13 13 10056443409918328832.000000
13 14 -12436523245216202752.000000
13 15 -19569780852273446912.000000
13 16 -20969885764943872000.000000
13 17 -23406962084002398208.000000
13 18 -32028729736649768960.000000
13 19 -80920950783476760576.000000
13 20 -79305082107018084352.000000
13 21 -141977236094157062144.000000
13 22 -84910911354908442624.000000
13 23 -42040750677782691840.000000
13 24 0.000000
13 25 0.000000
13 26 0.000000
13 27 0.000000
13 28 0.000000
13 29 0.000000
13 30 0.000000
13 31 0.000000
14 0 0.000000
14 1 0.000000
14 2 0.000000
14 3 0.000000
14 4 0.000000
14 5 0.000000
14 6 0.000000
14 7 0.000000
14 8 292542520018360860672.000000
14 9 70256791903723847680.000000
14 10 43264819380799668224.000000
14 11 34827349668176855040.000000
14 12 17799021773786710016.000000
14 13 9856959015290929152.000000
14 14 -13236503716330209280.000000
14 15 -18330453126886195200.000000
14 16 -19681961824632176640.000000
14 17 -21383581412941103104.000000
14 18 -38210852611076128768.000000
14 19 -78663539062443343872.000000
14 20 -77237120637496983552.000000
14 21 -135600543642079461376.000000
14 22 -82678084713872097280.000000
14 23 -37271337517327581184.000000
14 24 0.000000
14 25 0.000000
14 26 0.000000
14 27 0.000000
14 28 0.000000
14 29 0.000000
14 30 0.000000
14 31 0.000000
15 0 0.000000
15 1 0.000000
15 2 0.000000
15 3 0.000000
15 4 0.000000
15 5 0.000000
15 6 0.000000
15 7 0.000000
15 8 393226629361157799936.000000
15 9 75542412579280257024.000000
15 10 45085421520396746752.000000
15 11 32922124715659624448.000000
15 12 17542949913724190720.000000
15 13 13010470513938530304.000000
15 14 -11586579866224427008.000000
15 15 -17813413281482670080.000000
15 16 -21107988823439048704.000000
15 17 -17331997612819087360.000000
15 18 -42013526769878958080.000000
15 19 -78157517423061762048.000000
15 20 -77274275334422790144.000000
15 21 -133030034989920550912.000000
15 22 -80897113371386576896.000000
15 23 -36408647500034998272.000000
15 24 0.000000
15 25 0.000000
15 26 0.000000
15 27 0.000000
15 28 0.000000
15 29 0.000000
15 30 0.000000
15 31 0.000000
16 0 0.000000
16 1 0.000000
16 2 0.000000
16 3 0.000000
16 4 0.000000
16 5 0.000000
16 6 0.000000
16 7 0.000000
16 8 9014233314408991293440.000000
16 9 91511525947052392448.000000
16 10 46171778591058034688.000000
16 11 29579356479546195968.000000
16 12 21087588484697292800.000000
16 13 11301699702002548736.000000
16 14 -12061917434609664000.000000
16 15 -13480546919184859136.000000
16 16 -20557714040062738432.000000
16 17 -20232663218520064000.000000
16 18 -43052103463243612160.000000
16 19 -72532187236941168640.000000
16 20 -83732859412537147392.000000
16 21 -131523827205169741824.000000
16 22 -77391184206780956672.000000
16 23 -36771508327433633792.000000
16 24 0.000000
16 25 0.000000
16 26 0.000000
16 27 0.000000
16 28 0.000000
16 29 0.000000
16 30 0.000000
16 31 0.000000
17 0 0.000000
17 1 0.000000
17 2 0.000000
17 3 0.000000
17 4 0.000000
17 5 0.000000
17 6 0.000000
17 7 0.000000
17 8 26906646022562250752.000000
17 9 91058984553245835264.000000
17 10 48216192919558684672.000000
17 11 34328415480747917312.000000
17 12 23319509128152350720.000000
17 13 8639933234005671936.000000
17 14 -11213378131966558208.000000
17 15 -12975408187640381440.000000
17 16 -22244567187210633216.000000
17 17 -19171141916506980352.000000
17 18 -47480826348762562560.000000
17 19 -68669910751819857920.000000
17 20 -88406892138305945600.000000
17 21 -129596101846701703168.000000
17 22 -75021235271621410816.000000
17 23 -35090297873959485440.000000
17 24 0.000000
17 25 0.000000
17 26 0.000000
17 27 0.000000
17 28 0.000000
17 29 0.000000
17 30 0.000000
17 31 0.000000
18 0 0.000000
18 1 0.000000
18 2 0.000000
18 3 0.000000
18 4 0.000000
18 5 0.000000
18 6 0.000000
18 7 0.000000
18 8 32079925197062275072.000000
18 9 93179361941086273536.000000
18 10 51383753977786007552.000000
18 11 33254306969620054016.000000
18 12 19257268861333929984.000000
18 13 7465502533180456960.000000
18 14 -9297342781125033984.000000
18 15 -15054211941322981376.000000
18 16 -20388182541199212544.000000
18 17 -12229730396798976000.000000
18 18 -51748932575695994880.000000
18 19 -66729901649446305792.000000
18 20 -89726429236939456512.000000
18 21 -126931325465623789568.000000
18 22 -72600273394979569664.000000
18 23 -33684545869568802816.000000
18 24 0.000000
18 25 0.000000
18 26 0.000000
18 27 0.000000
18 28 0.000000
18 29 0.000000
18 30 0.000000
18 31 0.000000
19 0 0.000000
19 1 0.000000
19 2 0.000000
19 3 0.000000
19 4 0.000000
19 5 0.000000
19 6 0.000000
19 7 0.000000
19 8 78302925636811882496.000000
19 9 104964516905821929472.000000
19 10 53886246840650694656.000000
19 11 29445919748399300608.000000
19 12 21290615505789386752.000000
19 13 7786585767014301696.000000
19 14 -7733728944532226048.000000
19 15 -14964918403008036864.000000
19 16 -19255788918682943488.000000
19 17 -13781639382358294528.000000
19 18 -55388958178425176064.000000
19 19 -62121377826460401664.000000
19 20 -95468210898581061632.000000
19 21 -122974077564141699072.000000
19 22 -69337257135275245568.000000
19 23 -35284176958308483072.000000
19 24 0.000000
19 25 0.000000
19 26 0.000000
19 27 0.000000
19 28 0.000000
19 29 0.000000
19 30 0.000000
19 31 0.000000
20 0 0.000000
20 1 0.000000
20 2 0.000000
20 3 0.000000
20 4 0.000000
20 5 0.000000
20 6 0.000000
20 7 0.000000
20 8 110937257581947650048.000000
20 9 153971298268170158080.000000
20 10 57828040006692765696.000000
20 11 30516153580550881280.000000
20 12 19746146915415228416.000000
20 13 4315867087898673152.000000
20 14 -3871091819597004800.000000
20 15 -10161099324696559616.000000
20 16 -18976343640437161984.000000
20 17 -16877382540082544640.000000
20 18 -56081540552761278464.000000
20 19 -58268592325710053376.000000
20 20 -99707074514262163456.000000
20 21 -120245890148466688000.000000
20 22 -67886917735354990592.000000
20 23 -52111591092955119616.000000
20 24 0.000000
20 25 0.000000
20 26 0.000000
20 27 0.000000
20 28 0.000000
20 29 0.000000
20 30 0.000000
20 31 0.000000
21 0 0.000000
21 1 0.000000
21 2 0.000000
21 3 0.000000
21 4 0.000000
21 5 0.000000
21 6 0.000000
21 7 0.000000
21 8 4427643041955172057088.000000
21 9 165682574847612289024.000000
21 10 108013832085551710208.000000
21 11 38110326461971824640.000000
21 12 16848037674248830976.000000
21 13 4364673859299835904.000000
21 14 -1381156479033147392.000000
21 15 -12803544624614342656.000000
21 16 -17029332848017932288.000000
21 17 -15054663840601997312.000000
21 18 -61064390910400266240.000000
21 19 -55514676337945083904.000000
21 20 -102876034151280017408.000000
21 21 -119008350228986200064.000000
21 22 -81797930053883920384.000000
21 23 -31365082110310219776.000000
21 24 0.000000
21 25 0.000000
21 26 0.000000
21 27 0.000000
21 28 0.000000
21 29 0.000000
21 30 0.000000
21 31 0.000000
22 0 0.000000
22 1 0.000000
22 2 0.000000
22 3 0.000000
22 4 0.000000
22 5 0.000000
22 6 0.000000
22 7 0.000000
22 8 -6487114205831888896.000000
22 9 67271248398405074944.000000
22 10 190523515598513635328.000000
22 11 85807646650243481600.000000
22 12 21070403117955153920.000000
22 13 9724644885515993088.000000
22 14 -3181405009132650496.000000
22 15 -17065717886804295680.000000
22 16 -13957346838035038208.000000
22 17 -13867258352813211648.000000
22 18 -60794416825316147200.000000
22 19 -55025613565910319104.000000
22 20 -105941657287472971776.000000
22 21 -120346156812826836992.000000
22 22 -100161410311045251072.000000
22 23 -20730843140972347392.000000
22 24 0.000000
22 25 0.000000
22 26 0.000000
22 27 0.000000
22 28 0.000000
22 29 0.000000
22 30 0.000000
22 31 0.000000
23 0 0.000000
23 1 0.000000
23 2 0.000000
23 3 0.000000
23 4 0.000000
23 5 0.000000
23 6 0.000000
23 7 0.000000
23 8 -6456820461463404544.000000
23 9 69083766928514744320.000000
23 10 17427375848482144256.000000
23 11 124425300971410685952.000000
23 12 73629939646112727040.000000
23 13 13107273716671184896.000000
23 14 -5130456495133032448.000000
23 15 -12342767888715743232.000000
23 16 -13920219628899926016.000000
23 17 -17334321980400205824.000000
23 18 -62822369265725734912.000000
23 19 -55536345513105293312.000000
23 20 -108533267766792159232.000000
23 21 -155824582291391250432.000000
23 22 -53309135177463627776.000000
23 23 -27718956417070137344.000000
23 24 0.000000
23 25 0.000000
23 26 0.000000
23 27 0.000000
23 28 0.000000
23 29 0.000000
23 30 0.000000
23 31 0.000000
24 0 0.000000
24 1 0.000000
24 2 0.000000
24 3 0.000000
24 4 0.000000
24 5 0.000000
24 6 0.000000
24 7 0.000000
24 8 0.000000
24 9 0.000000
24 10 0.000000
24 11 0.000000
24 12 0.000000
24 13 0.000000
24 14 0.000000
24 15 0.000000
24 16 0.000000
24 17 0.000000
24 18 0.000000
24 19 0.000000
24 20 0.000000
24 21 0.000000
24 22 0.000000
24 23 0.000000
24 24 0.000000
24 25 0.000000
24 26 0.000000
24 27 0.000000
24 28 0.000000
24 29 0.000000
24 30 0.000000
24 31 0.000000
25 0 0.000000
25 1 0.000000
25 2 0.000000
25 3 0.000000
25 4 0.000000
25 5 0.000000
25 6 0.000000
25 7 0.000000
25 8 0.000000
25 9 0.000000
25 10 0.000000
25 11 0.000000
25 12 0.000000
25 13 0.000000
25 14 0.000000
25 15 0.000000
25 16 0.000000
25 17 0.000000
25 18 0.000000
25 19 0.000000
25 20 0.000000
25 21 0.000000
25 22 0.000000
25 23 0.000000
25 24 0.000000
25 25 0.000000
25 26 0.000000
25 27 0.000000
25 28 0.000000
25 29 0.000000
25 30 0.000000
25 31 0.000000
26 0 0.000000
26 1 0.000000
26 2 0.000000
26 3 0.000000
26 4 0.000000
26 5 0.000000
26 6 0.000000
26 7 0.000000
26 8 0.000000
26 9 0.000000
26 10 0.000000
26 11 0.000000
26 12 0.000000
26 13 0.000000
26 14 0.000000
26 15 0.000000
26 16 0.000000
26 17 0.000000
26 18 0.000000
26 19 0.000000
26 20 0.000000
26 21 0.000000
26 22 0.000000
26 23 0.000000
26 24 0.000000
26 25 0.000000
26 26 0.000000
26 27 0.000000
26 28 0.000000
26 29 0.000000
26 30 0.000000
26 31 0.000000
27 0 0.000000
27 1 0.000000
27 2 0.000000
27 3 0.000000
27 4 0.000000
27 5 0.000000
27 6 0.000000
27 7 0.000000
27 8 0.000000
27 9 0.000000
27 10 0.000000
27 11 0.000000
27 12 0.000000
27 13 0.000000
27 14 0.000000
27 15 0.000000
27 16 0.000000
27 17 0.000000
27 18 0.000000
27 19 0.000000
27 20 0.000000
27 21 0.000000
27 22 0.000000
27 23 0.000000
27 24 0.000000
27 25 0.000000
27 26 0.000000
27 27 0.000000
27 28 0.000000
27 29 0.000000
27 30 0.000000
27 31 0.000000
28 0 0.000000
28 1 0.000000
28 2 0.000000
28 3 0.000000
28 4 0.000000
28 5 0.000000
28 6 0.000000
28 7 0.000000
28 8 0.000000
28 9 0.000000
28 10 0.000000
28 11 0.000000
28 12 0.000000
28 13 0.000000
28 14 0.000000
28 15 0.000000
28 16 0.000000
28 17 0.000000
28 18 0.000000
28 19 0.000000
28 20 0.000000
28 21 0.000000
28 22 0.000000
28 23 0.000000
28 24 0.000000
28 25 0.000000
28 26 0.000000
28 27 0.000000
28 28 0.000000
28 29 0.000000
28 30 0.000000
28 31 0.000000
29 0 0.000000
29 1 0.000000
29 2 0.000000
29 3 0.000000
29 4 0.000000
29 5 0.000000
29 6 0.000000
29 7 0.000000
29 8 0.000000
29 9 0.000000
29 10 0.000000
29 11 0.000000
29 12 0.000000
29 13 0.000000
29 14 0.000000
29 15 0.000000
29 16 0.000000
29 17 0.000000
29 18 0.000000
29 19 0.000000
29 20 0.000000
29 21 0.000000
29 22 0.000000
29 23 0.000000
29 24 0.000000
29 25 0.000000
29 26 0.000000
29 27 0.000000
29 28 0.000000
29 29 0.000000
29 30 0.000000
29 31 0.000000
30 0 0.000000
30 1 0.000000
30 2 0.000000
30 3 0.000000
30 4 0.000000
30 5 0.000000
30 6 0.000000
30 7 0.000000
30 8 0.000000
30 9 0.000000
30 10 0.000000
30 11 0.000000
30 12 0.000000
30 13 0.000000
30 14 0.000000
30 15 0.000000
30 16 0.000000
30 17 0.000000
30 18 0.000000
30 19 0.000000
30 20 0.000000
30 21 0.000000
30 22 0.000000
30 23 0.000000
30 24 0.000000
30 25 0.000000
30 26 0.000000
30 27 0.000000
30 28 0.000000
30 29 0.000000
30 30 0.000000
30 31 0.000000
31 0 0.000000
31 1 0.000000
31 2 0.000000
31 3 0.000000
31 4 0.000000
31 5 0.000000
31 6 0.000000
31 7 0.000000
31 8 0.000000
31 9 0.000000
31 10 0.000000
31 11 0.000000
31 12 0.000000
31 13 0.000000
31 14 0.000000
31 15 0.000000
31 16 0.000000
31 17 0.000000
31 18 0.000000
31 19 0.000000
31 20 0.000000
31 21 0.000000
31 22 0.000000
31 23 0.000000
31 24 0.000000
31 25 0.000000
31 26 0.000000
31 27 0.000000
31 28 0.000000
31 29 0.000000
31 30 0.000000
31 31 0.000000
