0 0 0.000000
0 1 0.000000
0 2 0.000000
0 3 0.000000
0 4 0.000000
0 5 0.000000
0 6 0.000000
0 7 0.000000
0 8 0.000000
0 9 0.000000
0 10 0.000000
0 11 0.000000
0 12 0.000000
0 13 0.000000
0 14 0.000000
0 15 0.000000
0 16 0.000000
0 17 0.000000
0 18 0.000000
0 19 0.000000
0 20 0.000000
0 21 0.000000
0 22 0.000000
0 23 0.000000
0 24 0.000000
0 25 0.000000
0 26 0.000000
0 27 0.000000
0 28 0.000000
0 29 0.000000
0 30 0.000000
0 31 0.000000
0 32 0.000000
0 33 0.000000
0 34 0.000000
0 35 0.000000
0 36 0.000000
0 37 0.000000
0 38 0.000000
0 39 0.000000
0 40 0.000000
0 41 0.000000
0 42 0.000000
0 43 0.000000
0 44 0.000000
0 45 0.000000
0 46 0.000000
0 47 0.000000
0 48 0.000000
0 49 0.000000
0 50 0.000000
0 51 0.000000
0 52 0.000000
0 53 0.000000
0 54 0.000000
0 55 0.000000
0 56 0.000000
0 57 0.000000
0 58 0.000000
0 59 0.000000
0 60 0.000000
0 61 0.000000
0 62 0.000000
0 63 0.000000
1 0 0.000000
1 1 0.000000
1 2 0.000000
1 3 0.000000
1 4 0.000000
1 5 0.000000
1 6 0.000000
1 7 0.000000
1 8 0.000000
1 9 0.000000
1 10 0.000000
1 11 0.000000
1 12 0.000000
1 13 0.000000
1 14 0.000000
1 15 0.000000
1 16 0.000000
1 17 0.000000
1 18 0.000000
1 19 0.000000
1 20 0.000000
1 21 0.000000
1 22 0.000000
1 23 0.000000
1 24 0.000000
1 25 0.000000
1 26 0.000000
1 27 0.000000
1 28 0.000000
1 29 0.000000
1 30 0.000000
1 31 0.000000
1 32 0.000000
1 33 0.000000
1 34 0.000000
1 35 0.000000
1 36 0.000000
1 37 0.000000
1 38 0.000000
1 39 0.000000
1 40 0.000000
1 41 0.000000
1 42 0.000000
1 43 0.000000
1 44 0.000000
1 45 0.000000
1 46 0.000000
1 47 0.000000
1 48 0.000000
1 49 0.000000
1 50 0.000000
1 51 0.000000
1 52 0.000000
1 53 0.000000
1 54 0.000000
1 55 0.000000
1 56 0.000000
1 57 0.000000
1 58 0.000000
1 59 0.000000
1 60 0.000000
1 61 0.000000
1 62 0.000000
1 63 0.000000
2 0 0.000000
2 1 0.000000
2 2 0.000000
2 3 0.000000
2 4 0.000000
2 5 0.000000
2 6 0.000000
2 7 0.000000
2 8 0.000000
2 9 0.000000
2 10 0.000000
2 11 0.000000
2 12 0.000000
2 13 0.000000
2 14 0.000000
2 15 0.000000
2 16 0.000000
2 17 0.000000
2 18 0.000000
2 19 0.000000
2 20 0.000000
2 21 0.000000
2 22 0.000000
2 23 0.000000
2 24 0.000000
2 25 0.000000
2 26 0.000000
2 27 0.000000
2 28 0.000000
2 29 0.000000
2 30 0.000000
2 31 0.000000
2 32 0.000000
2 33 0.000000
2 34 0.000000
2 35 0.000000
2 36 0.000000
2 37 0.000000
2 38 0.000000
2 39 0.000000
2 40 0.000000
2 41 0.000000
2 42 0.000000
2 43 0.000000
2 44 0.000000
2 45 0.000000
2 46 0.000000
2 47 0.000000
2 48 0.000000
2 49 0.000000
2 50 0.000000
2 51 0.000000
2 52 0.000000
2 53 0.000000
2 54 0.000000
2 55 0.000000
2 56 0.000000
2 57 0.000000
2 58 0.000000
2 59 0.000000
2 60 0.000000
2 61 0.000000
2 62 0.000000
2 63 0.000000
3 0 0.000000
3 1 0.000000
3 2 0.000000
3 3 0.000000
3 4 0.000000
3 5 0.000000
3 6 0.000000
3 7 0.000000
3 8 0.000000
3 9 0.000000
3 10 0.000000
3 11 0.000000
3 12 0.000000
3 13 0.000000
3 14 0.000000
3 15 0.000000
3 16 0.000000
3 17 0.000000
3 18 0.000000
3 19 0.000000
3 20 0.000000
3 21 0.000000
3 22 0.000000
3 23 0.000000
3 24 0.000000
3 25 0.000000
3 26 0.000000
3 27 0.000000
3 28 0.000000
3 29 0.000000
3 30 0.000000
3 31 0.000000
3 32 0.000000
3 33 0.000000
3 34 0.000000
3 35 0.000000
3 36 0.000000
3 37 0.000000
3 38 0.000000
3 39 0.000000
3 40 0.000000
3 41 0.000000
3 42 0.000000
3 43 0.000000
3 44 0.000000
3 45 0.000000
3 46 0.000000
3 47 0.000000
3 48 0.000000
3 49 0.000000
3 50 0.000000
3 51 0.000000
3 52 0.000000
3 53 0.000000
3 54 0.000000
3 55 0.000000
3 56 0.000000
3 57 0.000000
3 58 0.000000
3 59 0.000000
3 60 0.000000
3 61 0.000000
3 62 0.000000
3 63 0.000000
4 0 0.000000
4 1 0.000000
4 2 0.000000
4 3 0.000000
4 4 0.000000
4 5 0.000000
4 6 0.000000
4 7 0.000000
4 8 0.000000
4 9 0.000000
4 10 0.000000
4 11 0.000000
4 12 0.000000
4 13 0.000000
4 14 0.000000
4 15 0.000000
4 16 0.000000
4 17 0.000000
4 18 0.000000
4 19 0.000000
4 20 0.000000
4 21 0.000000
4 22 0.000000
4 23 0.000000
4 24 0.000000
4 25 0.000000
4 26 0.000000
4 27 0.000000
4 28 0.000000
4 29 0.000000
4 30 0.000000
4 31 0.000000
4 32 0.000000
4 33 0.000000
4 34 0.000000
4 35 0.000000
4 36 0.000000
4 37 0.000000
4 38 0.000000
4 39 0.000000
4 40 0.000000
4 41 0.000000
4 42 0.000000
4 43 0.000000
4 44 0.000000
4 45 0.000000
4 46 0.000000
4 47 0.000000
4 48 0.000000
4 49 0.000000
4 50 0.000000
4 51 0.000000
4 52 0.000000
4 53 0.000000
4 54 0.000000
4 55 0.000000
4 56 0.000000
4 57 0.000000
4 58 0.000000
4 59 0.000000
4 60 0.000000
4 61 0.000000
4 62 0.000000
4 63 0.000000
5 0 0.000000
5 1 0.000000
5 2 0.000000
5 3 0.000000
5 4 0.000000
5 5 0.000000
5 6 0.000000
5 7 0.000000
5 8 0.000000
5 9 0.000000
5 10 0.000000
5 11 0.000000
5 12 0.000000
5 13 0.000000
5 14 0.000000
5 15 0.000000
5 16 0.000000
5 17 0.000000
5 18 0.000000
5 19 0.000000
5 20 0.000000
5 21 0.000000
5 22 0.000000
5 23 0.000000
5 24 0.000000
5 25 0.000000
5 26 0.000000
5 27 0.000000
5 28 0.000000
5 29 0.000000
5 30 0.000000
5 31 0.000000
5 32 0.000000
5 33 0.000000
5 34 0.000000
5 35 0.000000
5 36 0.000000
5 37 0.000000
5 38 0.000000
5 39 0.000000
5 40 0.000000
5 41 0.000000
5 42 0.000000
5 43 0.000000
5 44 0.000000
5 45 0.000000
5 46 0.000000
5 47 0.000000
5 48 0.000000
5 49 0.000000
5 50 0.000000
5 51 0.000000
5 52 0.000000
5 53 0.000000
5 54 0.000000
5 55 0.000000
5 56 0.000000
5 57 0.000000
5 58 0.000000
5 59 0.000000
5 60 0.000000
5 61 0.000000
5 62 0.000000
5 63 0.000000
6 0 0.000000
6 1 0.000000
6 2 0.000000
6 3 0.000000
6 4 0.000000
6 5 0.000000
6 6 0.000000
6 7 0.000000
6 8 0.000000
6 9 0.000000
6 10 0.000000
6 11 0.000000
6 12 0.000000
6 13 0.000000
6 14 0.000000
6 15 0.000000
6 16 0.000000
6 17 0.000000
6 18 0.000000
6 19 0.000000
6 20 0.000000
6 21 0.000000
6 22 0.000000
6 23 0.000000
6 24 0.000000
6 25 0.000000
6 26 0.000000
6 27 0.000000
6 28 0.000000
6 29 0.000000
6 30 0.000000
6 31 0.000000
6 32 0.000000
6 33 0.000000
6 34 0.000000
6 35 0.000000
6 36 0.000000
6 37 0.000000
6 38 0.000000
6 39 0.000000
6 40 0.000000
6 41 0.000000
6 42 0.000000
6 43 0.000000
6 44 0.000000
6 45 0.000000
6 46 0.000000
6 47 0.000000
6 48 0.000000
6 49 0.000000
6 50 0.000000
6 51 0.000000
6 52 0.000000
6 53 0.000000
6 54 0.000000
6 55 0.000000
6 56 0.000000
6 57 0.000000
6 58 0.000000
6 59 0.000000
6 60 0.000000
6 61 0.000000
6 62 0.000000
6 63 0.000000
7 0 0.000000
7 1 0.000000
7 2 0.000000
7 3 0.000000
7 4 0.000000
7 5 0.000000
7 6 0.000000
7 7 0.000000
7 8 0.000000
7 9 0.000000
7 10 0.000000
7 11 0.000000
7 12 0.000000
7 13 0.000000
7 14 0.000000
7 15 0.000000
7 16 0.000000
7 17 0.000000
7 18 0.000000
7 19 0.000000
7 20 0.000000
7 21 0.000000
7 22 0.000000
7 23 0.000000
7 24 0.000000
7 25 0.000000
7 26 0.000000
7 27 0.000000
7 28 0.000000
7 29 0.000000
7 30 0.000000
7 31 0.000000
7 32 0.000000
7 33 0.000000
7 34 0.000000
7 35 0.000000
7 36 0.000000
7 37 0.000000
7 38 0.000000
7 39 0.000000
7 40 0.000000
7 41 0.000000
7 42 0.000000
7 43 0.000000
7 44 0.000000
7 45 0.000000
7 46 0.000000
7 47 0.000000
7 48 0.000000
7 49 0.000000
7 50 0.000000
7 51 0.000000
7 52 0.000000
7 53 0.000000
7 54 0.000000
7 55 0.000000
7 56 0.000000
7 57 0.000000
7 58 0.000000
7 59 0.000000
7 60 0.000000
7 61 0.000000
7 62 0.000000
7 63 0.000000
8 0 0.000000
8 1 0.000000
8 2 0.000000
8 3 0.000000
8 4 0.000000
8 5 0.000000
8 6 0.000000
8 7 0.000000
8 8 0.000000
8 9 0.000000
8 10 0.000000
8 11 0.000000
8 12 0.000000
8 13 0.000000
8 14 0.000000
8 15 0.000000
8 16 0.000000
8 17 0.000000
8 18 0.000000
8 19 0.000000
8 20 0.000000
8 21 0.000000
8 22 0.000000
8 23 0.000000
8 24 0.000000
8 25 0.000000
8 26 0.000000
8 27 0.000000
8 28 0.000000
8 29 0.000000
8 30 0.000000
8 31 0.000000
8 32 0.000000
8 33 0.000000
8 34 0.000000
8 35 0.000000
8 36 0.000000
8 37 0.000000
8 38 0.000000
8 39 0.000000
8 40 0.000000
8 41 0.000000
8 42 0.000000
8 43 0.000000
8 44 0.000000
8 45 0.000000
8 46 0.000000
8 47 0.000000
8 48 0.000000
8 49 0.000000
8 50 0.000000
8 51 0.000000
8 52 0.000000
8 53 0.000000
8 54 0.000000
8 55 0.000000
8 56 0.000000
8 57 0.000000
8 58 0.000000
8 59 0.000000
8 60 0.000000
8 61 0.000000
8 62 0.000000
8 63 0.000000
9 0 0.000000
9 1 0.000000
9 2 0.000000
9 3 0.000000
9 4 0.000000
9 5 0.000000
9 6 0.000000
9 7 0.000000
9 8 0.000000
9 9 0.000000
9 10 0.000000
9 11 0.000000
9 12 0.000000
9 13 0.000000
9 14 0.000000
9 15 0.000000
9 16 0.000000
9 17 0.000000
9 18 0.000000
9 19 0.000000
9 20 0.000000
9 21 0.000000
9 22 0.000000
9 23 0.000000
9 24 0.000000
9 25 0.000000
9 26 0.000000
9 27 0.000000
9 28 0.000000
9 29 0.000000
9 30 0.000000
9 31 0.000000
9 32 0.000000
9 33 0.000000
9 34 0.000000
9 35 0.000000
9 36 0.000000
9 37 0.000000
9 38 0.000000
9 39 0.000000
9 40 0.000000
9 41 0.000000
9 42 0.000000
9 43 0.000000
9 44 0.000000
9 45 0.000000
9 46 0.000000
9 47 0.000000
9 48 0.000000
9 49 0.000000
9 50 0.000000
9 51 0.000000
9 52 0.000000
9 53 0.000000
9 54 0.000000
9 55 0.000000
9 56 0.000000
9 57 0.000000
9 58 0.000000
9 59 0.000000
9 60 0.000000
9 61 0.000000
9 62 0.000000
9 63 0.000000
10 0 0.000000
10 1 0.000000
10 2 0.000000
10 3 0.000000
10 4 0.000000
10 5 0.000000
10 6 0.000000
10 7 0.000000
10 8 0.000000
10 9 0.000000
10 10 0.000000
10 11 0.000000
10 12 0.000000
10 13 0.000000
10 14 0.000000
10 15 0.000000
10 16 0.000000
10 17 0.000000
10 18 0.000000
10 19 0.000000
10 20 0.000000
10 21 0.000000
10 22 0.000000
10 23 0.000000
10 24 0.000000
10 25 0.000000
10 26 0.000000
10 27 0.000000
10 28 0.000000
10 29 0.000000
10 30 0.000000
10 31 0.000000
10 32 0.000000
10 33 0.000000
10 34 0.000000
10 35 0.000000
10 36 0.000000
10 37 0.000000
10 38 0.000000
10 39 0.000000
10 40 0.000000
10 41 0.000000
10 42 0.000000
10 43 0.000000
10 44 0.000000
10 45 0.000000
10 46 0.000000
10 47 0.000000
10 48 0.000000
10 49 0.000000
10 50 0.000000
10 51 0.000000
10 52 0.000000
10 53 0.000000
10 54 0.000000
10 55 0.000000
10 56 0.000000
10 57 0.000000
10 58 0.000000
10 59 0.000000
10 60 0.000000
10 61 0.000000
10 62 0.000000
10 63 0.000000
11 0 0.000000
11 1 0.000000
11 2 0.000000
11 3 0.000000
11 4 0.000000
11 5 0.000000
11 6 0.000000
11 7 0.000000
11 8 0.000000
11 9 0.000000
11 10 0.000000
11 11 0.000000
11 12 0.000000
11 13 0.000000
11 14 0.000000
11 15 0.000000
11 16 0.000000
11 17 0.000000
11 18 0.000000
11 19 0.000000
11 20 0.000000
11 21 0.000000
11 22 0.000000
11 23 0.000000
11 24 0.000000
11 25 0.000000
11 26 0.000000
11 27 0.000000
11 28 0.000000
11 29 0.000000
11 30 0.000000
11 31 0.000000
11 32 0.000000
11 33 0.000000
11 34 0.000000
11 35 0.000000
11 36 0.000000
11 37 0.000000
11 38 0.000000
11 39 0.000000
11 40 0.000000
11 41 0.000000
11 42 0.000000
11 43 0.000000
11 44 0.000000
11 45 0.000000
11 46 0.000000
11 47 0.000000
11 48 0.000000
11 49 0.000000
11 50 0.000000
11 51 0.000000
11 52 0.000000
11 53 0.000000
11 54 0.000000
11 55 0.000000
11 56 0.000000
11 57 0.000000
11 58 0.000000
11 59 0.000000
11 60 0.000000
11 61 0.000000
11 62 0.000000
11 63 0.000000
12 0 0.000000
12 1 0.000000
12 2 0.000000
12 3 0.000000
12 4 0.000000
12 5 0.000000
12 6 0.000000
12 7 0.000000
12 8 0.000000
12 9 0.000000
12 10 0.000000
12 11 0.000000
12 12 0.000000
12 13 0.000000
12 14 0.000000
12 15 0.000000
12 16 0.000000
12 17 0.000000
12 18 0.000000
12 19 0.000000
12 20 0.000000
12 21 0.000000
12 22 0.000000
12 23 0.000000
12 24 0.000000
12 25 0.000000
12 26 0.000000
12 27 0.000000
12 28 0.000000
12 29 0.000000
12 30 0.000000
12 31 0.000000
12 32 0.000000
12 33 0.000000
12 34 0.000000
12 35 0.000000
12 36 0.000000
12 37 0.000000
12 38 0.000000
12 39 0.000000
12 40 0.000000
12 41 0.000000
12 42 0.000000
12 43 0.000000
12 44 0.000000
12 45 0.000000
12 46 0.000000
12 47 0.000000
12 48 0.000000
12 49 0.000000
12 50 0.000000
12 51 0.000000
12 52 0.000000
12 53 0.000000
12 54 0.000000
12 55 0.000000
12 56 0.000000
12 57 0.000000
12 58 0.000000
12 59 0.000000
12 60 0.000000
12 61 0.000000
12 62 0.000000
12 63 0.000000
13 0 0.000000
13 1 0.000000
13 2 0.000000
13 3 0.000000
13 4 0.000000
13 5 0.000000
13 6 0.000000
13 7 0.000000
13 8 0.000000
13 9 0.000000
13 10 0.000000
13 11 0.000000
13 12 0.000000
13 13 0.000000
13 14 0.000000
13 15 0.000000
13 16 0.000000
13 17 0.000000
13 18 0.000000
13 19 0.000000
13 20 0.000000
13 21 0.000000
13 22 0.000000
13 23 0.000000
13 24 0.000000
13 25 0.000000
13 26 0.000000
13 27 0.000000
13 28 0.000000
13 29 0.000000
13 30 0.000000
13 31 0.000000
13 32 0.000000
13 33 0.000000
13 34 0.000000
13 35 0.000000
13 36 0.000000
13 37 0.000000
13 38 0.000000
13 39 0.000000
13 40 0.000000
13 41 0.000000
13 42 0.000000
13 43 0.000000
13 44 0.000000
13 45 0.000000
13 46 0.000000
13 47 0.000000
13 48 0.000000
13 49 0.000000
13 50 0.000000
13 51 0.000000
13 52 0.000000
13 53 0.000000
13 54 0.000000
13 55 0.000000
13 56 0.000000
13 57 0.000000
13 58 0.000000
13 59 0.000000
13 60 0.000000
13 61 0.000000
13 62 0.000000
13 63 0.000000
14 0 0.000000
14 1 0.000000
14 2 0.000000
14 3 0.000000
14 4 0.000000
14 5 0.000000
14 6 0.000000
14 7 0.000000
14 8 0.000000
14 9 0.000000
14 10 0.000000
14 11 0.000000
14 12 0.000000
14 13 0.000000
14 14 0.000000
14 15 0.000000
14 16 0.000000
14 17 0.000000
14 18 0.000000
14 19 0.000000
14 20 0.000000
14 21 0.000000
14 22 0.000000
14 23 0.000000
14 24 0.000000
14 25 0.000000
14 26 0.000000
14 27 0.000000
14 28 0.000000
14 29 0.000000
14 30 0.000000
14 31 0.000000
14 32 0.000000
14 33 0.000000
14 34 0.000000
14 35 0.000000
14 36 0.000000
14 37 0.000000
14 38 0.000000
14 39 0.000000
14 40 0.000000
14 41 0.000000
14 42 0.000000
14 43 0.000000
14 44 0.000000
14 45 0.000000
14 46 0.000000
14 47 0.000000
14 48 0.000000
14 49 0.000000
14 50 0.000000
14 51 0.000000
14 52 0.000000
14 53 0.000000
14 54 0.000000
14 55 0.000000
14 56 0.000000
14 57 0.000000
14 58 0.000000
14 59 0.000000
14 60 0.000000
14 61 0.000000
14 62 0.000000
14 63 0.000000
15 0 0.000000
15 1 0.000000
15 2 0.000000
15 3 0.000000
15 4 0.000000
15 5 0.000000
15 6 0.000000
15 7 0.000000
15 8 0.000000
15 9 0.000000
15 10 0.000000
15 11 0.000000
15 12 0.000000
15 13 0.000000
15 14 0.000000
15 15 0.000000
15 16 0.000000
15 17 0.000000
15 18 0.000000
15 19 0.000000
15 20 0.000000
15 21 0.000000
15 22 0.000000
15 23 0.000000
15 24 0.000000
15 25 0.000000
15 26 0.000000
15 27 0.000000
15 28 0.000000
15 29 0.000000
15 30 0.000000
15 31 0.000000
15 32 0.000000
15 33 0.000000
15 34 0.000000
15 35 0.000000
15 36 0.000000
15 37 0.000000
15 38 0.000000
15 39 0.000000
15 40 0.000000
15 41 0.000000
15 42 0.000000
15 43 0.000000
15 44 0.000000
15 45 0.000000
15 46 0.000000
15 47 0.000000
15 48 0.000000
15 49 0.000000
15 50 0.000000
15 51 0.000000
15 52 0.000000
15 53 0.000000
15 54 0.000000
15 55 0.000000
15 56 0.000000
15 57 0.000000
15 58 0.000000
15 59 0.000000
15 60 0.000000
15 61 0.000000
15 62 0.000000
15 63 0.000000
16 0 0.000000
16 1 0.000000
16 2 0.000000
16 3 0.000000
16 4 0.000000
16 5 0.000000
16 6 0.000000
16 7 0.000000
16 8 0.000000
16 9 0.000000
16 10 0.000000
16 11 0.000000
16 12 0.000000
16 13 0.000000
16 14 0.000000
16 15 0.000000
16 16 -6.611536
16 17 4.520375
16 18 4.577772
16 19 4.869069
16 20 2.850111
16 21 -3.955250
16 22 -2.769005
16 23 -3.498504
16 24 -1.131786
16 25 6.379135
16 26 -15.910890
16 27 -63.126057
16 28 -51.779888
16 29 34.111874
16 30 -6.711762
16 31 -38.293812
16 32 -53.310608
16 33 -50.797653
16 34 -36.008991
16 35 -21.609133
16 36 -14.714666
16 37 -11.989344
16 38 -7.310533
16 39 -9.375011
16 40 -9.172893
16 41 -3.397030
16 42 -3.613803
16 43 -0.089251
16 44 5.358204
16 45 7.180310
16 46 3.060728
16 47 -4.298518
16 48 0.000000
16 49 0.000000
16 50 0.000000
16 51 0.000000
16 52 0.000000
16 53 0.000000
16 54 0.000000
16 55 0.000000
16 56 0.000000
16 57 0.000000
16 58 0.000000
16 59 0.000000
16 60 0.000000
16 61 0.000000
16 62 0.000000
16 63 0.000000
17 0 0.000000
17 1 0.000000
17 2 0.000000
17 3 0.000000
17 4 0.000000
17 5 0.000000
17 6 0.000000
17 7 0.000000
17 8 0.000000
17 9 0.000000
17 10 0.000000
17 11 0.000000
17 12 0.000000
17 13 0.000000
17 14 0.000000
17 15 0.000000
17 16 5.688340
17 17 6.729208
17 18 4.801527
17 19 5.472446
17 20 -1.811999
17 21 12.280783
17 22 7.569956
17 23 -13.945858
17 24 189.059052
17 25 166.129456
17 26 -14.610842
17 27 29.401096
17 28 21.083954
17 29 14.382707
17 30 12.315400
17 31 10.325514
17 32 11.319476
17 33 11.502489
17 34 12.153246
17 35 8.104300
17 36 3.494803
17 37 -0.742440
17 38 -5.287674
17 39 -6.788172
17 40 -9.136139
17 41 -0.135024
17 42 -2.587003
17 43 -1.954510
17 44 -3.105272
17 45 2.353654
17 46 3.393064
17 47 7.656415
17 48 0.000000
17 49 0.000000
17 50 0.000000
17 51 0.000000
17 52 0.000000
17 53 0.000000
17 54 0.000000
17 55 0.000000
17 56 0.000000
17 57 0.000000
17 58 0.000000
17 59 0.000000
17 60 0.000000
17 61 0.000000
17 62 0.000000
17 63 0.000000
18 0 0.000000
18 1 0.000000
18 2 0.000000
18 3 0.000000
18 4 0.000000
18 5 0.000000
18 6 0.000000
18 7 0.000000
18 8 0.000000
18 9 0.000000
18 10 0.000000
18 11 0.000000
18 12 0.000000
18 13 0.000000
18 14 0.000000
18 15 0.000000
18 16 4.330750
18 17 8.398550
18 18 5.813526
18 19 6.630825
18 20 -5.125100
18 21 14.795825
18 22 145.039566
18 23 72.506546
18 24 -90.977432
18 25 -22.955307
18 26 -3.336539
18 27 -17.315300
18 28 -25.266277
18 29 -18.261118
18 30 -10.678040
18 31 -7.883438
18 32 -5.561531
18 33 -3.642520
18 34 -2.472737
18 35 -1.769731
18 36 1.142562
18 37 3.553709
18 38 4.098512
18 39 0.800239
18 40 -3.393887
18 41 -6.610828
18 42 -6.151210
18 43 -6.441930
18 44 -1.333973
18 45 3.860187
18 46 4.769196
18 47 8.977923
18 48 0.000000
18 49 0.000000
18 50 0.000000
18 51 0.000000
18 52 0.000000
18 53 0.000000
18 54 0.000000
18 55 0.000000
18 56 0.000000
18 57 0.000000
18 58 0.000000
18 59 0.000000
18 60 0.000000
18 61 0.000000
18 62 0.000000
18 63 0.000000
19 0 0.000000
19 1 0.000000
19 2 0.000000
19 3 0.000000
19 4 0.000000
19 5 0.000000
19 6 0.000000
19 7 0.000000
19 8 0.000000
19 9 0.000000
19 10 0.000000
19 11 0.000000
19 12 0.000000
19 13 0.000000
19 14 0.000000
19 15 0.000000
19 16 3.374131
19 17 8.544732
19 18 5.845942
19 19 9.440454
19 20 18.678396
19 21 4.786796
19 22 -68.404778
19 23 -16.213947
19 24 18.590498
19 25 17.281889
19 26 -1.939167
19 27 -9.405915
19 28 -6.684297
19 29 -3.035528
19 30 -2.333009
19 31 1.058154
19 32 4.825273
19 33 12.792753
19 34 17.637772
19 35 15.866070
19 36 12.307442
19 37 8.136659
19 38 6.667889
19 39 7.232851
19 40 9.345506
19 41 8.849274
19 42 7.131347
19 43 6.742482
19 44 1.361237
19 45 0.202335
19 46 4.473281
19 47 8.576025
19 48 0.000000
19 49 0.000000
19 50 0.000000
19 51 0.000000
19 52 0.000000
19 53 0.000000
19 54 0.000000
19 55 0.000000
19 56 0.000000
19 57 0.000000
19 58 0.000000
19 59 0.000000
19 60 0.000000
19 61 0.000000
19 62 0.000000
19 63 0.000000
20 0 0.000000
20 1 0.000000
20 2 0.000000
20 3 0.000000
20 4 0.000000
20 5 0.000000
20 6 0.000000
20 7 0.000000
20 8 0.000000
20 9 0.000000
20 10 0.000000
20 11 0.000000
20 12 0.000000
20 13 0.000000
20 14 0.000000
20 15 0.000000
20 16 5.365249
20 17 14.328033
20 18 5.887604
20 19 40.893166
20 20 -52.958847
20 21 -33.218246
20 22 3.809917
20 23 14.219765
20 24 2.170716
20 25 -8.809012
20 26 -3.316260
20 27 -6.303375
20 28 -5.876020
20 29 -0.788750
20 30 1.254799
20 31 0.124430
20 32 -1.756361
20 33 -2.011636
20 34 1.591818
20 35 7.250057
20 36 8.491032
20 37 5.299264
20 38 2.168519
20 39 -1.308061
20 40 -1.526820
20 41 2.769440
20 42 6.881287
20 43 10.098875
20 44 12.923227
20 45 -5.483828
20 46 2.108265
20 47 -0.538965
20 48 0.000000
20 49 0.000000
20 50 0.000000
20 51 0.000000
20 52 0.000000
20 53 0.000000
20 54 0.000000
20 55 0.000000
20 56 0.000000
20 57 0.000000
20 58 0.000000
20 59 0.000000
20 60 0.000000
20 61 0.000000
20 62 0.000000
20 63 0.000000
21 0 0.000000
21 1 0.000000
21 2 0.000000
21 3 0.000000
21 4 0.000000
21 5 0.000000
21 6 0.000000
21 7 0.000000
21 8 0.000000
21 9 0.000000
21 10 0.000000
21 11 0.000000
21 12 0.000000
21 13 0.000000
21 14 0.000000
21 15 0.000000
21 16 18.494526
21 17 -7.723530
21 18 -9.316126
21 19 -172.779053
21 20 16.999018
21 21 -0.294044
21 22 14.406385
21 23 8.676989
21 24 2.893042
21 25 8.896168
21 26 13.346240
21 27 8.241990
21 28 4.677132
21 29 1.389733
21 30 8.282826
21 31 11.071495
21 32 10.050592
21 33 2.955462
21 34 -5.608422
21 35 -6.537160
21 36 -0.734426
21 37 5.556452
21 38 9.144530
21 39 8.612953
21 40 4.709508
21 41 2.457598
21 42 2.340311
21 43 4.511785
21 44 9.863357
21 45 15.146339
21 46 -7.729833
21 47 0.606322
21 48 0.000000
21 49 0.000000
21 50 0.000000
21 51 0.000000
21 52 0.000000
21 53 0.000000
21 54 0.000000
21 55 0.000000
21 56 0.000000
21 57 0.000000
21 58 0.000000
21 59 0.000000
21 60 0.000000
21 61 0.000000
21 62 0.000000
21 63 0.000000
22 0 0.000000
22 1 0.000000
22 2 0.000000
22 3 0.000000
22 4 0.000000
22 5 0.000000
22 6 0.000000
22 7 0.000000
22 8 0.000000
22 9 0.000000
22 10 0.000000
22 11 0.000000
22 12 0.000000
22 13 0.000000
22 14 0.000000
22 15 0.000000
22 16 15.345509
22 17 -13.101278
22 18 113.294983
22 19 -1.797308
22 20 -10.444107
22 21 -0.987464
22 22 -5.260215
22 23 -13.607340
22 24 -7.579896
22 25 -0.601582
22 26 0.515937
22 27 1.740951
22 28 7.505993
22 29 0.799439
22 30 -6.206175
22 31 -7.977130
22 32 -7.424178
22 33 -4.540189
22 34 -3.595909
22 35 -10.326403
22 36 -15.321053
22 37 -13.957145
22 38 -9.031229
22 39 -3.096817
22 40 0.020348
22 41 0.910850
22 42 0.141033
22 43 -3.063014
22 44 -3.243257
22 45 2.036619
22 46 5.652515
22 47 0.303530
22 48 0.000000
22 49 0.000000
22 50 0.000000
22 51 0.000000
22 52 0.000000
22 53 0.000000
22 54 0.000000
22 55 0.000000
22 56 0.000000
22 57 0.000000
22 58 0.000000
22 59 0.000000
22 60 0.000000
22 61 0.000000
22 62 0.000000
22 63 0.000000
23 0 0.000000
23 1 0.000000
23 2 0.000000
23 3 0.000000
23 4 0.000000
23 5 0.000000
23 6 0.000000
23 7 0.000000
23 8 0.000000
23 9 0.000000
23 10 0.000000
23 11 0.000000
23 12 0.000000
23 13 0.000000
23 14 0.000000
23 15 0.000000
23 16 15.346874
23 17 89.303780
23 18 -56.258739
23 19 6.080025
23 20 9.567546
23 21 1.185275
23 22 -12.632150
23 23 -1.062999
23 24 6.162243
23 25 3.329251
23 26 3.228757
23 27 1.748374
23 28 4.340764
23 29 5.533175
23 30 0.182379
23 31 -4.337064
23 32 -5.745921
23 33 -5.774964
23 34 -4.478068
23 35 -3.113601
23 36 -5.052704
23 37 -7.173317
23 38 -8.342512
23 39 -8.759665
23 40 -7.132297
23 41 -3.613633
23 42 -0.053107
23 43 1.627894
23 44 0.543686
23 45 -0.660362
23 46 -3.199971
23 47 -4.105756
23 48 0.000000
23 49 0.000000
23 50 0.000000
23 51 0.000000
23 52 0.000000
23 53 0.000000
23 54 0.000000
23 55 0.000000
23 56 0.000000
23 57 0.000000
23 58 0.000000
23 59 0.000000
23 60 0.000000
23 61 0.000000
23 62 0.000000
23 63 0.000000
24 0 0.000000
24 1 0.000000
24 2 0.000000
24 3 0.000000
24 4 0.000000
24 5 0.000000
24 6 0.000000
24 7 0.000000
24 8 0.000000
24 9 0.000000
24 10 0.000000
24 11 0.000000
24 12 0.000000
24 13 0.000000
24 14 0.000000
24 15 0.000000
24 16 14.677296
24 17 -49.683285
24 18 21.342548
24 19 11.520906
24 20 4.386555
24 21 -7.696473
24 22 -4.192835
24 23 7.631057
24 24 7.158509
24 25 -0.902502
24 26 2.187457
24 27 5.165051
24 28 2.546731
24 29 2.184052
24 30 1.856617
24 31 -0.934527
24 32 -4.127617
24 33 0.085372
24 34 2.699422
24 35 0.609241
24 36 -2.177442
24 37 -5.768328
24 38 -3.574149
24 39 -0.138198
24 40 -1.686613
24 41 -4.533928
24 42 -6.274091
24 43 -4.158141
24 44 -0.963405
24 45 1.553305
24 46 1.471190
24 47 -1.839149
24 48 0.000000
24 49 0.000000
24 50 0.000000
24 51 0.000000
24 52 0.000000
24 53 0.000000
24 54 0.000000
24 55 0.000000
24 56 0.000000
24 57 0.000000
24 58 0.000000
24 59 0.000000
24 60 0.000000
24 61 0.000000
24 62 0.000000
24 63 0.000000
25 0 0.000000
25 1 0.000000
25 2 0.000000
25 3 0.000000
25 4 0.000000
25 5 0.000000
25 6 0.000000
25 7 0.000000
25 8 0.000000
25 9 0.000000
25 10 0.000000
25 11 0.000000
25 12 0.000000
25 13 0.000000
25 14 0.000000
25 15 0.000000
25 16 39.720943
25 17 8.216667
25 18 13.903858
25 19 -4.885486
25 20 -4.165772
25 21 -2.794616
25 22 1.805004
25 23 6.404120
25 24 -0.363918
25 25 -9.767952
25 26 -3.093610
25 27 3.763172
25 28 2.501498
25 29 -0.047426
25 30 0.715044
25 31 2.263349
25 32 -3.185150
25 33 -6.153175
25 34 -0.430863
25 35 4.589256
25 36 6.711185
25 37 2.122113
25 38 -5.653131
25 39 -5.675910
25 40 -0.511121
25 41 2.033797
25 42 -0.258008
25 43 -3.940420
25 44 -8.148043
25 45 -6.766444
25 46 -3.341041
25 47 -4.212418
25 48 0.000000
25 49 0.000000
25 50 0.000000
25 51 0.000000
25 52 0.000000
25 53 0.000000
25 54 0.000000
25 55 0.000000
25 56 0.000000
25 57 0.000000
25 58 0.000000
25 59 0.000000
25 60 0.000000
25 61 0.000000
25 62 0.000000
25 63 0.000000
26 0 0.000000
26 1 0.000000
26 2 0.000000
26 3 0.000000
26 4 0.000000
26 5 0.000000
26 6 0.000000
26 7 0.000000
26 8 0.000000
26 9 0.000000
26 10 0.000000
26 11 0.000000
26 12 0.000000
26 13 0.000000
26 14 0.000000
26 15 0.000000
26 16 -81.684746
26 17 41.698475
26 18 -0.579508
26 19 -7.119728
26 20 -3.997710
26 21 1.901334
26 22 3.852656
26 23 2.768078
26 24 -2.284235
26 25 -8.133620
26 26 -0.922070
26 27 2.939303
26 28 1.140064
26 29 -1.133707
26 30 1.068004
26 31 2.553302
26 32 3.405397
26 33 -2.248287
26 34 -4.687057
26 35 1.171942
26 36 5.802406
26 37 8.195344
26 38 6.005642
26 39 -0.248677
26 40 -3.115356
26 41 -2.745375
26 42 -1.194901
26 43 1.626657
26 44 0.900890
26 45 -2.799795
26 46 -6.057193
26 47 -7.498613
26 48 0.000000
26 49 0.000000
26 50 0.000000
26 51 0.000000
26 52 0.000000
26 53 0.000000
26 54 0.000000
26 55 0.000000
26 56 0.000000
26 57 0.000000
26 58 0.000000
26 59 0.000000
26 60 0.000000
26 61 0.000000
26 62 0.000000
26 63 0.000000
27 0 0.000000
27 1 0.000000
27 2 0.000000
27 3 0.000000
27 4 0.000000
27 5 0.000000
27 6 0.000000
27 7 0.000000
27 8 0.000000
27 9 0.000000
27 10 0.000000
27 11 0.000000
27 12 0.000000
27 13 0.000000
27 14 0.000000
27 15 0.000000
27 16 -124.987259
27 17 36.647652
27 18 -19.732784
27 19 0.603796
27 20 -3.957234
27 21 1.194002
27 22 6.615309
27 23 0.051528
27 24 -4.320385
27 25 -4.448885
27 26 2.905178
27 27 4.935986
27 28 3.002059
27 29 -2.632609
27 30 -0.556341
27 31 0.211231
27 32 2.543498
27 33 3.522422
27 34 -0.577626
27 35 -1.227070
27 36 3.619020
27 37 6.457594
27 38 7.084106
27 39 5.162694
27 40 2.310539
27 41 1.625337
27 42 -0.074708
27 43 -2.057404
27 44 -1.093259
27 45 1.169503
27 46 1.733932
27 47 -0.594141
27 48 0.000000
27 49 0.000000
27 50 0.000000
27 51 0.000000
27 52 0.000000
27 53 0.000000
27 54 0.000000
27 55 0.000000
27 56 0.000000
27 57 0.000000
27 58 0.000000
27 59 0.000000
27 60 0.000000
27 61 0.000000
27 62 0.000000
27 63 0.000000
28 0 0.000000
28 1 0.000000
28 2 0.000000
28 3 0.000000
28 4 0.000000
28 5 0.000000
28 6 0.000000
28 7 0.000000
28 8 0.000000
28 9 0.000000
28 10 0.000000
28 11 0.000000
28 12 0.000000
28 13 0.000000
28 14 0.000000
28 15 0.000000
28 16 -67.330864
28 17 20.835861
28 18 -17.180550
28 19 2.221256
28 20 -4.604234
28 21 0.543636
28 22 6.203465
28 23 -1.287471
28 24 -6.435769
28 25 -3.770169
28 26 3.658932
28 27 3.927715
28 28 2.870154
28 29 -1.633324
28 30 -1.399527
28 31 0.319719
28 32 -0.348327
28 33 0.330789
28 34 1.153408
28 35 -0.117705
28 36 0.222518
28 37 4.227658
28 38 5.627307
28 39 5.208600
28 40 3.315732
28 41 0.313280
28 42 1.489787
28 43 3.645831
28 44 2.660855
28 45 0.560737
28 46 -3.514441
28 47 -2.383262
28 48 0.000000
28 49 0.000000
28 50 0.000000
28 51 0.000000
28 52 0.000000
28 53 0.000000
28 54 0.000000
28 55 0.000000
28 56 0.000000
28 57 0.000000
28 58 0.000000
28 59 0.000000
28 60 0.000000
28 61 0.000000
28 62 0.000000
28 63 0.000000
29 0 0.000000
29 1 0.000000
29 2 0.000000
29 3 0.000000
29 4 0.000000
29 5 0.000000
29 6 0.000000
29 7 0.000000
29 8 0.000000
29 9 0.000000
29 10 0.000000
29 11 0.000000
29 12 0.000000
29 13 0.000000
29 14 0.000000
29 15 0.000000
29 16 24.516022
29 17 -0.850991
29 18 -6.842613
29 19 2.101437
29 20 -3.205150
29 21 -1.463812
29 22 3.903422
29 23 -2.244197
29 24 -7.219511
29 25 -3.955327
29 26 2.514763
29 27 3.880659
29 28 1.103762
29 29 -0.972309
29 30 -2.486571
29 31 0.036757
29 32 1.148773
29 33 -0.625311
29 34 -2.410699
29 35 -1.860507
29 36 -1.895809
29 37 -1.879971
29 38 2.559498
29 39 4.245971
29 40 3.515696
29 41 1.753861
29 42 -0.957925
29 43 -0.484685
29 44 2.052221
29 45 5.167525
29 46 1.999324
29 47 -1.402394
29 48 0.000000
29 49 0.000000
29 50 0.000000
29 51 0.000000
29 52 0.000000
29 53 0.000000
29 54 0.000000
29 55 0.000000
29 56 0.000000
29 57 0.000000
29 58 0.000000
29 59 0.000000
29 60 0.000000
29 61 0.000000
29 62 0.000000
29 63 0.000000
30 0 0.000000
30 1 0.000000
30 2 0.000000
30 3 0.000000
30 4 0.000000
30 5 0.000000
30 6 0.000000
30 7 0.000000
30 8 0.000000
30 9 0.000000
30 10 0.000000
30 11 0.000000
30 12 0.000000
30 13 0.000000
30 14 0.000000
30 15 0.000000
30 16 23.652569
30 17 -12.000971
30 18 -1.496690
30 19 3.960320
30 20 3.239382
30 21 -1.758773
30 22 -0.359820
30 23 -0.944556
30 24 -4.342473
30 25 -1.643698
30 26 3.014054
30 27 2.561462
30 28 1.426321
30 29 0.189823
30 30 -2.270967
30 31 -0.679947
30 32 0.681495
30 33 0.770454
30 34 -1.366466
30 35 -3.434536
30 36 -1.479415
30 37 -3.221461
30 38 -3.036697
30 39 0.954885
30 40 3.070916
30 41 4.237591
30 42 3.100716
30 43 -0.771905
30 44 -1.484373
30 45 2.101093
30 46 2.080603
30 47 2.640831
30 48 0.000000
30 49 0.000000
30 50 0.000000
30 51 0.000000
30 52 0.000000
30 53 0.000000
30 54 0.000000
30 55 0.000000
30 56 0.000000
30 57 0.000000
30 58 0.000000
30 59 0.000000
30 60 0.000000
30 61 0.000000
30 62 0.000000
30 63 0.000000
31 0 0.000000
31 1 0.000000
31 2 0.000000
31 3 0.000000
31 4 0.000000
31 5 0.000000
31 6 0.000000
31 7 0.000000
31 8 0.000000
31 9 0.000000
31 10 0.000000
31 11 0.000000
31 12 0.000000
31 13 0.000000
31 14 0.000000
31 15 0.000000
31 16 25.015850
31 17 -16.859867
31 18 -2.072906
31 19 2.792084
31 20 9.011316
31 21 1.938914
31 22 -6.034874
31 23 -1.979763
31 24 -0.339586
31 25 -0.535001
31 26 4.967495
31 27 2.838912
31 28 0.524828
31 29 -0.917612
31 30 -1.617191
31 31 -0.498951
31 32 1.063191
31 33 0.784817
31 34 0.097027
31 35 -3.244902
31 36 -2.887758
31 37 -0.138464
31 38 -2.395658
31 39 -4.055752
31 40 -0.840451
31 41 2.030050
31 42 3.554019
31 43 2.867717
31 44 -0.360842
31 45 0.297819
31 46 1.477917
31 47 1.724886
31 48 0.000000
31 49 0.000000
31 50 0.000000
31 51 0.000000
31 52 0.000000
31 53 0.000000
31 54 0.000000
31 55 0.000000
31 56 0.000000
31 57 0.000000
31 58 0.000000
31 59 0.000000
31 60 0.000000
31 61 0.000000
31 62 0.000000
31 63 0.000000
32 0 0.000000
32 1 0.000000
32 2 0.000000
32 3 0.000000
32 4 0.000000
32 5 0.000000
32 6 0.000000
32 7 0.000000
32 8 0.000000
32 9 0.000000
32 10 0.000000
32 11 0.000000
32 12 0.000000
32 13 0.000000
32 14 0.000000
32 15 0.000000
32 16 30.950401
32 17 -23.514557
32 18 0.713556
32 19 4.068440
32 20 6.565335
32 21 5.102005
32 22 -6.606754
32 23 -4.343038
32 24 0.999759
32 25 -1.220169
32 26 4.504092
32 27 3.546783
32 28 0.608792
32 29 -1.924535
32 30 -0.156547
32 31 -1.175715
32 32 0.824847
32 33 1.753375
32 34 0.686935
32 35 -0.685226
32 36 -3.463709
32 37 -2.852714
32 38 -0.214088
32 39 -1.103975
32 40 -2.987528
32 41 -0.827138
32 42 0.157908
32 43 1.783857
32 44 2.030180
32 45 0.274208
32 46 1.309445
32 47 3.703836
32 48 0.000000
32 49 0.000000
32 50 0.000000
32 51 0.000000
32 52 0.000000
32 53 0.000000
32 54 0.000000
32 55 0.000000
32 56 0.000000
32 57 0.000000
32 58 0.000000
32 59 0.000000
32 60 0.000000
32 61 0.000000
32 62 0.000000
32 63 0.000000
33 0 0.000000
33 1 0.000000
33 2 0.000000
33 3 0.000000
33 4 0.000000
33 5 0.000000
33 6 0.000000
33 7 0.000000
33 8 0.000000
33 9 0.000000
33 10 0.000000
33 11 0.000000
33 12 0.000000
33 13 0.000000
33 14 0.000000
33 15 0.000000
33 16 39.540428
33 17 -33.597984
33 18 0.732265
33 19 11.680647
33 20 1.208327
33 21 1.073332
33 22 -2.301844
33 23 -1.842401
33 24 1.344543
33 25 -1.608711
33 26 1.848923
33 27 1.833095
33 28 0.328330
33 29 -2.582928
33 30 -0.104916
33 31 0.279728
33 32 0.415990
33 33 1.677558
33 34 0.605618
33 35 0.360726
33 36 -1.635721
33 37 -2.899204
33 38 -1.384672
33 39 0.925477
33 40 -1.130801
33 41 -2.801307
33 42 -0.298488
33 43 0.996039
33 44 0.878347
33 45 0.764013
33 46 0.022337
33 47 3.283110
33 48 0.000000
33 49 0.000000
33 50 0.000000
33 51 0.000000
33 52 0.000000
33 53 0.000000
33 54 0.000000
33 55 0.000000
33 56 0.000000
33 57 0.000000
33 58 0.000000
33 59 0.000000
33 60 0.000000
33 61 0.000000
33 62 0.000000
33 63 0.000000
34 0 0.000000
34 1 0.000000
34 2 0.000000
34 3 0.000000
34 4 0.000000
34 5 0.000000
34 6 0.000000
34 7 0.000000
34 8 0.000000
34 9 0.000000
34 10 0.000000
34 11 0.000000
34 12 0.000000
34 13 0.000000
34 14 0.000000
34 15 0.000000
34 16 35.737640
34 17 -38.150837
34 18 -2.106987
34 19 19.740189
34 20 0.772969
34 21 -6.473845
34 22 -2.665375
34 23 0.679136
34 24 3.429445
34 25 0.062357
34 26 -0.226370
34 27 1.300658
34 28 -1.085021
34 29 -3.075980
34 30 -2.141036
34 31 -0.118429
34 32 0.765023
34 33 1.632609
34 34 2.024377
34 35 1.360266
34 36 -1.062831
34 37 -1.192379
34 38 -1.261271
34 39 -0.587935
34 40 1.835366
34 41 -1.317254
34 42 -3.650394
34 43 -0.045490
34 44 0.458277
34 45 1.394474
34 46 0.841556
34 47 0.650487
34 48 0.000000
34 49 0.000000
34 50 0.000000
34 51 0.000000
34 52 0.000000
34 53 0.000000
34 54 0.000000
34 55 0.000000
34 56 0.000000
34 57 0.000000
34 58 0.000000
34 59 0.000000
34 60 0.000000
34 61 0.000000
34 62 0.000000
34 63 0.000000
35 0 0.000000
35 1 0.000000
35 2 0.000000
35 3 0.000000
35 4 0.000000
35 5 0.000000
35 6 0.000000
35 7 0.000000
35 8 0.000000
35 9 0.000000
35 10 0.000000
35 11 0.000000
35 12 0.000000
35 13 0.000000
35 14 0.000000
35 15 0.000000
35 16 12.832850
35 17 -32.332760
35 18 -5.713986
35 19 21.750778
35 20 5.232728
35 21 -10.169798
35 22 -6.017873
35 23 -1.754120
35 24 3.269372
35 25 3.956794
35 26 0.964380
35 27 1.348273
35 28 -0.187998
35 29 -3.034849
35 30 -3.208535
35 31 -1.104576
35 32 -0.653463
35 33 1.611800
35 34 2.620494
35 35 1.670524
35 36 1.134419
35 37 0.098527
35 38 0.339931
35 39 -0.354677
35 40 1.334103
35 41 2.649520
35 42 -1.058994
35 43 -2.874866
35 44 -1.726898
35 45 0.695237
35 46 1.888364
35 47 3.449687
35 48 0.000000
35 49 0.000000
35 50 0.000000
35 51 0.000000
35 52 0.000000
35 53 0.000000
35 54 0.000000
35 55 0.000000
35 56 0.000000
35 57 0.000000
35 58 0.000000
35 59 0.000000
35 60 0.000000
35 61 0.000000
35 62 0.000000
35 63 0.000000
36 0 0.000000
36 1 0.000000
36 2 0.000000
36 3 0.000000
36 4 0.000000
36 5 0.000000
36 6 0.000000
36 7 0.000000
36 8 0.000000
36 9 0.000000
36 10 0.000000
36 11 0.000000
36 12 0.000000
36 13 0.000000
36 14 0.000000
36 15 0.000000
36 16 -7.388959
36 17 -23.126286
36 18 -8.014858
36 19 19.082689
36 20 10.480381
36 21 -10.576002
36 22 -7.595490
36 23 -5.561961
36 24 -0.312191
36 25 6.818886
36 26 5.953267
36 27 0.138356
36 28 0.771715
36 29 -1.298709
36 30 -3.194019
36 31 -1.547419
36 32 -1.652588
36 33 -1.441177
36 34 1.493640
36 35 1.560890
36 36 2.788821
36 37 2.014190
36 38 0.887254
36 39 1.822315
36 40 0.969481
36 41 0.395553
36 42 1.294528
36 43 -1.889450
36 44 -4.091237
36 45 -0.085959
36 46 0.362257
36 47 1.556629
36 48 0.000000
36 49 0.000000
36 50 0.000000
36 51 0.000000
36 52 0.000000
36 53 0.000000
36 54 0.000000
36 55 0.000000
36 56 0.000000
36 57 0.000000
36 58 0.000000
36 59 0.000000
36 60 0.000000
36 61 0.000000
36 62 0.000000
36 63 0.000000
37 0 0.000000
37 1 0.000000
37 2 0.000000
37 3 0.000000
37 4 0.000000
37 5 0.000000
37 6 0.000000
37 7 0.000000
37 8 0.000000
37 9 0.000000
37 10 0.000000
37 11 0.000000
37 12 0.000000
37 13 0.000000
37 14 0.000000
37 15 0.000000
37 16 -13.989763
37 17 -12.860359
37 18 -6.934040
37 19 13.208968
37 20 13.423849
37 21 -4.621822
37 22 -7.754581
37 23 -6.361018
37 24 -5.766567
37 25 1.543314
37 26 10.224784
37 27 3.102166
37 28 0.743800
37 29 -1.766005
37 30 -1.960094
37 31 -1.480145
37 32 -0.791045
37 33 -2.444619
37 34 -0.443232
37 35 1.568233
37 36 1.980132
37 37 2.699718
37 38 1.012566
37 39 1.642851
37 40 1.956893
37 41 0.496171
37 42 0.866028
37 43 0.609251
37 44 -2.721167
37 45 -4.303165
37 46 -2.583990
37 47 0.376585
37 48 0.000000
37 49 0.000000
37 50 0.000000
37 51 0.000000
37 52 0.000000
37 53 0.000000
37 54 0.000000
37 55 0.000000
37 56 0.000000
37 57 0.000000
37 58 0.000000
37 59 0.000000
37 60 0.000000
37 61 0.000000
37 62 0.000000
37 63 0.000000
38 0 0.000000
38 1 0.000000
38 2 0.000000
38 3 0.000000
38 4 0.000000
38 5 0.000000
38 6 0.000000
38 7 0.000000
38 8 0.000000
38 9 0.000000
38 10 0.000000
38 11 0.000000
38 12 0.000000
38 13 0.000000
38 14 0.000000
38 15 0.000000
38 16 -12.479212
38 17 -4.776308
38 18 -5.329177
38 19 6.789050
38 20 11.290458
38 21 2.162022
38 22 -8.883831
38 23 -6.058067
38 24 -6.886487
38 25 -5.422030
38 26 7.235209
38 27 7.459905
38 28 3.909785
38 29 -1.335794
38 30 -1.224684
38 31 -1.330633
38 32 -1.164628
38 33 -1.229257
38 34 -1.584952
38 35 0.342333
38 36 0.739926
38 37 0.516195
38 38 -0.467674
38 39 0.560248
38 40 2.286761
38 41 2.627724
38 42 0.238205
38 43 -2.296317
38 44 -2.109614
38 45 -2.855840
38 46 -2.902356
38 47 2.738242
38 48 0.000000
38 49 0.000000
38 50 0.000000
38 51 0.000000
38 52 0.000000
38 53 0.000000
38 54 0.000000
38 55 0.000000
38 56 0.000000
38 57 0.000000
38 58 0.000000
38 59 0.000000
38 60 0.000000
38 61 0.000000
38 62 0.000000
38 63 0.000000
39 0 0.000000
39 1 0.000000
39 2 0.000000
39 3 0.000000
39 4 0.000000
39 5 0.000000
39 6 0.000000
39 7 0.000000
39 8 0.000000
39 9 0.000000
39 10 0.000000
39 11 0.000000
39 12 0.000000
39 13 0.000000
39 14 0.000000
39 15 0.000000
39 16 -26.272255
39 17 -15.587908
39 18 0.101192
39 19 2.785941
39 20 9.014668
39 21 9.970273
39 22 -6.280092
39 23 -6.617424
39 24 -5.250705
39 25 -6.067033
39 26 2.954369
39 27 8.603329
39 28 6.940879
39 29 2.970381
39 30 -0.345972
39 31 -0.869645
39 32 -0.317012
39 33 -0.462607
39 34 -2.268115
39 35 -1.294694
39 36 -0.202097
39 37 1.333792
39 38 0.779655
39 39 0.188388
39 40 0.455196
39 41 0.345582
39 42 0.243897
39 43 -0.924937
39 44 -0.493653
39 45 2.509223
39 46 0.238149
39 47 -3.435876
39 48 0.000000
39 49 0.000000
39 50 0.000000
39 51 0.000000
39 52 0.000000
39 53 0.000000
39 54 0.000000
39 55 0.000000
39 56 0.000000
39 57 0.000000
39 58 0.000000
39 59 0.000000
39 60 0.000000
39 61 0.000000
39 62 0.000000
39 63 0.000000
40 0 0.000000
40 1 0.000000
40 2 0.000000
40 3 0.000000
40 4 0.000000
40 5 0.000000
40 6 0.000000
40 7 0.000000
40 8 0.000000
40 9 0.000000
40 10 0.000000
40 11 0.000000
40 12 0.000000
40 13 0.000000
40 14 0.000000
40 15 0.000000
40 16 -34.631676
40 17 -6.104560
40 18 6.387068
40 19 0.891224
40 20 4.080402
40 21 11.798161
40 22 -0.177362
40 23 -8.917958
40 24 -6.037113
40 25 -6.549203
40 26 -0.647727
40 27 6.272858
40 28 5.962204
40 29 6.053181
40 30 2.545168
40 31 -1.042308
40 32 -1.386299
40 33 -0.461764
40 34 -2.461023
40 35 -1.877048
40 36 -0.908058
40 37 -0.761983
40 38 0.120015
40 39 -1.823967
40 40 -0.597984
40 41 1.126529
40 42 1.952313
40 43 1.809324
40 44 -0.812263
40 45 0.524002
40 46 4.298999
40 47 -5.819378
40 48 0.000000
40 49 0.000000
40 50 0.000000
40 51 0.000000
40 52 0.000000
40 53 0.000000
40 54 0.000000
40 55 0.000000
40 56 0.000000
40 57 0.000000
40 58 0.000000
40 59 0.000000
40 60 0.000000
40 61 0.000000
40 62 0.000000
40 63 0.000000
41 0 0.000000
41 1 0.000000
41 2 0.000000
41 3 0.000000
41 4 0.000000
41 5 0.000000
41 6 0.000000
41 7 0.000000
41 8 0.000000
41 9 0.000000
41 10 0.000000
41 11 0.000000
41 12 0.000000
41 13 0.000000
41 14 0.000000
41 15 0.000000
41 16 12.155804
41 17 -55.250984
41 18 1.332730
41 19 7.388382
41 20 2.884179
41 21 8.884201
41 22 8.293419
41 23 -8.310459
41 24 -6.027483
41 25 -5.673619
41 26 -1.473184
41 27 4.730099
41 28 4.497608
41 29 5.190352
41 30 7.618952
41 31 3.212063
41 32 -1.133024
41 33 -1.027532
41 34 -1.568830
41 35 -3.418558
41 36 -2.555618
41 37 -2.850476
41 38 -0.521202
41 39 1.013332
41 40 1.874164
41 41 2.909259
41 42 2.462121
41 43 0.732935
41 44 -0.257825
41 45 -0.534471
41 46 -1.264316
41 47 14.905785
41 48 0.000000
41 49 0.000000
41 50 0.000000
41 51 0.000000
41 52 0.000000
41 53 0.000000
41 54 0.000000
41 55 0.000000
41 56 0.000000
41 57 0.000000
41 58 0.000000
41 59 0.000000
41 60 0.000000
41 61 0.000000
41 62 0.000000
41 63 0.000000
42 0 0.000000
42 1 0.000000
42 2 0.000000
42 3 0.000000
42 4 0.000000
42 5 0.000000
42 6 0.000000
42 7 0.000000
42 8 0.000000
42 9 0.000000
42 10 0.000000
42 11 0.000000
42 12 0.000000
42 13 0.000000
42 14 0.000000
42 15 0.000000
42 16 25.488729
42 17 -1.657451
42 18 20.922615
42 19 0.242668
42 20 0.654254
42 21 4.132685
42 22 11.335049
42 23 -3.222512
42 24 -8.376171
42 25 -7.631822
42 26 -4.284939
42 27 -0.513287
42 28 2.511317
42 29 -0.119424
42 30 3.975960
42 31 4.220290
42 32 -0.045625
42 33 -4.062594
42 34 -4.836987
42 35 -6.473661
42 36 -4.543131
42 37 -1.358311
42 38 -0.590897
42 39 0.591759
42 40 0.434705
42 41 -0.075506
42 42 -0.209011
42 43 -1.543209
42 44 -2.852726
42 45 0.112734
42 46 5.142259
42 47 -24.689644
42 48 0.000000
42 49 0.000000
42 50 0.000000
42 51 0.000000
42 52 0.000000
42 53 0.000000
42 54 0.000000
42 55 0.000000
42 56 0.000000
42 57 0.000000
42 58 0.000000
42 59 0.000000
42 60 0.000000
42 61 0.000000
42 62 0.000000
42 63 0.000000
43 0 0.000000
43 1 0.000000
43 2 0.000000
43 3 0.000000
43 4 0.000000
43 5 0.000000
43 6 0.000000
43 7 0.000000
43 8 0.000000
43 9 0.000000
43 10 0.000000
43 11 0.000000
43 12 0.000000
43 13 0.000000
43 14 0.000000
43 15 0.000000
43 16 27.736893
43 17 -0.350485
43 18 3.165307
43 19 10.412242
43 20 -5.953345
43 21 0.068137
43 22 9.561603
43 23 7.202075
43 24 -4.343076
43 25 -4.875070
43 26 -3.124836
43 27 -2.186508
43 28 3.637854
43 29 1.195291
43 30 0.820234
43 31 2.681889
43 32 2.300894
43 33 -1.340569
43 34 -2.616549
43 35 -1.629405
43 36 -1.505669
43 37 -0.188308
43 38 -0.091422
43 39 0.633187
43 40 -0.343688
43 41 -1.125320
43 42 -1.921639
43 43 -1.377798
43 44 -1.360969
43 45 1.170896
43 46 6.646873
43 47 -12.600956
43 48 0.000000
43 49 0.000000
43 50 0.000000
43 51 0.000000
43 52 0.000000
43 53 0.000000
43 54 0.000000
43 55 0.000000
43 56 0.000000
43 57 0.000000
43 58 0.000000
43 59 0.000000
43 60 0.000000
43 61 0.000000
43 62 0.000000
43 63 0.000000
44 0 0.000000
44 1 0.000000
44 2 0.000000
44 3 0.000000
44 4 0.000000
44 5 0.000000
44 6 0.000000
44 7 0.000000
44 8 0.000000
44 9 0.000000
44 10 0.000000
44 11 0.000000
44 12 0.000000
44 13 0.000000
44 14 0.000000
44 15 0.000000
44 16 4.577287
44 17 22.310204
44 18 -2.068214
44 19 -23.417631
44 20 3.363487
44 21 -7.324416
44 22 0.600345
44 23 8.333817
44 24 -1.392652
44 25 -0.799577
44 26 2.334604
44 27 0.870352
44 28 3.428366
44 29 2.739000
44 30 -0.157089
44 31 2.268692
44 32 4.973870
44 33 5.107291
44 34 1.022636
44 35 -0.346900
44 36 -0.248834
44 37 1.473955
44 38 1.154519
44 39 0.781157
44 40 -0.980435
44 41 -0.764624
44 42 1.996402
44 43 0.222304
44 44 2.843738
44 45 -5.760194
44 46 -8.023193
44 47 -17.059437
44 48 0.000000
44 49 0.000000
44 50 0.000000
44 51 0.000000
44 52 0.000000
44 53 0.000000
44 54 0.000000
44 55 0.000000
44 56 0.000000
44 57 0.000000
44 58 0.000000
44 59 0.000000
44 60 0.000000
44 61 0.000000
44 62 0.000000
44 63 0.000000
45 0 0.000000
45 1 0.000000
45 2 0.000000
45 3 0.000000
45 4 0.000000
45 5 0.000000
45 6 0.000000
45 7 0.000000
45 8 0.000000
45 9 0.000000
45 10 0.000000
45 11 0.000000
45 12 0.000000
45 13 0.000000
45 14 0.000000
45 15 0.000000
45 16 8.125134
45 17 8.159159
45 18 4.387769
45 19 -39.836754
45 20 -0.435075
45 21 13.801140
45 22 -5.124806
45 23 5.958417
45 24 -0.877874
45 25 -6.644945
45 26 0.985185
45 27 0.699336
45 28 1.713239
45 29 6.130404
45 30 3.786848
45 31 2.855727
45 32 2.968982
45 33 4.800766
45 34 4.803033
45 35 3.189339
45 36 -0.342930
45 37 -0.550807
45 38 2.016252
45 39 2.510120
45 40 3.969518
45 41 3.152004
45 42 2.358700
45 43 5.673711
45 44 -1.734966
45 45 -10.752409
45 46 3.254642
45 47 8.831483
45 48 0.000000
45 49 0.000000
45 50 0.000000
45 51 0.000000
45 52 0.000000
45 53 0.000000
45 54 0.000000
45 55 0.000000
45 56 0.000000
45 57 0.000000
45 58 0.000000
45 59 0.000000
45 60 0.000000
45 61 0.000000
45 62 0.000000
45 63 0.000000
46 0 0.000000
46 1 0.000000
46 2 0.000000
46 3 0.000000
46 4 0.000000
46 5 0.000000
46 6 0.000000
46 7 0.000000
46 8 0.000000
46 9 0.000000
46 10 0.000000
46 11 0.000000
46 12 0.000000
46 13 0.000000
46 14 0.000000
46 15 0.000000
46 16 2.170854
46 17 3.842258
46 18 0.454300
46 19 1.291845
46 20 -1.333305
46 21 29.692539
46 22 -36.082954
46 23 -3.930749
46 24 7.014256
46 25 -9.764910
46 26 -4.969293
46 27 -2.905388
46 28 -2.926330
46 29 3.773559
46 30 5.369685
46 31 3.065069
46 32 3.279029
46 33 1.602105
46 34 1.997612
46 35 3.106559
46 36 0.844087
46 37 -0.350753
46 38 2.988154
46 39 2.995715
46 40 3.631023
46 41 -5.482757
46 42 3.304701
46 43 -4.419941
46 44 -1.695775
46 45 -1.563108
46 46 -0.302387
46 47 5.299939
46 48 0.000000
46 49 0.000000
46 50 0.000000
46 51 0.000000
46 52 0.000000
46 53 0.000000
46 54 0.000000
46 55 0.000000
46 56 0.000000
46 57 0.000000
46 58 0.000000
46 59 0.000000
46 60 0.000000
46 61 0.000000
46 62 0.000000
46 63 0.000000
47 0 0.000000
47 1 0.000000
47 2 0.000000
47 3 0.000000
47 4 0.000000
47 5 0.000000
47 6 0.000000
47 7 0.000000
47 8 0.000000
47 9 0.000000
47 10 0.000000
47 11 0.000000
47 12 0.000000
47 13 0.000000
47 14 0.000000
47 15 0.000000
47 16 3.132322
47 17 3.332360
47 18 -0.003502
47 19 0.858033
47 20 34.222675
47 21 30.797806
47 22 30.906290
47 23 49.942329
47 24 -4.712272
47 25 -9.605547
47 26 -9.677217
47 27 -9.504490
47 28 -12.398647
47 29 -10.862534
47 30 -5.707846
47 31 -6.258427
47 32 -3.948713
47 33 -4.807582
47 34 -5.005975
47 35 -2.277506
47 36 -0.931777
47 37 -3.750794
47 38 -5.297880
47 39 -2.370175
47 40 -0.424184
47 41 2.444131
47 42 -0.511070
47 43 7.645223
47 44 18.401690
47 45 -3.909850
47 46 -2.536654
47 47 3.062054
47 48 0.000000
47 49 0.000000
47 50 0.000000
47 51 0.000000
47 52 0.000000
47 53 0.000000
47 54 0.000000
47 55 0.000000
47 56 0.000000
47 57 0.000000
47 58 0.000000
47 59 0.000000
47 60 0.000000
47 61 0.000000
47 62 0.000000
47 63 0.000000
48 0 0.000000
48 1 0.000000
48 2 0.000000
48 3 0.000000
48 4 0.000000
48 5 0.000000
48 6 0.000000
48 7 0.000000
48 8 0.000000
48 9 0.000000
48 10 0.000000
48 11 0.000000
48 12 0.000000
48 13 0.000000
48 14 0.000000
48 15 0.000000
48 16 0.000000
48 17 0.000000
48 18 0.000000
48 19 0.000000
48 20 0.000000
48 21 0.000000
48 22 0.000000
48 23 0.000000
48 24 0.000000
48 25 0.000000
48 26 0.000000
48 27 0.000000
48 28 0.000000
48 29 0.000000
48 30 0.000000
48 31 0.000000
48 32 0.000000
48 33 0.000000
48 34 0.000000
48 35 0.000000
48 36 0.000000
48 37 0.000000
48 38 0.000000
48 39 0.000000
48 40 0.000000
48 41 0.000000
48 42 0.000000
48 43 0.000000
48 44 0.000000
48 45 0.000000
48 46 0.000000
48 47 0.000000
48 48 0.000000
48 49 0.000000
48 50 0.000000
48 51 0.000000
48 52 0.000000
48 53 0.000000
48 54 0.000000
48 55 0.000000
48 56 0.000000
48 57 0.000000
48 58 0.000000
48 59 0.000000
48 60 0.000000
48 61 0.000000
48 62 0.000000
48 63 0.000000
49 0 0.000000
49 1 0.000000
49 2 0.000000
49 3 0.000000
49 4 0.000000
49 5 0.000000
49 6 0.000000
49 7 0.000000
49 8 0.000000
49 9 0.000000
49 10 0.000000
49 11 0.000000
49 12 0.000000
49 13 0.000000
49 14 0.000000
49 15 0.000000
49 16 0.000000
49 17 0.000000
49 18 0.000000
49 19 0.000000
49 20 0.000000
49 21 0.000000
49 22 0.000000
49 23 0.000000
49 24 0.000000
49 25 0.000000
49 26 0.000000
49 27 0.000000
49 28 0.000000
49 29 0.000000
49 30 0.000000
49 31 0.000000
49 32 0.000000
49 33 0.000000
49 34 0.000000
49 35 0.000000
49 36 0.000000
49 37 0.000000
49 38 0.000000
49 39 0.000000
49 40 0.000000
49 41 0.000000
49 42 0.000000
49 43 0.000000
49 44 0.000000
49 45 0.000000
49 46 0.000000
49 47 0.000000
49 48 0.000000
49 49 0.000000
49 50 0.000000
49 51 0.000000
49 52 0.000000
49 53 0.000000
49 54 0.000000
49 55 0.000000
49 56 0.000000
49 57 0.000000
49 58 0.000000
49 59 0.000000
49 60 0.000000
49 61 0.000000
49 62 0.000000
49 63 0.000000
50 0 0.000000
50 1 0.000000
50 2 0.000000
50 3 0.000000
50 4 0.000000
50 5 0.000000
50 6 0.000000
50 7 0.000000
50 8 0.000000
50 9 0.000000
50 10 0.000000
50 11 0.000000
50 12 0.000000
50 13 0.000000
50 14 0.000000
50 15 0.000000
50 16 0.000000
50 17 0.000000
50 18 0.000000
50 19 0.000000
50 20 0.000000
50 21 0.000000
50 22 0.000000
50 23 0.000000
50 24 0.000000
50 25 0.000000
50 26 0.000000
50 27 0.000000
50 28 0.000000
50 29 0.000000
50 30 0.000000
50 31 0.000000
50 32 0.000000
50 33 0.000000
50 34 0.000000
50 35 0.000000
50 36 0.000000
50 37 0.000000
50 38 0.000000
50 39 0.000000
50 40 0.000000
50 41 0.000000
50 42 0.000000
50 43 0.000000
50 44 0.000000
50 45 0.000000
50 46 0.000000
50 47 0.000000
50 48 0.000000
50 49 0.000000
50 50 0.000000
50 51 0.000000
50 52 0.000000
50 53 0.000000
50 54 0.000000
50 55 0.000000
50 56 0.000000
50 57 0.000000
50 58 0.000000
50 59 0.000000
50 60 0.000000
50 61 0.000000
50 62 0.000000
50 63 0.000000
51 0 0.000000
51 1 0.000000
51 2 0.000000
51 3 0.000000
51 4 0.000000
51 5 0.000000
51 6 0.000000
51 7 0.000000
51 8 0.000000
51 9 0.000000
51 10 0.000000
51 11 0.000000
51 12 0.000000
51 13 0.000000
51 14 0.000000
51 15 0.000000
51 16 0.000000
51 17 0.000000
51 18 0.000000
51 19 0.000000
51 20 0.000000
51 21 0.000000
51 22 0.000000
51 23 0.000000
51 24 0.000000
51 25 0.000000
51 26 0.000000
51 27 0.000000
51 28 0.000000
51 29 0.000000
51 30 0.000000
51 31 0.000000
51 32 0.000000
51 33 0.000000
51 34 0.000000
51 35 0.000000
51 36 0.000000
51 37 0.000000
51 38 0.000000
51 39 0.000000
51 40 0.000000
51 41 0.000000
51 42 0.000000
51 43 0.000000
51 44 0.000000
51 45 0.000000
51 46 0.000000
51 47 0.000000
51 48 0.000000
51 49 0.000000
51 50 0.000000
51 51 0.000000
51 52 0.000000
51 53 0.000000
51 54 0.000000
51 55 0.000000
51 56 0.000000
51 57 0.000000
51 58 0.000000
51 59 0.000000
51 60 0.000000
51 61 0.000000
51 62 0.000000
51 63 0.000000
52 0 0.000000
52 1 0.000000
52 2 0.000000
52 3 0.000000
52 4 0.000000
52 5 0.000000
52 6 0.000000
52 7 0.000000
52 8 0.000000
52 9 0.000000
52 10 0.000000
52 11 0.000000
52 12 0.000000
52 13 0.000000
52 14 0.000000
52 15 0.000000
52 16 0.000000
52 17 0.000000
52 18 0.000000
52 19 0.000000
52 20 0.000000
52 21 0.000000
52 22 0.000000
52 23 0.000000
52 24 0.000000
52 25 0.000000
52 26 0.000000
52 27 0.000000
52 28 0.000000
52 29 0.000000
52 30 0.000000
52 31 0.000000
52 32 0.000000
52 33 0.000000
52 34 0.000000
52 35 0.000000
52 36 0.000000
52 37 0.000000
52 38 0.000000
52 39 0.000000
52 40 0.000000
52 41 0.000000
52 42 0.000000
52 43 0.000000
52 44 0.000000
52 45 0.000000
52 46 0.000000
52 47 0.000000
52 48 0.000000
52 49 0.000000
52 50 0.000000
52 51 0.000000
52 52 0.000000
52 53 0.000000
52 54 0.000000
52 55 0.000000
52 56 0.000000
52 57 0.000000
52 58 0.000000
52 59 0.000000
52 60 0.000000
52 61 0.000000
52 62 0.000000
52 63 0.000000
53 0 0.000000
53 1 0.000000
53 2 0.000000
53 3 0.000000
53 4 0.000000
53 5 0.000000
53 6 0.000000
53 7 0.000000
53 8 0.000000
53 9 0.000000
53 10 0.000000
53 11 0.000000
53 12 0.000000
53 13 0.000000
53 14 0.000000
53 15 0.000000
53 16 0.000000
53 17 0.000000
53 18 0.000000
53 19 0.000000
53 20 0.000000
53 21 0.000000
53 22 0.000000
53 23 0.000000
53 24 0.000000
53 25 0.000000
53 26 0.000000
53 27 0.000000
53 28 0.000000
53 29 0.000000
53 30 0.000000
53 31 0.000000
53 32 0.000000
53 33 0.000000
53 34 0.000000
53 35 0.000000
53 36 0.000000
53 37 0.000000
53 38 0.000000
53 39 0.000000
53 40 0.000000
53 41 0.000000
53 42 0.000000
53 43 0.000000
53 44 0.000000
53 45 0.000000
53 46 0.000000
53 47 0.000000
53 48 0.000000
53 49 0.000000
53 50 0.000000
53 51 0.000000
53 52 0.000000
53 53 0.000000
53 54 0.000000
53 55 0.000000
53 56 0.000000
53 57 0.000000
53 58 0.000000
53 59 0.000000
53 60 0.000000
53 61 0.000000
53 62 0.000000
53 63 0.000000
54 0 0.000000
54 1 0.000000
54 2 0.000000
54 3 0.000000
54 4 0.000000
54 5 0.000000
54 6 0.000000
54 7 0.000000
54 8 0.000000
54 9 0.000000
54 10 0.000000
54 11 0.000000
54 12 0.000000
54 13 0.000000
54 14 0.000000
54 15 0.000000
54 16 0.000000
54 17 0.000000
54 18 0.000000
54 19 0.000000
54 20 0.000000
54 21 0.000000
54 22 0.000000
54 23 0.000000
54 24 0.000000
54 25 0.000000
54 26 0.000000
54 27 0.000000
54 28 0.000000
54 29 0.000000
54 30 0.000000
54 31 0.000000
54 32 0.000000
54 33 0.000000
54 34 0.000000
54 35 0.000000
54 36 0.000000
54 37 0.000000
54 38 0.000000
54 39 0.000000
54 40 0.000000
54 41 0.000000
54 42 0.000000
54 43 0.000000
54 44 0.000000
54 45 0.000000
54 46 0.000000
54 47 0.000000
54 48 0.000000
54 49 0.000000
54 50 0.000000
54 51 0.000000
54 52 0.000000
54 53 0.000000
54 54 0.000000
54 55 0.000000
54 56 0.000000
54 57 0.000000
54 58 0.000000
54 59 0.000000
54 60 0.000000
54 61 0.000000
54 62 0.000000
54 63 0.000000
55 0 0.000000
55 1 0.000000
55 2 0.000000
55 3 0.000000
55 4 0.000000
55 5 0.000000
55 6 0.000000
55 7 0.000000
55 8 0.000000
55 9 0.000000
55 10 0.000000
55 11 0.000000
55 12 0.000000
55 13 0.000000
55 14 0.000000
55 15 0.000000
55 16 0.000000
55 17 0.000000
55 18 0.000000
55 19 0.000000
55 20 0.000000
55 21 0.000000
55 22 0.000000
55 23 0.000000
55 24 0.000000
55 25 0.000000
55 26 0.000000
55 27 0.000000
55 28 0.000000
55 29 0.000000
55 30 0.000000
55 31 0.000000
55 32 0.000000
55 33 0.000000
55 34 0.000000
55 35 0.000000
55 36 0.000000
55 37 0.000000
55 38 0.000000
55 39 0.000000
55 40 0.000000
55 41 0.000000
55 42 0.000000
55 43 0.000000
55 44 0.000000
55 45 0.000000
55 46 0.000000
55 47 0.000000
55 48 0.000000
55 49 0.000000
55 50 0.000000
55 51 0.000000
55 52 0.000000
55 53 0.000000
55 54 0.000000
55 55 0.000000
55 56 0.000000
55 57 0.000000
55 58 0.000000
55 59 0.000000
55 60 0.000000
55 61 0.000000
55 62 0.000000
55 63 0.000000
56 0 0.000000
56 1 0.000000
56 2 0.000000
56 3 0.000000
56 4 0.000000
56 5 0.000000
56 6 0.000000
56 7 0.000000
56 8 0.000000
56 9 0.000000
56 10 0.000000
56 11 0.000000
56 12 0.000000
56 13 0.000000
56 14 0.000000
56 15 0.000000
56 16 0.000000
56 17 0.000000
56 18 0.000000
56 19 0.000000
56 20 0.000000
56 21 0.000000
56 22 0.000000
56 23 0.000000
56 24 0.000000
56 25 0.000000
56 26 0.000000
56 27 0.000000
56 28 0.000000
56 29 0.000000
56 30 0.000000
56 31 0.000000
56 32 0.000000
56 33 0.000000
56 34 0.000000
56 35 0.000000
56 36 0.000000
56 37 0.000000
56 38 0.000000
56 39 0.000000
56 40 0.000000
56 41 0.000000
56 42 0.000000
56 43 0.000000
56 44 0.000000
56 45 0.000000
56 46 0.000000
56 47 0.000000
56 48 0.000000
56 49 0.000000
56 50 0.000000
56 51 0.000000
56 52 0.000000
56 53 0.000000
56 54 0.000000
56 55 0.000000
56 56 0.000000
56 57 0.000000
56 58 0.000000
56 59 0.000000
56 60 0.000000
56 61 0.000000
56 62 0.000000
56 63 0.000000
57 0 0.000000
57 1 0.000000
57 2 0.000000
57 3 0.000000
57 4 0.000000
57 5 0.000000
57 6 0.000000
57 7 0.000000
57 8 0.000000
57 9 0.000000
57 10 0.000000
57 11 0.000000
57 12 0.000000
57 13 0.000000
57 14 0.000000
57 15 0.000000
57 16 0.000000
57 17 0.000000
57 18 0.000000
57 19 0.000000
57 20 0.000000
57 21 0.000000
57 22 0.000000
57 23 0.000000
57 24 0.000000
57 25 0.000000
57 26 0.000000
57 27 0.000000
57 28 0.000000
57 29 0.000000
57 30 0.000000
57 31 0.000000
57 32 0.000000
57 33 0.000000
57 34 0.000000
57 35 0.000000
57 36 0.000000
57 37 0.000000
57 38 0.000000
57 39 0.000000
57 40 0.000000
57 41 0.000000
57 42 0.000000
57 43 0.000000
57 44 0.000000
57 45 0.000000
57 46 0.000000
57 47 0.000000
57 48 0.000000
57 49 0.000000
57 50 0.000000
57 51 0.000000
57 52 0.000000
57 53 0.000000
57 54 0.000000
57 55 0.000000
57 56 0.000000
57 57 0.000000
57 58 0.000000
57 59 0.000000
57 60 0.000000
57 61 0.000000
57 62 0.000000
57 63 0.000000
58 0 0.000000
58 1 0.000000
58 2 0.000000
58 3 0.000000
58 4 0.000000
58 5 0.000000
58 6 0.000000
58 7 0.000000
58 8 0.000000
58 9 0.000000
58 10 0.000000
58 11 0.000000
58 12 0.000000
58 13 0.000000
58 14 0.000000
58 15 0.000000
58 16 0.000000
58 17 0.000000
58 18 0.000000
58 19 0.000000
58 20 0.000000
58 21 0.000000
58 22 0.000000
58 23 0.000000
58 24 0.000000
58 25 0.000000
58 26 0.000000
58 27 0.000000
58 28 0.000000
58 29 0.000000
58 30 0.000000
58 31 0.000000
58 32 0.000000
58 33 0.000000
58 34 0.000000
58 35 0.000000
58 36 0.000000
58 37 0.000000
58 38 0.000000
58 39 0.000000
58 40 0.000000
58 41 0.000000
58 42 0.000000
58 43 0.000000
58 44 0.000000
58 45 0.000000
58 46 0.000000
58 47 0.000000
58 48 0.000000
58 49 0.000000
58 50 0.000000
58 51 0.000000
58 52 0.000000
58 53 0.000000
58 54 0.000000
58 55 0.000000
58 56 0.000000
58 57 0.000000
58 58 0.000000
58 59 0.000000
58 60 0.000000
58 61 0.000000
58 62 0.000000
58 63 0.000000
59 0 0.000000
59 1 0.000000
59 2 0.000000
59 3 0.000000
59 4 0.000000
59 5 0.000000
59 6 0.000000
59 7 0.000000
59 8 0.000000
59 9 0.000000
59 10 0.000000
59 11 0.000000
59 12 0.000000
59 13 0.000000
59 14 0.000000
59 15 0.000000
59 16 0.000000
59 17 0.000000
59 18 0.000000
59 19 0.000000
59 20 0.000000
59 21 0.000000
59 22 0.000000
59 23 0.000000
59 24 0.000000
59 25 0.000000
59 26 0.000000
59 27 0.000000
59 28 0.000000
59 29 0.000000
59 30 0.000000
59 31 0.000000
59 32 0.000000
59 33 0.000000
59 34 0.000000
59 35 0.000000
59 36 0.000000
59 37 0.000000
59 38 0.000000
59 39 0.000000
59 40 0.000000
59 41 0.000000
59 42 0.000000
59 43 0.000000
59 44 0.000000
59 45 0.000000
59 46 0.000000
59 47 0.000000
59 48 0.000000
59 49 0.000000
59 50 0.000000
59 51 0.000000
59 52 0.000000
59 53 0.000000
59 54 0.000000
59 55 0.000000
59 56 0.000000
59 57 0.000000
59 58 0.000000
59 59 0.000000
59 60 0.000000
59 61 0.000000
59 62 0.000000
59 63 0.000000
60 0 0.000000
60 1 0.000000
60 2 0.000000
60 3 0.000000
60 4 0.000000
60 5 0.000000
60 6 0.000000
60 7 0.000000
60 8 0.000000
60 9 0.000000
60 10 0.000000
60 11 0.000000
60 12 0.000000
60 13 0.000000
60 14 0.000000
60 15 0.000000
60 16 0.000000
60 17 0.000000
60 18 0.000000
60 19 0.000000
60 20 0.000000
60 21 0.000000
60 22 0.000000
60 23 0.000000
60 24 0.000000
60 25 0.000000
60 26 0.000000
60 27 0.000000
60 28 0.000000
60 29 0.000000
60 30 0.000000
60 31 0.000000
60 32 0.000000
60 33 0.000000
60 34 0.000000
60 35 0.000000
60 36 0.000000
60 37 0.000000
60 38 0.000000
60 39 0.000000
60 40 0.000000
60 41 0.000000
60 42 0.000000
60 43 0.000000
60 44 0.000000
60 45 0.000000
60 46 0.000000
60 47 0.000000
60 48 0.000000
60 49 0.000000
60 50 0.000000
60 51 0.000000
60 52 0.000000
60 53 0.000000
60 54 0.000000
60 55 0.000000
60 56 0.000000
60 57 0.000000
60 58 0.000000
60 59 0.000000
60 60 0.000000
60 61 0.000000
60 62 0.000000
60 63 0.000000
61 0 0.000000
61 1 0.000000
61 2 0.000000
61 3 0.000000
61 4 0.000000
61 5 0.000000
61 6 0.000000
61 7 0.000000
61 8 0.000000
61 9 0.000000
61 10 0.000000
61 11 0.000000
61 12 0.000000
61 13 0.000000
61 14 0.000000
61 15 0.000000
61 16 0.000000
61 17 0.000000
61 18 0.000000
61 19 0.000000
61 20 0.000000
61 21 0.000000
61 22 0.000000
61 23 0.000000
61 24 0.000000
61 25 0.000000
61 26 0.000000
61 27 0.000000
61 28 0.000000
61 29 0.000000
61 30 0.000000
61 31 0.000000
61 32 0.000000
61 33 0.000000
61 34 0.000000
61 35 0.000000
61 36 0.000000
61 37 0.000000
61 38 0.000000
61 39 0.000000
61 40 0.000000
61 41 0.000000
61 42 0.000000
61 43 0.000000
61 44 0.000000
61 45 0.000000
61 46 0.000000
61 47 0.000000
61 48 0.000000
61 49 0.000000
61 50 0.000000
61 51 0.000000
61 52 0.000000
61 53 0.000000
61 54 0.000000
61 55 0.000000
61 56 0.000000
61 57 0.000000
61 58 0.000000
61 59 0.000000
61 60 0.000000
61 61 0.000000
61 62 0.000000
61 63 0.000000
62 0 0.000000
62 1 0.000000
62 2 0.000000
62 3 0.000000
62 4 0.000000
62 5 0.000000
62 6 0.000000
62 7 0.000000
62 8 0.000000
62 9 0.000000
62 10 0.000000
62 11 0.000000
62 12 0.000000
62 13 0.000000
62 14 0.000000
62 15 0.000000
62 16 0.000000
62 17 0.000000
62 18 0.000000
62 19 0.000000
62 20 0.000000
62 21 0.000000
62 22 0.000000
62 23 0.000000
62 24 0.000000
62 25 0.000000
62 26 0.000000
62 27 0.000000
62 28 0.000000
62 29 0.000000
62 30 0.000000
62 31 0.000000
62 32 0.000000
62 33 0.000000
62 34 0.000000
62 35 0.000000
62 36 0.000000
62 37 0.000000
62 38 0.000000
62 39 0.000000
62 40 0.000000
62 41 0.000000
62 42 0.000000
62 43 0.000000
62 44 0.000000
62 45 0.000000
62 46 0.000000
62 47 0.000000
62 48 0.000000
62 49 0.000000
62 50 0.000000
62 51 0.000000
62 52 0.000000
62 53 0.000000
62 54 0.000000
62 55 0.000000
62 56 0.000000
62 57 0.000000
62 58 0.000000
62 59 0.000000
62 60 0.000000
62 61 0.000000
62 62 0.000000
62 63 0.000000
63 0 0.000000
63 1 0.000000
63 2 0.000000
63 3 0.000000
63 4 0.000000
63 5 0.000000
63 6 0.000000
63 7 0.000000
63 8 0.000000
63 9 0.000000
63 10 0.000000
63 11 0.000000
63 12 0.000000
63 13 0.000000
63 14 0.000000
63 15 0.000000
63 16 0.000000
63 17 0.000000
63 18 0.000000
63 19 0.000000
63 20 0.000000
63 21 0.000000
63 22 0.000000
63 23 0.000000
63 24 0.000000
63 25 0.000000
63 26 0.000000
63 27 0.000000
63 28 0.000000
63 29 0.000000
63 30 0.000000
63 31 0.000000
63 32 0.000000
63 33 0.000000
63 34 0.000000
63 35 0.000000
63 36 0.000000
63 37 0.000000
63 38 0.000000
63 39 0.000000
63 40 0.000000
63 41 0.000000
63 42 0.000000
63 43 0.000000
63 44 0.000000
63 45 0.000000
63 46 0.000000
63 47 0.000000
63 48 0.000000
63 49 0.000000
63 50 0.000000
63 51 0.000000
63 52 0.000000
63 53 0.000000
63 54 0.000000
63 55 0.000000
63 56 0.000000
63 57 0.000000
63 58 0.000000
63 59 0.000000
63 60 0.000000
63 61 0.000000
63 62 0.000000
63 63 0.000000
