0 0 2.699997
0 1 3.050001
0 2 3.050001
0 3 3.050001
0 4 3.050001
0 5 3.050001
0 6 3.050001
0 7 3.050001
0 8 3.050001
0 9 3.050001
0 10 3.050001
0 11 3.050001
0 12 3.050001
0 13 3.050001
0 14 3.050001
0 15 3.050001
0 16 3.050001
0 17 3.050000
0 18 3.050001
0 19 3.050001
0 20 3.050001
0 21 3.050000
0 22 3.050000
0 23 3.050001
0 24 3.050001
0 25 3.050001
0 26 3.050001
0 27 3.050001
0 28 3.050000
0 29 3.050001
0 30 3.050000
0 31 3.050001
1 0 4.266548
1 1 4.283519
1 2 4.346282
1 3 4.357595
1 4 4.422297
1 5 4.439267
1 6 4.456239
1 7 4.473208
1 8 4.490179
1 9 4.607151
1 10 4.624121
1 11 4.641090
1 12 4.658062
1 13 4.675032
1 14 4.740624
1 15 4.751939
1 16 4.813812
1 17 4.830783
1 18 4.847754
1 19 4.864725
1 20 4.881695
1 21 4.898666
1 22 5.015635
1 23 5.032606
1 24 5.049578
1 25 5.066547
1 26 5.083518
1 27 5.146281
1 28 5.157597
1 29 5.222298
1 30 5.239268
1 31 5.256238
2 0 3.080669
2 1 3.020734
2 2 3.009419
2 3 2.998106
2 4 2.986792
2 5 2.975478
2 6 2.917438
2 7 2.911782
2 8 2.906124
2 9 2.900467
2 10 2.894810
2 11 2.889153
2 12 2.883497
2 13 2.826390
2 14 2.815076
2 15 2.803763
2 16 2.792449
2 17 2.781135
2 18 2.669821
2 19 2.658508
2 20 2.647193
2 21 2.635880
2 22 2.624566
2 23 2.613252
2 24 2.601939
2 25 2.590625
2 26 2.525033
2 27 2.508062
2 28 2.491092
2 29 2.474121
2 30 2.457151
2 31 2.340180
3 0 0.000000
3 1 0.000000
3 2 0.000000
3 3 0.000000
3 4 0.000000
3 5 0.000000
3 6 0.000000
3 7 0.000000
3 8 0.000000
3 9 0.000000
3 10 0.000000
3 11 0.000000
3 12 0.000000
3 13 0.000000
3 14 0.000000
3 15 0.000000
3 16 0.000000
3 17 0.000000
3 18 0.000000
3 19 0.000000
3 20 0.000000
3 21 0.000000
3 22 0.000000
3 23 0.000000
3 24 0.000000
3 25 0.000000
3 26 0.000000
3 27 0.000000
3 28 0.000000
3 29 0.000000
3 30 0.000000
3 31 0.000000
4 0 0.000000
4 1 0.000000
4 2 0.000000
4 3 0.000000
4 4 0.000000
4 5 0.000000
4 6 0.000000
4 7 0.000000
4 8 0.000000
4 9 0.000000
4 10 0.000000
4 11 0.000000
4 12 0.000000
4 13 0.000000
4 14 0.000000
4 15 0.000000
4 16 0.000000
4 17 0.000000
4 18 0.000000
4 19 0.000000
4 20 0.000000
4 21 0.000000
4 22 0.000000
4 23 0.000000
4 24 0.000000
4 25 0.000000
4 26 0.000000
4 27 0.000000
4 28 0.000000
4 29 0.000000
4 30 0.000000
4 31 0.000000
5 0 0.000000
5 1 0.000000
5 2 0.000000
5 3 0.000000
5 4 0.000000
5 5 0.000000
5 6 0.000000
5 7 0.000000
5 8 0.000000
5 9 0.000000
5 10 0.000000
5 11 0.000000
5 12 0.000000
5 13 0.000000
5 14 0.000000
5 15 0.000000
5 16 0.000000
5 17 0.000000
5 18 0.000000
5 19 0.000000
5 20 0.000000
5 21 0.000000
5 22 0.000000
5 23 0.000000
5 24 0.000000
5 25 0.000000
5 26 0.000000
5 27 0.000000
5 28 0.000000
5 29 0.000000
5 30 0.000000
5 31 0.000000
6 0 0.000000
6 1 0.000000
6 2 0.000000
6 3 0.000000
6 4 0.000000
6 5 0.000000
6 6 0.000000
6 7 0.000000
6 8 0.000000
6 9 0.000000
6 10 0.000000
6 11 0.000000
6 12 0.000000
6 13 0.000000
6 14 0.000000
6 15 0.000000
6 16 0.000000
6 17 0.000000
6 18 0.000000
6 19 0.000000
6 20 0.000000
6 21 0.000000
6 22 0.000000
6 23 0.000000
6 24 0.000000
6 25 0.000000
6 26 0.000000
6 27 0.000000
6 28 0.000000
6 29 0.000000
6 30 0.000000
6 31 0.000000
7 0 0.000000
7 1 0.000000
7 2 0.000000
7 3 0.000000
7 4 0.000000
7 5 0.000000
7 6 0.000000
7 7 0.000000
7 8 0.000000
7 9 0.000000
7 10 0.000000
7 11 0.000000
7 12 0.000000
7 13 0.000000
7 14 0.000000
7 15 0.000000
7 16 0.000000
7 17 0.000000
7 18 0.000000
7 19 0.000000
7 20 0.000000
7 21 0.000000
7 22 0.000000
7 23 0.000000
7 24 0.000000
7 25 0.000000
7 26 0.000000
7 27 0.000000
7 28 0.000000
7 29 0.000000
7 30 0.000000
7 31 0.000000
8 0 0.000000
8 1 0.000000
8 2 0.000000
8 3 0.000000
8 4 0.000000
8 5 0.000000
8 6 0.000000
8 7 0.000000
8 8 1218165572360221404596011008.000000
8 9 61179313861674473615261696.000000
8 10 -70932296532571469077544960.000000
8 11 5348123723739839748728946688.000000
8 12 -51087953340861386992910336.000000
8 13 73224733370529594612908032.000000
8 14 -43477559994125755950825472.000000
8 15 -135156683613783454788878336.000000
8 16 -130567557963358213666504704.000000
8 17 -101523205536162708920991744.000000
8 18 -121988586037230333625106432.000000
8 19 -530509470093955225895305216.000000
8 20 -143294806026665787110981632.000000
8 21 5281513563907342685578461184.000000
8 22 -703127976816696738346696704.000000
8 23 -392954829654426008508432384.000000
8 24 0.000000
8 25 0.000000
8 26 0.000000
8 27 0.000000
8 28 0.000000
8 29 0.000000
8 30 0.000000
8 31 0.000000
9 0 0.000000
9 1 0.000000
9 2 0.000000
9 3 0.000000
9 4 0.000000
9 5 0.000000
9 6 0.000000
9 7 0.000000
9 8 686018843049260013737476096.000000
9 9 42286794994051693829685248.000000
9 10 330991515334560823667326976.000000
9 11 228498361548258392812814336.000000
9 12 199217586425642189599014912.000000
9 13 23083157952567747173941248.000000
9 14 -10813243874178590146822144.000000
9 15 -93229521730506783950110720.000000
9 16 -91045012180437914573864960.000000
9 17 -73906806344341023711297536.000000
9 18 -76950279308830141503766528.000000
9 19 -240459857594950172205383680.000000
9 20 -434666533566921751784325120.000000
9 21 -216990950553685047742824448.000000
9 22 -337430203779536552982478848.000000
9 23 -194900697824256754039390208.000000
9 24 0.000000
9 25 0.000000
9 26 0.000000
9 27 0.000000
9 28 0.000000
9 29 0.000000
9 30 0.000000
9 31 0.000000
10 0 0.000000
10 1 0.000000
10 2 0.000000
10 3 0.000000
10 4 0.000000
10 5 0.000000
10 6 0.000000
10 7 0.000000
10 8 684910931600193018067419136.000000
10 9 40988443970853739176132608.000000
10 10 285161133085751653963923456.000000
10 11 274218137119601600044728320.000000
10 12 84408869786897198218215424.000000
10 13 10930728881341037067370496.000000
10 14 -34045679797319822653521920.000000
10 15 -94528338533992599769841664.000000
10 16 -80280995748663027579224064.000000
10 17 -87747933378423437865779200.000000
10 18 -68854907225338631067533312.000000
10 19 -221475132677074955226054656.000000
10 20 -253971525779876133768003584.000000
10 21 -497460283411497193220079616.000000
10 22 -366363294669851478567419904.000000
10 23 -191657760216098614865297408.000000
10 24 0.000000
10 25 0.000000
10 26 0.000000
10 27 0.000000
10 28 0.000000
10 29 0.000000
10 30 0.000000
10 31 0.000000
11 0 0.000000
11 1 0.000000
11 2 0.000000
11 3 0.000000
11 4 0.000000
11 5 0.000000
11 6 0.000000
11 7 0.000000
11 8 5635454341502612235639324672.000000
11 9 246392459616263679971950592.000000
11 10 245724687480795394203451392.000000
11 11 130771781866998252112445440.000000
11 12 60959516294350205880369152.000000
11 13 19177511840189555503267840.000000
11 14 -32102412154560908365922304.000000
11 15 -94397099173280193164869632.000000
11 16 -73936132055732203470979072.000000
11 17 -82852637893234802460459008.000000
11 18 -69897143653817202306449408.000000
11 19 -233418089745972656519249920.000000
11 20 -212157423991027228771090432.000000
11 21 -405695147235909805170229248.000000
11 22 -512765030460619944328429568.000000
11 23 -307811133817352590301593600.000000
11 24 0.000000
11 25 0.000000
11 26 0.000000
11 27 0.000000
11 28 0.000000
11 29 0.000000
11 30 0.000000
11 31 0.000000
12 0 0.000000
12 1 0.000000
12 2 0.000000
12 3 0.000000
12 4 0.000000
12 5 0.000000
12 6 0.000000
12 7 0.000000
12 8 983522840168683318364078080.000000
12 9 324679113299513709942538240.000000
12 10 105537613651599492107993088.000000
12 11 111502681942482728685404160.000000
12 12 57424465270412839101661184.000000
12 13 28910839505276013438304256.000000
12 14 -27275150567359123000655872.000000
12 15 -90728318478180468991721472.000000
12 16 -85133882169226204725379072.000000
12 17 -80184851318550853396201472.000000
12 18 -60102153134978351767748608.000000
12 19 -245394804356525246291902464.000000
12 20 -203373619418704877868548096.000000
12 21 -422362924204638955047485440.000000
12 22 -388639029410940921812353024.000000
12 23 -279083742570203599926722560.000000
12 24 0.000000
12 25 0.000000
12 26 0.000000
12 27 0.000000
12 28 0.000000
12 29 0.000000
12 30 0.000000
12 31 0.000000
13 0 0.000000
13 1 0.000000
13 2 0.000000
13 3 0.000000
13 4 0.000000
13 5 0.000000
13 6 0.000000
13 7 0.000000
13 8 1080036057588379102742577152.000000
13 9 241816836982500394241359872.000000
13 10 131113609258056126958665728.000000
13 11 102012680666786555018346496.000000
13 12 59465210120543253087387648.000000
13 13 32294871647167938545319936.000000
13 14 -39938173985331067427487744.000000
13 15 -62845658982398860114001920.000000
13 16 -67341896053040936789213184.000000
13 17 -75168231597589430269902848.000000
13 18 -102855816774791560639283200.000000
13 19 -259866385762814831791964160.000000
13 20 -254677205974415892665073664.000000
13 21 -455940278063415439604580352.000000
13 22 -272679567983389781182644224.000000
13 23 -135008039750037503221956608.000000
13 24 0.000000
13 25 0.000000
13 26 0.000000
13 27 0.000000
13 28 0.000000
13 29 0.000000
13 30 0.000000
13 31 0.000000
14 0 0.000000
14 1 0.000000
14 2 0.000000
14 3 0.000000
14 4 0.000000
14 5 0.000000
14 6 0.000000
14 7 0.000000
14 8 939459619108647376286384128.000000
14 9 225619931602996754378653696.000000
14 10 138938939455052603268792320.000000
14 11 111843181167967296443908096.000000
14 12 57159076575110398209949696.000000
14 13 31654248507290134809411584.000000
14 14 -42507219750674467689332736.000000
14 15 -58865704773205747942031360.000000
14 16 -63205910059100352374898688.000000
14 17 -68670407502799406559657984.000000
14 18 -122708857606332396777504768.000000
14 19 -252617018256031788811943936.000000
14 20 -248036322767648232954658816.000000
14 21 -435462399893237876679245824.000000
14 22 -265509226328218509921746944.000000
14 23 -119691735815752573079519232.000000
14 24 0.000000
14 25 0.000000
14 26 0.000000
14 27 0.000000
14 28 0.000000
14 29 0.000000
14 30 0.000000
14 31 0.000000
15 0 0.000000
15 1 0.000000
15 2 0.000000
15 3 0.000000
15 4 0.000000
15 5 0.000000
15 6 0.000000
15 7 0.000000
15 8 1262792673493102500247502848.000000
15 9 242593961416837630231838720.000000
15 10 144785542755494477105725440.000000
15 11 105724829657203570347343872.000000
15 12 56336734559362481681072128.000000
15 13 41781298866199830986752000.000000
15 14 -37208719945208707332177920.000000
15 15 -57205331785875224910626816.000000
15 16 -67785383450689024974389248.000000
15 17 -55659324000115682671853568.000000
15 18 -134920611406500156802072576.000000
15 19 -250992026123834640700538880.000000
15 20 -248155599414828838915407872.000000
15 21 -427207518813740999750189056.000000
15 22 -259789887115141158281412608.000000
15 23 -116921348450530651489173504.000000
15 24 0.000000
15 25 0.000000
15 26 0.000000
15 27 0.000000
15 28 0.000000
15 29 0.000000
15 30 0.000000
15 31 0.000000
16 0 0.000000
16 1 0.000000
16 2 0.000000
16 3 0.000000
16 4 0.000000
16 5 0.000000
16 6 0.000000
16 7 0.000000
16 8 28947960146629956200954855424.000000
16 9 293876555577792763558625280.000000
16 10 148274246334946648635998208.000000
16 11 94990005197925328718135296.000000
16 12 67719837557309116510109696.000000
16 13 36293832920285999196536832.000000
16 14 -38735174182250117446238208.000000
16 15 -43290911225901944280186880.000000
16 16 -66018259155403944767782912.000000
16 17 -64974399413446887088324608.000000
16 18 -138255856522003138572451840.000000
16 19 -232926982078498287126577152.000000
16 20 -268896491262009352627683328.000000
16 21 -422370524263197323382751232.000000
16 22 -248530990656728828290793472.000000
16 23 -118086601603550773300428800.000000
16 24 0.000000
16 25 0.000000
16 26 0.000000
16 27 0.000000
16 28 0.000000
16 29 0.000000
16 30 0.000000
16 31 0.000000
17 0 0.000000
17 1 0.000000
17 2 0.000000
17 3 0.000000
17 4 0.000000
17 5 0.000000
17 6 0.000000
17 7 0.000000
17 8 86406938094613085156278272.000000
17 9 292423284186177777663213568.000000
17 10 154839590124732467732545536.000000
17 11 110240924647840995354869760.000000
17 12 74887370695695165491773440.000000
17 13 27745941452079310535917568.000000
17 14 -36010216535995724054134784.000000
17 15 -41668713775431963165851648.000000
17 16 -71435366913577639114440704.000000
17 17 -61565468778741472514015232.000000
17 18 -152478065618532281498992640.000000
17 19 -220523852531937827358769152.000000
17 20 -283906477787578298810761216.000000
17 21 -416179833845548545279524864.000000
17 22 -240920251433541815194615808.000000
17 23 -112687636218173572297785344.000000
17 24 0.000000
17 25 0.000000
17 26 0.000000
17 27 0.000000
17 28 0.000000
17 29 0.000000
17 30 0.000000
17 31 0.000000
18 0 0.000000
18 1 0.000000
18 2 0.000000
18 3 0.000000
18 4 0.000000
18 5 0.000000
18 6 0.000000
18 7 0.000000
18 8 103020223381348497018060800.000000
18 9 299232604613082479289434112.000000
18 10 165011770443018494327914496.000000
18 11 106791595643614156862521344.000000
18 12 61842059259382673530945536.000000
18 13 23974426227547079442432000.000000
18 14 -29857139029513239726653440.000000
18 15 -48344516668731155057475584.000000
18 16 -65473821950812481061388288.000000
18 17 -39274091198677523569311744.000000
18 18 -166184485304016431652798464.000000
18 19 -214293796762435753072394240.000000
18 20 -288144026942702709588885504.000000
18 21 -407622352376266536865759232.000000
18 22 -233145668229492113860984832.000000
18 23 -108173238327990928569008128.000000
18 24 0.000000
18 25 0.000000
18 26 0.000000
18 27 0.000000
18 28 0.000000
18 29 0.000000
18 30 0.000000
18 31 0.000000
19 0 0.000000
19 1 0.000000
19 2 0.000000
19 3 0.000000
19 4 0.000000
19 5 0.000000
19 6 0.000000
19 7 0.000000
19 8 251458968556572450580594688.000000
19 9 337079051559349417957916672.000000
19 10 173048168285706355327631360.000000
19 11 94561468886348982124544000.000000
19 12 68371833114908362184589312.000000
19 13 25005534657663185394335744.000000
19 14 -24835787718696910100365312.000000
19 15 -48057766643791358504992768.000000
19 16 -61837304611097674894016512.000000
19 17 -44257824986641540992466944.000000
19 18 -177873965662597289997238272.000000
19 19 -199494176906283390615945216.000000
19 20 -306582931150180934645448704.000000
19 21 -394914169022959142242877440.000000
19 22 -222666995258421403065516032.000000
19 23 -113310223054033306519601152.000000
19 24 0.000000
19 25 0.000000
19 26 0.000000
19 27 0.000000
19 28 0.000000
19 29 0.000000
19 30 0.000000
19 31 0.000000
20 0 0.000000
20 1 0.000000
20 2 0.000000
20 3 0.000000
20 4 0.000000
20 5 0.000000
20 6 0.000000
20 7 0.000000
20 8 356259607112311135537201152.000000
20 9 494457485517690604988923904.000000
20 10 185706729897455471256666112.000000
20 11 97998374008442177233879040.000000
20 12 63411997083891835485552640.000000
20 13 13859804362457045075492864.000000
20 14 -12431478733437237528100864.000000
20 15 -32630962100818889720987648.000000
20 16 -60939898182027815772225536.000000
20 17 -54199388722204069200920576.000000
20 18 -180098071148820376926027776.000000
20 19 -187121484487444551608303616.000000
20 20 -320195484578446013745856512.000000
20 21 -386152998605615232960167936.000000
20 22 -218009413740738625797095424.000000
20 23 -167349157384598231613177856.000000
20 24 0.000000
20 25 0.000000
20 26 0.000000
20 27 0.000000
20 28 0.000000
20 29 0.000000
20 30 0.000000
20 31 0.000000
21 0 0.000000
21 1 0.000000
21 2 0.000000
21 3 0.000000
21 4 0.000000
21 5 0.000000
21 6 0.000000
21 7 0.000000
21 8 14218762137931529559725834240.000000
21 9 532066522867728901728108544.000000
21 10 346871358076925543756857344.000000
21 11 122386002691554332205121536.000000
21 12 54105139695045468674326528.000000
21 13 14016534817636309067104256.000000
21 14 -4435399708686982573981696.000000
21 15 -41116805639490647091052544.000000
21 16 -54687346608127852687654912.000000
21 17 -48345964738140941257277440.000000
21 18 -196099791529280096023085056.000000
21 19 -178277654209906349824802816.000000
21 20 -330372110562053804343164928.000000
21 21 -382178795168887099740913664.000000
21 22 -262682668627292142746730496.000000
21 23 -100724599868351638157656064.000000
21 24 0.000000
21 25 0.000000
21 26 0.000000
21 27 0.000000
21 28 0.000000
21 29 0.000000
21 30 0.000000
21 31 0.000000
22 0 0.000000
22 1 0.000000
22 2 0.000000
22 3 0.000000
22 4 0.000000
22 5 0.000000
22 6 0.000000
22 7 0.000000
22 8 -20832459178919398712803328.000000
22 9 216032291710918436054892544.000000
22 10 611839799655879184463429632.000000
22 11 275559344540968800414072832.000000
22 12 67664686404214743378165760.000000
22 13 31229332369238253715324928.000000
22 14 -10216643889032694255845376.000000
22 15 -54804183673404710560202752.000000
22 16 -44822083217740205612072960.000000
22 17 -44532778318746200286691328.000000
22 18 -195232794557815747097133056.000000
22 19 -176707116866214792309768192.000000
22 20 -340216990300240002364211200.000000
22 21 -386474968076677759474073600.000000
22 22 -321654474460723849602269184.000000
22 23 -66574220963355458516549632.000000
22 24 0.000000
22 25 0.000000
22 26 0.000000
22 27 0.000000
22 28 0.000000
22 29 0.000000
22 30 0.000000
22 31 0.000000
23 0 0.000000
23 1 0.000000
23 2 0.000000
23 3 0.000000
23 4 0.000000
23 5 0.000000
23 6 0.000000
23 7 0.000000
23 8 -20735166438988636110192640.000000
23 9 221852958889192674262253568.000000
23 10 55965595291971482357334016.000000
23 11 399574628232717418201350144.000000
23 12 236452357785168993245462528.000000
23 13 42092186455760076487524352.000000
23 14 -16475760197979888727097344.000000
23 15 -39637095451932016980787200.000000
23 16 -44702875745849876062142464.000000
23 17 -55666771873035442903318528.000000
23 18 -201745325319318535747403776.000000
23 19 -178347253775296455963049984.000000
23 20 -348539607823975540766801920.000000
23 21 -500409032345167812465000448.000000
23 22 -171194897695597051514978304.000000
23 23 -89015593631168758252830720.000000
23 24 0.000000
23 25 0.000000
23 26 0.000000
23 27 0.000000
23 28 0.000000
23 29 0.000000
23 30 0.000000
23 31 0.000000
24 0 0.000000
24 1 0.000000
24 2 0.000000
24 3 0.000000
24 4 0.000000
24 5 0.000000
24 6 0.000000
24 7 0.000000
24 8 0.000000
24 9 0.000000
24 10 0.000000
24 11 0.000000
24 12 0.000000
24 13 0.000000
24 14 0.000000
24 15 0.000000
24 16 0.000000
24 17 0.000000
24 18 0.000000
24 19 0.000000
24 20 0.000000
24 21 0.000000
24 22 0.000000
24 23 0.000000
24 24 0.000000
24 25 0.000000
24 26 0.000000
24 27 0.000000
24 28 0.000000
24 29 0.000000
24 30 0.000000
24 31 0.000000
25 0 0.000000
25 1 0.000000
25 2 0.000000
25 3 0.000000
25 4 0.000000
25 5 0.000000
25 6 0.000000
25 7 0.000000
25 8 0.000000
25 9 0.000000
25 10 0.000000
25 11 0.000000
25 12 0.000000
25 13 0.000000
25 14 0.000000
25 15 0.000000
25 16 0.000000
25 17 0.000000
25 18 0.000000
25 19 0.000000
25 20 0.000000
25 21 0.000000
25 22 0.000000
25 23 0.000000
25 24 0.000000
25 25 0.000000
25 26 0.000000
25 27 0.000000
25 28 0.000000
25 29 0.000000
25 30 0.000000
25 31 0.000000
26 0 0.000000
26 1 0.000000
26 2 0.000000
26 3 0.000000
26 4 0.000000
26 5 0.000000
26 6 0.000000
26 7 0.000000
26 8 0.000000
26 9 0.000000
26 10 0.000000
26 11 0.000000
26 12 0.000000
26 13 0.000000
26 14 0.000000
26 15 0.000000
26 16 0.000000
26 17 0.000000
26 18 0.000000
26 19 0.000000
26 20 0.000000
26 21 0.000000
26 22 0.000000
26 23 0.000000
26 24 0.000000
26 25 0.000000
26 26 0.000000
26 27 0.000000
26 28 0.000000
26 29 0.000000
26 30 0.000000
26 31 0.000000
27 0 0.000000
27 1 0.000000
27 2 0.000000
27 3 0.000000
27 4 0.000000
27 5 0.000000
27 6 0.000000
27 7 0.000000
27 8 0.000000
27 9 0.000000
27 10 0.000000
27 11 0.000000
27 12 0.000000
27 13 0.000000
27 14 0.000000
27 15 0.000000
27 16 0.000000
27 17 0.000000
27 18 0.000000
27 19 0.000000
27 20 0.000000
27 21 0.000000
27 22 0.000000
27 23 0.000000
27 24 0.000000
27 25 0.000000
27 26 0.000000
27 27 0.000000
27 28 0.000000
27 29 0.000000
27 30 0.000000
27 31 0.000000
28 0 0.000000
28 1 0.000000
28 2 0.000000
28 3 0.000000
28 4 0.000000
28 5 0.000000
28 6 0.000000
28 7 0.000000
28 8 0.000000
28 9 0.000000
28 10 0.000000
28 11 0.000000
28 12 0.000000
28 13 0.000000
28 14 0.000000
28 15 0.000000
28 16 0.000000
28 17 0.000000
28 18 0.000000
28 19 0.000000
28 20 0.000000
28 21 0.000000
28 22 0.000000
28 23 0.000000
28 24 0.000000
28 25 0.000000
28 26 0.000000
28 27 0.000000
28 28 0.000000
28 29 0.000000
28 30 0.000000
28 31 0.000000
29 0 0.000000
29 1 0.000000
29 2 0.000000
29 3 0.000000
29 4 0.000000
29 5 0.000000
29 6 0.000000
29 7 0.000000
29 8 0.000000
29 9 0.000000
29 10 0.000000
29 11 0.000000
29 12 0.000000
29 13 0.000000
29 14 0.000000
29 15 0.000000
29 16 0.000000
29 17 0.000000
29 18 0.000000
29 19 0.000000
29 20 0.000000
29 21 0.000000
29 22 0.000000
29 23 0.000000
29 24 0.000000
29 25 0.000000
29 26 0.000000
29 27 0.000000
29 28 0.000000
29 29 0.000000
29 30 0.000000
29 31 0.000000
30 0 0.000000
30 1 0.000000
30 2 0.000000
30 3 0.000000
30 4 0.000000
30 5 0.000000
30 6 0.000000
30 7 0.000000
30 8 0.000000
30 9 0.000000
30 10 0.000000
30 11 0.000000
30 12 0.000000
30 13 0.000000
30 14 0.000000
30 15 0.000000
30 16 0.000000
30 17 0.000000
30 18 0.000000
30 19 0.000000
30 20 0.000000
30 21 0.000000
30 22 0.000000
30 23 0.000000
30 24 0.000000
30 25 0.000000
30 26 0.000000
30 27 0.000000
30 28 0.000000
30 29 0.000000
30 30 0.000000
30 31 0.000000
31 0 0.000000
31 1 0.000000
31 2 0.000000
31 3 0.000000
31 4 0.000000
31 5 0.000000
31 6 0.000000
31 7 0.000000
31 8 0.000000
31 9 0.000000
31 10 0.000000
31 11 0.000000
31 12 0.000000
31 13 0.000000
31 14 0.000000
31 15 0.000000
31 16 0.000000
31 17 0.000000
31 18 0.000000
31 19 0.000000
31 20 0.000000
31 21 0.000000
31 22 0.000000
31 23 0.000000
31 24 0.000000
31 25 0.000000
31 26 0.000000
31 27 0.000000
31 28 0.000000
31 29 0.000000
31 30 0.000000
31 31 0.000000
