0 0 2.699997
0 1 3.050001
0 2 3.050001
0 3 3.050001
0 4 3.050001
0 5 3.050001
0 6 3.050001
0 7 3.050001
0 8 3.050001
0 9 3.050001
0 10 3.050001
0 11 3.050001
0 12 3.050001
0 13 3.050001
0 14 3.050001
0 15 3.050001
0 16 3.050001
0 17 3.050000
0 18 3.050001
0 19 3.050001
0 20 3.050001
0 21 3.050000
0 22 3.050000
0 23 3.050001
0 24 3.050001
0 25 3.050001
0 26 3.050001
0 27 3.050001
0 28 3.050000
0 29 3.050001
0 30 3.050000
0 31 3.050001
1 0 4.266548
1 1 4.283519
1 2 4.346282
1 3 4.357595
1 4 4.422297
1 5 4.439267
1 6 4.456239
1 7 4.473208
1 8 4.490179
1 9 4.607151
1 10 4.624121
1 11 4.641090
1 12 4.658062
1 13 4.675032
1 14 4.740624
1 15 4.751939
1 16 4.813812
1 17 4.830783
1 18 4.847754
1 19 4.864725
1 20 4.881695
1 21 4.898666
1 22 5.015635
1 23 5.032606
1 24 5.049578
1 25 5.066547
1 26 5.083518
1 27 5.146281
1 28 5.157597
1 29 5.222298
1 30 5.239268
1 31 5.256238
2 0 3.080669
2 1 3.020734
2 2 3.009419
2 3 2.998106
2 4 2.986792
2 5 2.975478
2 6 2.917438
2 7 2.911782
2 8 2.906124
2 9 2.900467
2 10 2.894810
2 11 2.889153
2 12 2.883497
2 13 2.826390
2 14 2.815076
2 15 2.803763
2 16 2.792449
2 17 2.781135
2 18 2.669821
2 19 2.658508
2 20 2.647193
2 21 2.635880
2 22 2.624566
2 23 2.613252
2 24 2.601939
2 25 2.590625
2 26 2.525033
2 27 2.508062
2 28 2.491092
2 29 2.474121
2 30 2.457151
2 31 2.340180
3 0 0.000000
3 1 0.000000
3 2 0.000000
3 3 0.000000
3 4 0.000000
3 5 0.000000
3 6 0.000000
3 7 0.000000
3 8 0.000000
3 9 0.000000
3 10 0.000000
3 11 0.000000
3 12 0.000000
3 13 0.000000
3 14 0.000000
3 15 0.000000
3 16 0.000000
3 17 0.000000
3 18 0.000000
3 19 0.000000
3 20 0.000000
3 21 0.000000
3 22 0.000000
3 23 0.000000
3 24 0.000000
3 25 0.000000
3 26 0.000000
3 27 0.000000
3 28 0.000000
3 29 0.000000
3 30 0.000000
3 31 0.000000
4 0 0.000000
4 1 0.000000
4 2 0.000000
4 3 0.000000
4 4 0.000000
4 5 0.000000
4 6 0.000000
4 7 0.000000
4 8 0.000000
4 9 0.000000
4 10 0.000000
4 11 0.000000
4 12 0.000000
4 13 0.000000
4 14 0.000000
4 15 0.000000
4 16 0.000000
4 17 0.000000
4 18 0.000000
4 19 0.000000
4 20 0.000000
4 21 0.000000
4 22 0.000000
4 23 0.000000
4 24 0.000000
4 25 0.000000
4 26 0.000000
4 27 0.000000
4 28 0.000000
4 29 0.000000
4 30 0.000000
4 31 0.000000
5 0 0.000000
5 1 0.000000
5 2 0.000000
5 3 0.000000
5 4 0.000000
5 5 0.000000
5 6 0.000000
5 7 0.000000
5 8 0.000000
5 9 0.000000
5 10 0.000000
5 11 0.000000
5 12 0.000000
5 13 0.000000
5 14 0.000000
5 15 0.000000
5 16 0.000000
5 17 0.000000
5 18 0.000000
5 19 0.000000
5 20 0.000000
5 21 0.000000
5 22 0.000000
5 23 0.000000
5 24 0.000000
5 25 0.000000
5 26 0.000000
5 27 0.000000
5 28 0.000000
5 29 0.000000
5 30 0.000000
5 31 0.000000
6 0 0.000000
6 1 0.000000
6 2 0.000000
6 3 0.000000
6 4 0.000000
6 5 0.000000
6 6 0.000000
6 7 0.000000
6 8 0.000000
6 9 0.000000
6 10 0.000000
6 11 0.000000
6 12 0.000000
6 13 0.000000
6 14 0.000000
6 15 0.000000
6 16 0.000000
6 17 0.000000
6 18 0.000000
6 19 0.000000
6 20 0.000000
6 21 0.000000
6 22 0.000000
6 23 0.000000
6 24 0.000000
6 25 0.000000
6 26 0.000000
6 27 0.000000
6 28 0.000000
6 29 0.000000
6 30 0.000000
6 31 0.000000
7 0 0.000000
7 1 0.000000
7 2 0.000000
7 3 0.000000
7 4 0.000000
7 5 0.000000
7 6 0.000000
7 7 0.000000
7 8 0.000000
7 9 0.000000
7 10 0.000000
7 11 0.000000
7 12 0.000000
7 13 0.000000
7 14 0.000000
7 15 0.000000
7 16 0.000000
7 17 0.000000
7 18 0.000000
7 19 0.000000
7 20 0.000000
7 21 0.000000
7 22 0.000000
7 23 0.000000
7 24 0.000000
7 25 0.000000
7 26 0.000000
7 27 0.000000
7 28 0.000000
7 29 0.000000
7 30 0.000000
7 31 0.000000
8 0 0.000000
8 1 0.000000
8 2 0.000000
8 3 0.000000
8 4 0.000000
8 5 0.000000
8 6 0.000000
8 7 0.000000
8 8 2940713531952111364236902400.000000
8 9 147689982609900046007664640.000000
8 10 -171234170813729979150368768.000000
8 11 12910643010344223487305973760.000000
8 12 -123328954131742180209852416.000000
8 13 176768175589098770925617152.000000
8 14 -104957030051995594535206912.000000
8 15 -326275088703282912929251328.000000
8 16 -315196675188887757191643136.000000
8 17 -245082132044475869392011264.000000
8 18 -294486607851054412140118016.000000
8 19 -1280676718085587615701008384.000000
8 20 -345920944928759880238497792.000000
8 21 12749844070419270632957018112.000000
8 22 -1697386748249302720913080320.000000
8 23 -948613041091974645474656256.000000
8 24 0.000000
8 25 0.000000
8 26 0.000000
8 27 0.000000
8 28 0.000000
8 29 0.000000
8 30 0.000000
8 31 0.000000
9 0 0.000000
9 1 0.000000
9 2 0.000000
9 3 0.000000
9 4 0.000000
9 5 0.000000
9 6 0.000000
9 7 0.000000
9 8 1656084193120361855492030464.000000
9 9 102082455476245361397334016.000000
9 10 799030385646623852052086784.000000
9 11 551606716143151660725698560.000000
9 12 480921375396866978270412800.000000
9 13 55723901439431721384673280.000000
9 14 -26103729284289354558078976.000000
9 15 -225060773896634470450069504.000000
9 16 -219787218700842383834087424.000000
9 17 -178414731965118085502861312.000000
9 18 -185761848768747715396894720.000000
9 19 -580482437659397349605113856.000000
9 20 -1049307028588535962631405568.000000
9 21 -523827063266277645984202752.000000
9 22 -814573612203131520243728384.000000
9 23 -470500219373818093856882688.000000
9 24 0.000000
9 25 0.000000
9 26 0.000000
9 27 0.000000
9 28 0.000000
9 29 0.000000
9 30 0.000000
9 31 0.000000
10 0 0.000000
10 1 0.000000
10 2 0.000000
10 3 0.000000
10 4 0.000000
10 5 0.000000
10 6 0.000000
10 7 0.000000
10 8 1653410005525484329213362176.000000
10 9 98948196860797482046586880.000000
10 10 688393381733404202059694080.000000
10 11 661976611202183996410691584.000000
10 12 203767291383981913409585152.000000
10 13 26387347974422638914174976.000000
10 14 -82188001704259047315734528.000000
10 15 -228196166986842882938241024.000000
10 16 -193802378682108087336173568.000000
10 17 -211827928248382628760125440.000000
10 18 -166219220523107226738491392.000000
10 19 -534652276771517064416329728.000000
10 20 -613100191891459463287144448.000000
10 21 -1200894402392841215285395456.000000
10 22 -884419699881038712938692608.000000
10 23 -462671531869400202408361984.000000
10 24 0.000000
10 25 0.000000
10 26 0.000000
10 27 0.000000
10 28 0.000000
10 29 0.000000
10 30 0.000000
10 31 0.000000
11 0 0.000000
11 1 0.000000
11 2 0.000000
11 3 0.000000
11 4 0.000000
11 5 0.000000
11 6 0.000000
11 7 0.000000
11 8 13604271282897841280761462784.000000
11 9 594803899462415086774124544.000000
11 10 593191875391301756477505536.000000
11 11 315689719764489866087235584.000000
11 12 147159371239991827610206208.000000
11 13 46295484618825627055685632.000000
11 14 -77496847112362118663372800.000000
11 15 -227879362604120995098787840.000000
11 16 -178485585909105203890618368.000000
11 17 -200010464379418373546573824.000000
11 18 -168735245734296767321604096.000000
11 19 -563483135806175491666214912.000000
11 20 -512158759769893406205018112.000000
11 21 -979368707190260222178361344.000000
11 22 -1237840648228311127835017216.000000
11 23 -743071670990191863357505536.000000
11 24 0.000000
11 25 0.000000
11 26 0.000000
11 27 0.000000
11 28 0.000000
11 29 0.000000
11 30 0.000000
11 31 0.000000
12 0 0.000000
12 1 0.000000
12 2 0.000000
12 3 0.000000
12 4 0.000000
12 5 0.000000
12 6 0.000000
12 7 0.000000
12 8 2374274084047195032409604096.000000
12 9 783791899302213865653141504.000000
12 10 254773184383831403462131712.000000
12 11 269173137082882774773268480.000000
12 12 138625575390100462260715520.000000
12 13 69792255467014089795960832.000000
12 14 -65843619217572118015246336.000000
12 15 -219022767179683786305568768.000000
12 16 -205517518461695475666911232.000000
12 17 -193570281748172673757741056.000000
12 18 -145089674225037726483218432.000000
12 19 -592395529449639715134242816.000000
12 20 -490954301244140571460632576.000000
12 21 -1019605409446622149707038720.000000
12 22 -938194320039143490721939456.000000
12 23 -673722317236701521468456960.000000
12 24 0.000000
12 25 0.000000
12 26 0.000000
12 27 0.000000
12 28 0.000000
12 29 0.000000
12 30 0.000000
12 31 0.000000
13 0 0.000000
13 1 0.000000
13 2 0.000000
13 3 0.000000
13 4 0.000000
13 5 0.000000
13 6 0.000000
13 7 0.000000
13 8 2607261626786487307994136576.000000
13 9 583758136685030396942876672.000000
13 10 316514953307371336588328960.000000
13 11 246263756682861408430325760.000000
13 12 143552008979285519389163520.000000
13 13 77961446808602567430373376.000000
13 14 -96412774898214435869949952.000000
13 15 -151712590303077593090359296.000000
13 16 -162566728303024588099420160.000000
13 17 -181459920476806058283630592.000000
13 18 -248299151977210446646083584.000000
13 19 -627330674352705664947585024.000000
13 20 -614803711813178392959778816.000000
13 21 -1100662764089743354330349568.000000
13 22 -658262396176430725611913216.000000
13 23 -325916262637561114731216896.000000
13 24 0.000000
13 25 0.000000
13 26 0.000000
13 27 0.000000
13 28 0.000000
13 29 0.000000
13 30 0.000000
13 31 0.000000
14 0 0.000000
14 1 0.000000
14 2 0.000000
14 3 0.000000
14 4 0.000000
14 5 0.000000
14 6 0.000000
14 7 0.000000
14 8 2267903369316366632676753408.000000
14 9 544658012118026009727467520.000000
14 10 335405636723958782273519616.000000
14 11 269995160892295419812380672.000000
14 12 137984929191792566387867648.000000
14 13 76414991689299237734973440.000000
14 14 -102614551809051513413697536.000000
14 15 -142104778896354673371906048.000000
14 16 -152582243605688556191744000.000000
14 17 -165773823887447509614723072.000000
14 18 -296225379500698200765890560.000000
14 19 -609830358930441855586795520.000000
14 20 -598772236834527780355964928.000000
14 21 -1051228293877300959851315200.000000
14 22 -640952783194400925595729920.000000
14 23 -288941940857611016244035584.000000
14 24 0.000000
14 25 0.000000
14 26 0.000000
14 27 0.000000
14 28 0.000000
14 29 0.000000
14 30 0.000000
14 31 0.000000
15 0 0.000000
15 1 0.000000
15 2 0.000000
15 3 0.000000
15 4 0.000000
15 5 0.000000
15 6 0.000000
15 7 0.000000
15 8 3048446059117437297908252672.000000
15 9 585634170557326658342223872.000000
15 10 349519720230099876663263232.000000
15 11 255225092720149140057620480.000000
15 12 135999745934812165571608576.000000
15 13 100862203355769474557935616.000000
15 14 -89823708595549826290024448.000000
15 15 -138096522770066472320368640.000000
15 16 -163637377329062690475212800.000000
15 17 -134364432849305776966074368.000000
15 18 -325705231885357877460729856.000000
15 19 -605907511229214929759240192.000000
15 20 -599060190509518386456690688.000000
15 21 -1031300571402377710593376256.000000
15 22 -627145911764063390078599168.000000
15 23 -282254073793687618305654784.000000
15 24 0.000000
15 25 0.000000
15 26 0.000000
15 27 0.000000
15 28 0.000000
15 29 0.000000
15 30 0.000000
15 31 0.000000
16 0 0.000000
16 1 0.000000
16 2 0.000000
16 3 0.000000
16 4 0.000000
16 5 0.000000
16 6 0.000000
16 7 0.000000
16 8 69881838943661567702760161280.000000
16 9 709432926367138073412632576.000000
16 10 357941618130440119872651264.000000
16 11 229310700817032340337328128.000000
16 12 163479141158398409941450752.000000
16 13 87615162937952913368023040.000000
16 14 -93508667085202193739939840.000000
16 15 -104506449881251165027434496.000000
16 16 -159371420188064766987599872.000000
16 17 -156851484267131599979544576.000000
16 18 -333756645377721738035462144.000000
16 19 -562297563564558178783854592.000000
16 20 -649129708333442305959657472.000000
16 21 -1019623929977672154096861184.000000
16 22 -599966515939347884146688000.000000
16 23 -285067054690975735250681856.000000
16 24 0.000000
16 25 0.000000
16 26 0.000000
16 27 0.000000
16 28 0.000000
16 29 0.000000
16 30 0.000000
16 31 0.000000
17 0 0.000000
17 1 0.000000
17 2 0.000000
17 3 0.000000
17 4 0.000000
17 5 0.000000
17 6 0.000000
17 7 0.000000
17 8 208590764471119560675688448.000000
17 9 705924798366176285724508160.000000
17 10 373790654810201745010982912.000000
17 11 266127210701431853610434560.000000
17 12 180781910398376863713984512.000000
17 13 66980118508267345062920192.000000
17 14 -86930484361541072795467776.000000
17 15 -100590390581843364314873856.000000
17 16 -172448575316334500061904896.000000
17 17 -148622151928176810779475968.000000
17 18 -368089836128174397760471040.000000
17 19 -532355804708292814916550656.000000
17 20 -685364647717429978198966272.000000
17 21 -1004679337159844508274262016.000000
17 22 -581593780202862055251771392.000000
17 23 -272033673686392914942361600.000000
17 24 0.000000
17 25 0.000000
17 26 0.000000
17 27 0.000000
17 28 0.000000
17 29 0.000000
17 30 0.000000
17 31 0.000000
18 0 0.000000
18 1 0.000000
18 2 0.000000
18 3 0.000000
18 4 0.000000
18 5 0.000000
18 6 0.000000
18 7 0.000000
18 8 248696052122700381358653440.000000
18 9 722362692010258867169525760.000000
18 10 398346812947171310445789184.000000
18 11 257800331979815288301420544.000000
18 12 149289887170156949128871936.000000
18 13 57875488163015037638672384.000000
18 14 -72076617242753948975104000.000000
18 15 -116706093393934534731366400.000000
18 16 -158057108119557035144511488.000000
18 17 -94809623711000559867658240.000000
18 18 -401177834760163515332296704.000000
18 19 -517316063584532975226716160.000000
18 20 -695594326536993757466722304.000000
18 21 -984020976045649771095916544.000000
18 22 -562825472486459598732001280.000000
18 23 -261135706222526786038661120.000000
18 24 0.000000
18 25 0.000000
18 26 0.000000
18 27 0.000000
18 28 0.000000
18 29 0.000000
18 30 0.000000
18 31 0.000000
19 0 0.000000
19 1 0.000000
19 2 0.000000
19 3 0.000000
19 4 0.000000
19 5 0.000000
19 6 0.000000
19 7 0.000000
19 8 607034681079094878201184256.000000
19 9 813725873632480124089663488.000000
19 10 417747143009027203623026688.000000
19 11 228276170515890561263599616.000000
19 12 165053109596487677433085952.000000
19 13 60364627244717146550304768.000000
19 14 -59954814378375615151603712.000000
19 15 -116013879322568583806976000.000000
19 16 -149278385625226991223439360.000000
19 17 -106840627089362076850716672.000000
19 18 -429396741506920701916872704.000000
19 19 -481589073745358969200705536.000000
19 20 -740106615134760084868956160.000000
19 21 -953342860059450069347205120.000000
19 22 -537529415444693543181877248.000000
19 23 -273536659053286548079378432.000000
19 24 0.000000
19 25 0.000000
19 26 0.000000
19 27 0.000000
19 28 0.000000
19 29 0.000000
19 30 0.000000
19 31 0.000000
20 0 0.000000
20 1 0.000000
20 2 0.000000
20 3 0.000000
20 4 0.000000
20 5 0.000000
20 6 0.000000
20 7 0.000000
20 8 860028824570969585086365696.000000
20 9 1193645496054660015044165632.000000
20 10 448305465839212235543543808.000000
20 11 236573073278387348551237632.000000
20 12 153079761516728539653603328.000000
20 13 33458268596565643332943872.000000
20 14 -30010200888464844731187200.000000
20 15 -78772780729824497784324096.000000
20 16 -147112009224582578336432128.000000
20 17 -130840044043443014308200448.000000
20 18 -434765924623990898848432128.000000
20 19 -451720769823995116767936512.000000
20 20 -772968161536500343985143808.000000
20 21 -932192856322202825199190016.000000
20 22 -526285755996886097280892928.000000
20 23 -403989376811413882932297728.000000
20 24 0.000000
20 25 0.000000
20 26 0.000000
20 27 0.000000
20 28 0.000000
20 29 0.000000
20 30 0.000000
20 31 0.000000
21 0 0.000000
21 1 0.000000
21 2 0.000000
21 3 0.000000
21 4 0.000000
21 5 0.000000
21 6 0.000000
21 7 0.000000
21 8 34324813567459954153752625152.000000
21 9 1284435574231999263614697472.000000
21 10 837365081015033735132741632.000000
21 11 295446059903816193338769408.000000
21 12 130612558795526028117671936.000000
21 13 33836627458418490732445696.000000
21 14 -10707265023632119559094272.000000
21 15 -99258037597631544530305024.000000
21 16 -132018007003129922000519168.000000
21 17 -116709598275308539546173440.000000
21 18 -473394882453864596696465408.000000
21 19 -430371282996334777528745984.000000
21 20 -797535018785032660959887360.000000
21 21 -922598999877371666756534272.000000
21 22 -634129332561535762452971520.000000
21 23 -243154299714820631571726336.000000
21 24 0.000000
21 25 0.000000
21 26 0.000000
21 27 0.000000
21 28 0.000000
21 29 0.000000
21 30 0.000000
21 31 0.000000
22 0 0.000000
22 1 0.000000
22 2 0.000000
22 3 0.000000
22 4 0.000000
22 5 0.000000
22 6 0.000000
22 7 0.000000
22 8 -50290602051647328479084544.000000
22 9 521512919222230782733975552.000000
22 10 1477012351237850088341504000.000000
22 11 665214236148048907233918976.000000
22 12 163346011006418448107438080.000000
22 13 75389205144848396988710912.000000
22 14 -24663485905676426033496064.000000
22 15 -132300066943388977899503616.000000
22 16 -108202753118508863851593728.000000
22 17 -107504405504738404501291008.000000
22 18 -471301951764749658389217280.000000
22 19 -426579960580353400804212736.000000
22 20 -821300992192860804041670656.000000
22 21 -932970275904445240542494720.000000
22 22 -776490309062958150932496384.000000
22 23 -160713568393379726544076800.000000
22 24 0.000000
22 25 0.000000
22 26 0.000000
22 27 0.000000
22 28 0.000000
22 29 0.000000
22 30 0.000000
22 31 0.000000
23 0 0.000000
23 1 0.000000
23 2 0.000000
23 3 0.000000
23 4 0.000000
23 5 0.000000
23 6 0.000000
23 7 0.000000
23 8 -50055733494414840040521728.000000
23 9 535564320692009412067328000.000000
23 10 135103787575152092649619456.000000
23 11 964593381696052935201390592.000000
23 12 570807932049475933002792960.000000
23 13 101612709138408347665432576.000000
23 14 -39773301598486269882531840.000000
23 15 -95685945511594168971952128.000000
23 16 -107914983910958994846384128.000000
23 17 -134382418424777643778899968.000000
23 18 -487023484549473803106779136.000000
23 19 -430539369728334418963070976.000000
23 20 -841392152820277119926927360.000000
23 21 -1208012853356933141577596928.000000
23 22 -413273180381854131231391744.000000
23 23 -214888150856490674825461760.000000
23 24 0.000000
23 25 0.000000
23 26 0.000000
23 27 0.000000
23 28 0.000000
23 29 0.000000
23 30 0.000000
23 31 0.000000
24 0 0.000000
24 1 0.000000
24 2 0.000000
24 3 0.000000
24 4 0.000000
24 5 0.000000
24 6 0.000000
24 7 0.000000
24 8 0.000000
24 9 0.000000
24 10 0.000000
24 11 0.000000
24 12 0.000000
24 13 0.000000
24 14 0.000000
24 15 0.000000
24 16 0.000000
24 17 0.000000
24 18 0.000000
24 19 0.000000
24 20 0.000000
24 21 0.000000
24 22 0.000000
24 23 0.000000
24 24 0.000000
24 25 0.000000
24 26 0.000000
24 27 0.000000
24 28 0.000000
24 29 0.000000
24 30 0.000000
24 31 0.000000
25 0 0.000000
25 1 0.000000
25 2 0.000000
25 3 0.000000
25 4 0.000000
25 5 0.000000
25 6 0.000000
25 7 0.000000
25 8 0.000000
25 9 0.000000
25 10 0.000000
25 11 0.000000
25 12 0.000000
25 13 0.000000
25 14 0.000000
25 15 0.000000
25 16 0.000000
25 17 0.000000
25 18 0.000000
25 19 0.000000
25 20 0.000000
25 21 0.000000
25 22 0.000000
25 23 0.000000
25 24 0.000000
25 25 0.000000
25 26 0.000000
25 27 0.000000
25 28 0.000000
25 29 0.000000
25 30 0.000000
25 31 0.000000
26 0 0.000000
26 1 0.000000
26 2 0.000000
26 3 0.000000
26 4 0.000000
26 5 0.000000
26 6 0.000000
26 7 0.000000
26 8 0.000000
26 9 0.000000
26 10 0.000000
26 11 0.000000
26 12 0.000000
26 13 0.000000
26 14 0.000000
26 15 0.000000
26 16 0.000000
26 17 0.000000
26 18 0.000000
26 19 0.000000
26 20 0.000000
26 21 0.000000
26 22 0.000000
26 23 0.000000
26 24 0.000000
26 25 0.000000
26 26 0.000000
26 27 0.000000
26 28 0.000000
26 29 0.000000
26 30 0.000000
26 31 0.000000
27 0 0.000000
27 1 0.000000
27 2 0.000000
27 3 0.000000
27 4 0.000000
27 5 0.000000
27 6 0.000000
27 7 0.000000
27 8 0.000000
27 9 0.000000
27 10 0.000000
27 11 0.000000
27 12 0.000000
27 13 0.000000
27 14 0.000000
27 15 0.000000
27 16 0.000000
27 17 0.000000
27 18 0.000000
27 19 0.000000
27 20 0.000000
27 21 0.000000
27 22 0.000000
27 23 0.000000
27 24 0.000000
27 25 0.000000
27 26 0.000000
27 27 0.000000
27 28 0.000000
27 29 0.000000
27 30 0.000000
27 31 0.000000
28 0 0.000000
28 1 0.000000
28 2 0.000000
28 3 0.000000
28 4 0.000000
28 5 0.000000
28 6 0.000000
28 7 0.000000
28 8 0.000000
28 9 0.000000
28 10 0.000000
28 11 0.000000
28 12 0.000000
28 13 0.000000
28 14 0.000000
28 15 0.000000
28 16 0.000000
28 17 0.000000
28 18 0.000000
28 19 0.000000
28 20 0.000000
28 21 0.000000
28 22 0.000000
28 23 0.000000
28 24 0.000000
28 25 0.000000
28 26 0.000000
28 27 0.000000
28 28 0.000000
28 29 0.000000
28 30 0.000000
28 31 0.000000
29 0 0.000000
29 1 0.000000
29 2 0.000000
29 3 0.000000
29 4 0.000000
29 5 0.000000
29 6 0.000000
29 7 0.000000
29 8 0.000000
29 9 0.000000
29 10 0.000000
29 11 0.000000
29 12 0.000000
29 13 0.000000
29 14 0.000000
29 15 0.000000
29 16 0.000000
29 17 0.000000
29 18 0.000000
29 19 0.000000
29 20 0.000000
29 21 0.000000
29 22 0.000000
29 23 0.000000
29 24 0.000000
29 25 0.000000
29 26 0.000000
29 27 0.000000
29 28 0.000000
29 29 0.000000
29 30 0.000000
29 31 0.000000
30 0 0.000000
30 1 0.000000
30 2 0.000000
30 3 0.000000
30 4 0.000000
30 5 0.000000
30 6 0.000000
30 7 0.000000
30 8 0.000000
30 9 0.000000
30 10 0.000000
30 11 0.000000
30 12 0.000000
30 13 0.000000
30 14 0.000000
30 15 0.000000
30 16 0.000000
30 17 0.000000
30 18 0.000000
30 19 0.000000
30 20 0.000000
30 21 0.000000
30 22 0.000000
30 23 0.000000
30 24 0.000000
30 25 0.000000
30 26 0.000000
30 27 0.000000
30 28 0.000000
30 29 0.000000
30 30 0.000000
30 31 0.000000
31 0 0.000000
31 1 0.000000
31 2 0.000000
31 3 0.000000
31 4 0.000000
31 5 0.000000
31 6 0.000000
31 7 0.000000
31 8 0.000000
31 9 0.000000
31 10 0.000000
31 11 0.000000
31 12 0.000000
31 13 0.000000
31 14 0.000000
31 15 0.000000
31 16 0.000000
31 17 0.000000
31 18 0.000000
31 19 0.000000
31 20 0.000000
31 21 0.000000
31 22 0.000000
31 23 0.000000
31 24 0.000000
31 25 0.000000
31 26 0.000000
31 27 0.000000
31 28 0.000000
31 29 0.000000
31 30 0.000000
31 31 0.000000
