0 0 2.699997
0 1 3.050001
0 2 3.050001
0 3 3.050001
0 4 3.050001
0 5 3.050001
0 6 3.050001
0 7 3.050001
0 8 3.050001
0 9 3.050001
0 10 3.050001
0 11 3.050001
0 12 3.050001
0 13 3.050001
0 14 3.050001
0 15 3.050001
0 16 3.050001
0 17 3.050000
0 18 3.050001
0 19 3.050001
0 20 3.050001
0 21 3.050000
0 22 3.050000
0 23 3.050001
0 24 3.050001
0 25 3.050001
0 26 3.050001
0 27 3.050001
0 28 3.050000
0 29 3.050001
0 30 3.050000
0 31 3.050001
1 0 4.266548
1 1 4.283519
1 2 4.346282
1 3 4.357595
1 4 4.422297
1 5 4.439267
1 6 4.456239
1 7 4.473208
1 8 4.490179
1 9 4.607151
1 10 4.624121
1 11 4.641090
1 12 4.658062
1 13 4.675032
1 14 4.740624
1 15 4.751939
1 16 4.813812
1 17 4.830783
1 18 4.847754
1 19 4.864725
1 20 4.881695
1 21 4.898666
1 22 5.015635
1 23 5.032606
1 24 5.049578
1 25 5.066547
1 26 5.083518
1 27 5.146281
1 28 5.157597
1 29 5.222298
1 30 5.239268
1 31 5.256238
2 0 3.080669
2 1 3.020734
2 2 3.009419
2 3 2.998106
2 4 2.986792
2 5 2.975478
2 6 2.917438
2 7 2.911782
2 8 2.906124
2 9 2.900467
2 10 2.894810
2 11 2.889153
2 12 2.883497
2 13 2.826390
2 14 2.815076
2 15 2.803763
2 16 2.792449
2 17 2.781135
2 18 2.669821
2 19 2.658508
2 20 2.647193
2 21 2.635880
2 22 2.624566
2 23 2.613252
2 24 2.601939
2 25 2.590625
2 26 2.525033
2 27 2.508062
2 28 2.491092
2 29 2.474121
2 30 2.457151
2 31 2.340180
3 0 0.000000
3 1 0.000000
3 2 0.000000
3 3 0.000000
3 4 0.000000
3 5 0.000000
3 6 0.000000
3 7 0.000000
3 8 0.000000
3 9 0.000000
3 10 0.000000
3 11 0.000000
3 12 0.000000
3 13 0.000000
3 14 0.000000
3 15 0.000000
3 16 0.000000
3 17 0.000000
3 18 0.000000
3 19 0.000000
3 20 0.000000
3 21 0.000000
3 22 0.000000
3 23 0.000000
3 24 0.000000
3 25 0.000000
3 26 0.000000
3 27 0.000000
3 28 0.000000
3 29 0.000000
3 30 0.000000
3 31 0.000000
4 0 0.000000
4 1 0.000000
4 2 0.000000
4 3 0.000000
4 4 0.000000
4 5 0.000000
4 6 0.000000
4 7 0.000000
4 8 0.000000
4 9 0.000000
4 10 0.000000
4 11 0.000000
4 12 0.000000
4 13 0.000000
4 14 0.000000
4 15 0.000000
4 16 0.000000
4 17 0.000000
4 18 0.000000
4 19 0.000000
4 20 0.000000
4 21 0.000000
4 22 0.000000
4 23 0.000000
4 24 0.000000
4 25 0.000000
4 26 0.000000
4 27 0.000000
4 28 0.000000
4 29 0.000000
4 30 0.000000
4 31 0.000000
5 0 0.000000
5 1 0.000000
5 2 0.000000
5 3 0.000000
5 4 0.000000
5 5 0.000000
5 6 0.000000
5 7 0.000000
5 8 0.000000
5 9 0.000000
5 10 0.000000
5 11 0.000000
5 12 0.000000
5 13 0.000000
5 14 0.000000
5 15 0.000000
5 16 0.000000
5 17 0.000000
5 18 0.000000
5 19 0.000000
5 20 0.000000
5 21 0.000000
5 22 0.000000
5 23 0.000000
5 24 0.000000
5 25 0.000000
5 26 0.000000
5 27 0.000000
5 28 0.000000
5 29 0.000000
5 30 0.000000
5 31 0.000000
6 0 0.000000
6 1 0.000000
6 2 0.000000
6 3 0.000000
6 4 0.000000
6 5 0.000000
6 6 0.000000
6 7 0.000000
6 8 0.000000
6 9 0.000000
6 10 0.000000
6 11 0.000000
6 12 0.000000
6 13 0.000000
6 14 0.000000
6 15 0.000000
6 16 0.000000
6 17 0.000000
6 18 0.000000
6 19 0.000000
6 20 0.000000
6 21 0.000000
6 22 0.000000
6 23 0.000000
6 24 0.000000
6 25 0.000000
6 26 0.000000
6 27 0.000000
6 28 0.000000
6 29 0.000000
6 30 0.000000
6 31 0.000000
7 0 0.000000
7 1 0.000000
7 2 0.000000
7 3 0.000000
7 4 0.000000
7 5 0.000000
7 6 0.000000
7 7 0.000000
7 8 0.000000
7 9 0.000000
7 10 0.000000
7 11 0.000000
7 12 0.000000
7 13 0.000000
7 14 0.000000
7 15 0.000000
7 16 0.000000
7 17 0.000000
7 18 0.000000
7 19 0.000000
7 20 0.000000
7 21 0.000000
7 22 0.000000
7 23 0.000000
7 24 0.000000
7 25 0.000000
7 26 0.000000
7 27 0.000000
7 28 0.000000
7 29 0.000000
7 30 0.000000
7 31 0.000000
8 0 0.000000
8 1 0.000000
8 2 0.000000
8 3 0.000000
8 4 0.000000
8 5 0.000000
8 6 0.000000
8 7 0.000000
8 8 437510472424221195632640.000000
8 9 21972871178956486737920.000000
8 10 -25475707918730475339776.000000
8 11 1920806570121351770669056.000000
8 12 -18348500299638277931008.000000
8 13 26299040240007653621760.000000
8 14 -15615189124593458610176.000000
8 15 -48542237734797240696832.000000
8 16 -46894023853971068682240.000000
8 17 -36462585986872107859968.000000
8 18 -43812836629309642768384.000000
8 19 -190535266615841351794688.000000
8 20 -51465082900159947341824.000000
8 21 1896883448900759695917056.000000
8 22 -252532089302201241960448.000000
8 23 -141131796517102796406784.000000
8 24 0.000000
8 25 0.000000
8 26 0.000000
8 27 0.000000
8 28 0.000000
8 29 0.000000
8 30 0.000000
8 31 0.000000
9 0 0.000000
9 1 0.000000
9 2 0.000000
9 3 0.000000
9 4 0.000000
9 5 0.000000
9 6 0.000000
9 7 0.000000
9 8 246387251869827370844160.000000
9 9 15187518296779101569024.000000
9 10 118877349030444037832704.000000
9 11 82066393849796126310400.000000
9 12 71550047367122535841792.000000
9 13 8290440115045909135360.000000
9 14 -3883632413816813256704.000000
9 15 -33483866912732429156352.000000
9 16 -32699281310849332936704.000000
9 17 -26544006786339030695936.000000
9 18 -27637097969896260632576.000000
9 19 -86362431577540370890752.000000
9 20 -156112741454373854380032.000000
9 21 -77933449478957476872192.000000
9 22 -121189830345508475895808.000000
9 23 -69999615641405832036352.000000
9 24 0.000000
9 25 0.000000
9 26 0.000000
9 27 0.000000
9 28 0.000000
9 29 0.000000
9 30 0.000000
9 31 0.000000
10 0 0.000000
10 1 0.000000
10 2 0.000000
10 3 0.000000
10 4 0.000000
10 5 0.000000
10 6 0.000000
10 7 0.000000
10 8 245989349835549932781568.000000
10 9 14721215591361160413184.000000
10 10 102417115730769847779328.000000
10 11 98486878379159144366080.000000
10 12 30315893071451760099328.000000
10 13 3925834238550018621440.000000
10 14 -12227682815876987355136.000000
10 15 -33950345258535837761536.000000
10 16 -28833339599318784409600.000000
10 17 -31515120587427230515200.000000
10 18 -24729603323863446323200.000000
10 19 -79543963727302930464768.000000
10 20 -91215213298419410927616.000000
10 21 -178665471351552615645184.000000
10 22 -131581310024913591992320.000000
10 23 -68834890202175646990336.000000
10 24 0.000000
10 25 0.000000
10 26 0.000000
10 27 0.000000
10 28 0.000000
10 29 0.000000
10 30 0.000000
10 31 0.000000
11 0 0.000000
11 1 0.000000
11 2 0.000000
11 3 0.000000
11 4 0.000000
11 5 0.000000
11 6 0.000000
11 7 0.000000
11 8 2024002988731641809076224.000000
11 9 88493147611644135735296.000000
11 10 88253312917088147341312.000000
11 11 46967369477502424580096.000000
11 12 21893932084687936684032.000000
11 13 6887708442708448116736.000000
11 14 -11529746470824499478528.000000
11 15 -33903208333035964465152.000000
11 16 -26554547461266891341824.000000
11 17 -29756955825298435211264.000000
11 18 -25103929014091599839232.000000
11 19 -83833336127598666711040.000000
11 20 -76197455937794226520064.000000
11 21 -145707561824902277234688.000000
11 22 -184162240797547872387072.000000
11 23 -110551976744888429445120.000000
11 24 0.000000
11 25 0.000000
11 26 0.000000
11 27 0.000000
11 28 0.000000
11 29 0.000000
11 30 0.000000
11 31 0.000000
12 0 0.000000
12 1 0.000000
12 2 0.000000
12 3 0.000000
12 4 0.000000
12 5 0.000000
12 6 0.000000
12 7 0.000000
12 8 353237386814607564210176.000000
12 9 116610200949228711182336.000000
12 10 37904384134177194246144.000000
12 11 40046773498515103416320.000000
12 12 20624297543937969618944.000000
12 13 10383480160566999252992.000000
12 14 -9796015988474002800640.000000
12 15 -32585547405859718430720.000000
12 16 -30576282194707067437056.000000
12 17 -28798805997376107446272.000000
12 18 -21586000711966292705280.000000
12 19 -88134823210892029591552.000000
12 20 -73042688902420821442560.000000
12 21 -151693845528794942668800.000000
12 22 -139581738590155164352512.000000
12 23 -100234392128169208446976.000000
12 24 0.000000
12 25 0.000000
12 26 0.000000
12 27 0.000000
12 28 0.000000
12 29 0.000000
12 30 0.000000
12 31 0.000000
13 0 0.000000
13 1 0.000000
13 2 0.000000
13 3 0.000000
13 4 0.000000
13 5 0.000000
13 6 0.000000
13 7 0.000000
13 8 387900584340161740931072.000000
13 9 86849793114815896485888.000000
13 10 47090142106944171671552.000000
13 11 36638390753725956227072.000000
13 12 21357240368894008360960.000000
13 13 11598872221505009221632.000000
13 14 -14343998590172235038720.000000
13 15 -22571343274438683525120.000000
13 16 -24186187733825853849600.000000
13 17 -26997062153453061537792.000000
13 18 -36941208289070721007616.000000
13 19 -93332373497644790579200.000000
13 20 -91468648863850058219520.000000
13 21 -163753314394990014627840.000000
13 22 -97934304719279293988864.000000
13 23 -48488847561214763466752.000000
13 24 0.000000
13 25 0.000000
13 26 0.000000
13 27 0.000000
13 28 0.000000
13 29 0.000000
13 30 0.000000
13 31 0.000000
14 0 0.000000
14 1 0.000000
14 2 0.000000
14 3 0.000000
14 4 0.000000
14 5 0.000000
14 6 0.000000
14 7 0.000000
14 8 337411881839215717122048.000000
14 9 81032574540934719471616.000000
14 10 49900644979602121293824.000000
14 11 40169064242796721864704.000000
14 12 20528985613224114126848.000000
14 13 11368792323741905321984.000000
14 14 -15266687074628647518208.000000
14 15 -21141927774309052317696.000000
14 16 -22700729439933224189952.000000
14 17 -24663330603546875789312.000000
14 18 -44071532399105058799616.000000
14 19 -90728716452272340467712.000000
14 20 -89083551508393898278912.000000
14 21 -156398593929922314502144.000000
14 22 -95359020351559278002176.000000
14 23 -42987907781964561645568.000000
14 24 0.000000
14 25 0.000000
14 26 0.000000
14 27 0.000000
14 28 0.000000
14 29 0.000000
14 30 0.000000
14 31 0.000000
15 0 0.000000
15 1 0.000000
15 2 0.000000
15 3 0.000000
15 4 0.000000
15 5 0.000000
15 6 0.000000
15 7 0.000000
15 8 453538639382844715040768.000000
15 9 87128881183724046123008.000000
15 10 52000497845459516129280.000000
15 11 37971631883813090492416.000000
15 12 20233637297861343313920.000000
15 13 15005980447599610560512.000000
15 14 -13363698933382592331776.000000
15 15 -20545588133250415460352.000000
15 16 -24345475549046320922624.000000
15 17 -19990332579792465952768.000000
15 18 -48457452968212363739136.000000
15 19 -90145094976561397891072.000000
15 20 -89126389748049446436864.000000
15 21 -153433802237630279057408.000000
15 22 -93304883525519321071616.000000
15 23 -41992904998291461111808.000000
15 24 0.000000
15 25 0.000000
15 26 0.000000
15 27 0.000000
15 28 0.000000
15 29 0.000000
15 30 0.000000
15 31 0.000000
16 0 0.000000
16 1 0.000000
16 2 0.000000
16 3 0.000000
16 4 0.000000
16 5 0.000000
16 6 0.000000
16 7 0.000000
16 8 10396812085479110839631872.000000
16 9 105547297615777437319168.000000
16 10 53253471319388026044416.000000
16 11 34116158789616364683264.000000
16 12 24321946492793123766272.000000
16 13 13035124185868988841984.000000
16 14 -13911937878621098606592.000000
16 15 -15548153044140048777216.000000
16 16 -23710796764359879032832.000000
16 17 -23335894613379422093312.000000
16 18 -49655315893500740894720.000000
16 19 -83656957151792328605696.000000
16 20 -96575577718900870086656.000000
16 21 -151696601731766893412352.000000
16 22 -89261200499295154864128.000000
16 23 -42411415504463746564096.000000
16 24 0.000000
16 25 0.000000
16 26 0.000000
16 27 0.000000
16 28 0.000000
16 29 0.000000
16 30 0.000000
16 31 0.000000
17 0 0.000000
17 1 0.000000
17 2 0.000000
17 3 0.000000
17 4 0.000000
17 5 0.000000
17 6 0.000000
17 7 0.000000
17 8 31033516902275298099200.000000
17 9 105025366447762215796736.000000
17 10 55611457005087415599104.000000
17 11 39593607793210201997312.000000
17 12 26896190528999217168384.000000
17 13 9965102510583721230336.000000
17 14 -12933257265897495592960.000000
17 15 -14965533619346196135936.000000
17 16 -25656381076781511213056.000000
17 17 -22111559529481361162240.000000
17 18 -54763303094463984828416.000000
17 19 -79202293637972840415232.000000
17 20 -101966494559254410690560.000000
17 21 -149473174595734079537152.000000
17 22 -86527776734259651280896.000000
17 23 -40472350152502733176832.000000
17 24 0.000000
17 25 0.000000
17 26 0.000000
17 27 0.000000
17 28 0.000000
17 29 0.000000
17 30 0.000000
17 31 0.000000
18 0 0.000000
18 1 0.000000
18 2 0.000000
18 3 0.000000
18 4 0.000000
18 5 0.000000
18 6 0.000000
18 7 0.000000
18 8 37000257235584989265920.000000
18 9 107470965160612470980608.000000
18 10 59264844576804772511744.000000
18 11 38354762111312753328128.000000
18 12 22210897678262085877760.000000
18 13 8610543028710475300864.000000
18 14 -10723344306446513733632.000000
18 15 -17363180255164023963648.000000
18 16 -23515261727538520522752.000000
18 17 -14105494709306134626304.000000
18 18 -59686034724755343409152.000000
18 19 -76964734206309337923584.000000
18 20 -103488432010128741367808.000000
18 21 -146399702037234339282944.000000
18 22 -83735490922094415314944.000000
18 23 -38850986732654944059392.000000
18 24 0.000000
18 25 0.000000
18 26 0.000000
18 27 0.000000
18 28 0.000000
18 29 0.000000
18 30 0.000000
18 31 0.000000
19 0 0.000000
19 1 0.000000
19 2 0.000000
19 3 0.000000
19 4 0.000000
19 5 0.000000
19 6 0.000000
19 7 0.000000
19 8 90312818033883929903104.000000
19 9 121063675512746573561856.000000
19 10 62151161045589877063680.000000
19 11 33962248272350977982464.000000
19 12 24556111155418252705792.000000
19 13 8980870648369430659072.000000
19 14 -8919903168413902569472.000000
19 15 -17260198694284756516864.000000
19 16 -22209188562203498774528.000000
19 17 -15895428989106308251648.000000
19 18 -63884362354984157708288.000000
19 19 -71649383264103446872064.000000
19 20 -110110858168586744102912.000000
19 21 -141835492966078691147776.000000
19 22 -79972012857485986627584.000000
19 23 -40695967384800560414720.000000
19 24 0.000000
19 25 0.000000
19 26 0.000000
19 27 0.000000
19 28 0.000000
19 29 0.000000
19 30 0.000000
19 31 0.000000
20 0 0.000000
20 1 0.000000
20 2 0.000000
20 3 0.000000
20 4 0.000000
20 5 0.000000
20 6 0.000000
20 7 0.000000
20 8 127952498596362795876352.000000
20 9 177586967327188438745088.000000
20 10 66697535862221138034688.000000
20 11 35196626383418075119616.000000
20 12 22774757358808126717952.000000
20 13 4977825853382842122240.000000
20 14 -4464825323428696293376.000000
20 15 -11719578824617700098048.000000
20 16 -21886883951271101857792.000000
20 17 -19465994237776414900224.000000
20 18 -64683170324490489954304.000000
20 19 -67205668000978096357376.000000
20 20 -114999875852067607150592.000000
20 21 -138688854928032689815552.000000
20 22 -78299222833493253816320.000000
20 23 -60104320050946260336640.000000
20 24 0.000000
20 25 0.000000
20 26 0.000000
20 27 0.000000
20 28 0.000000
20 29 0.000000
20 30 0.000000
20 31 0.000000
21 0 0.000000
21 1 0.000000
21 2 0.000000
21 3 0.000000
21 4 0.000000
21 5 0.000000
21 6 0.000000
21 7 0.000000
21 8 5106743018515788050989056.000000
21 9 191094487588771201024000.000000
21 10 124580680576948269744128.000000
21 11 43955573715899523268608.000000
21 12 19432145182977098252288.000000
21 13 5034114656275485687808.000000
21 14 -1592993556945122099200.000000
21 15 -14767311059447204282368.000000
21 16 -19641240558276469325824.000000
21 17 -17363707176320426311680.000000
21 18 -70430267852173508345856.000000
21 19 -64029342234188468715520.000000
21 20 -118654880216051190071296.000000
21 21 -137261511083731649036288.000000
21 22 -94343863959553694498816.000000
21 23 -36175767489203576766464.000000
21 24 0.000000
21 25 0.000000
21 26 0.000000
21 27 0.000000
21 28 0.000000
21 29 0.000000
21 30 0.000000
21 31 0.000000
22 0 0.000000
22 1 0.000000
22 2 0.000000
22 3 0.000000
22 4 0.000000
22 5 0.000000
22 6 0.000000
22 7 0.000000
22 8 -7482083951379598016512.000000
22 9 77589122265847238230016.000000
22 10 219745469683778312994816.000000
22 11 98968583395302692618240.000000
22 12 24302126150833066213376.000000
22 13 11216182220868921851904.000000
22 14 -3669358461895919534080.000000
22 15 -19683205099604307607552.000000
22 16 -16098083091038632673280.000000
22 17 -15994185047635195330560.000000
22 18 -70118879966737857511424.000000
22 19 -63465293402458078314496.000000
22 20 -122190701319496040185856.000000
22 21 -138804507366463564152832.000000
22 22 -115523905697509183324160.000000
22 23 -23910479616438045769728.000000
22 24 0.000000
22 25 0.000000
22 26 0.000000
22 27 0.000000
22 28 0.000000
22 29 0.000000
22 30 0.000000
22 31 0.000000
23 0 0.000000
23 1 0.000000
23 2 0.000000
23 3 0.000000
23 4 0.000000
23 5 0.000000
23 6 0.000000
23 7 0.000000
23 8 -7447144462520504287232.000000
23 9 79679657184075603509248.000000
23 10 20100339756090431373312.000000
23 11 143509318817985719173120.000000
23 12 84923108158230524592128.000000
23 13 15117633689561379897344.000000
23 14 -5917352733896039464960.000000
23 15 -14235866037219162587136.000000
23 16 -16055266243481314525184.000000
23 17 -19993014473370565083136.000000
23 18 -72457900994406389907456.000000
23 19 -64054359730118511820800.000000
23 20 -125179812449775876308992.000000
23 21 -179724519825526552002560.000000
23 22 -61485538027863772495872.000000
23 23 -31970411991756250808320.000000
23 24 0.000000
23 25 0.000000
23 26 0.000000
23 27 0.000000
23 28 0.000000
23 29 0.000000
23 30 0.000000
23 31 0.000000
24 0 0.000000
24 1 0.000000
24 2 0.000000
24 3 0.000000
24 4 0.000000
24 5 0.000000
24 6 0.000000
24 7 0.000000
24 8 0.000000
24 9 0.000000
24 10 0.000000
24 11 0.000000
24 12 0.000000
24 13 0.000000
24 14 0.000000
24 15 0.000000
24 16 0.000000
24 17 0.000000
24 18 0.000000
24 19 0.000000
24 20 0.000000
24 21 0.000000
24 22 0.000000
24 23 0.000000
24 24 0.000000
24 25 0.000000
24 26 0.000000
24 27 0.000000
24 28 0.000000
24 29 0.000000
24 30 0.000000
24 31 0.000000
25 0 0.000000
25 1 0.000000
25 2 0.000000
25 3 0.000000
25 4 0.000000
25 5 0.000000
25 6 0.000000
25 7 0.000000
25 8 0.000000
25 9 0.000000
25 10 0.000000
25 11 0.000000
25 12 0.000000
25 13 0.000000
25 14 0.000000
25 15 0.000000
25 16 0.000000
25 17 0.000000
25 18 0.000000
25 19 0.000000
25 20 0.000000
25 21 0.000000
25 22 0.000000
25 23 0.000000
25 24 0.000000
25 25 0.000000
25 26 0.000000
25 27 0.000000
25 28 0.000000
25 29 0.000000
25 30 0.000000
25 31 0.000000
26 0 0.000000
26 1 0.000000
26 2 0.000000
26 3 0.000000
26 4 0.000000
26 5 0.000000
26 6 0.000000
26 7 0.000000
26 8 0.000000
26 9 0.000000
26 10 0.000000
26 11 0.000000
26 12 0.000000
26 13 0.000000
26 14 0.000000
26 15 0.000000
26 16 0.000000
26 17 0.000000
26 18 0.000000
26 19 0.000000
26 20 0.000000
26 21 0.000000
26 22 0.000000
26 23 0.000000
26 24 0.000000
26 25 0.000000
26 26 0.000000
26 27 0.000000
26 28 0.000000
26 29 0.000000
26 30 0.000000
26 31 0.000000
27 0 0.000000
27 1 0.000000
27 2 0.000000
27 3 0.000000
27 4 0.000000
27 5 0.000000
27 6 0.000000
27 7 0.000000
27 8 0.000000
27 9 0.000000
27 10 0.000000
27 11 0.000000
27 12 0.000000
27 13 0.000000
27 14 0.000000
27 15 0.000000
27 16 0.000000
27 17 0.000000
27 18 0.000000
27 19 0.000000
27 20 0.000000
27 21 0.000000
27 22 0.000000
27 23 0.000000
27 24 0.000000
27 25 0.000000
27 26 0.000000
27 27 0.000000
27 28 0.000000
27 29 0.000000
27 30 0.000000
27 31 0.000000
28 0 0.000000
28 1 0.000000
28 2 0.000000
28 3 0.000000
28 4 0.000000
28 5 0.000000
28 6 0.000000
28 7 0.000000
28 8 0.000000
28 9 0.000000
28 10 0.000000
28 11 0.000000
28 12 0.000000
28 13 0.000000
28 14 0.000000
28 15 0.000000
28 16 0.000000
28 17 0.000000
28 18 0.000000
28 19 0.000000
28 20 0.000000
28 21 0.000000
28 22 0.000000
28 23 0.000000
28 24 0.000000
28 25 0.000000
28 26 0.000000
28 27 0.000000
28 28 0.000000
28 29 0.000000
28 30 0.000000
28 31 0.000000
29 0 0.000000
29 1 0.000000
29 2 0.000000
29 3 0.000000
29 4 0.000000
29 5 0.000000
29 6 0.000000
29 7 0.000000
29 8 0.000000
29 9 0.000000
29 10 0.000000
29 11 0.000000
29 12 0.000000
29 13 0.000000
29 14 0.000000
29 15 0.000000
29 16 0.000000
29 17 0.000000
29 18 0.000000
29 19 0.000000
29 20 0.000000
29 21 0.000000
29 22 0.000000
29 23 0.000000
29 24 0.000000
29 25 0.000000
29 26 0.000000
29 27 0.000000
29 28 0.000000
29 29 0.000000
29 30 0.000000
29 31 0.000000
30 0 0.000000
30 1 0.000000
30 2 0.000000
30 3 0.000000
30 4 0.000000
30 5 0.000000
30 6 0.000000
30 7 0.000000
30 8 0.000000
30 9 0.000000
30 10 0.000000
30 11 0.000000
30 12 0.000000
30 13 0.000000
30 14 0.000000
30 15 0.000000
30 16 0.000000
30 17 0.000000
30 18 0.000000
30 19 0.000000
30 20 0.000000
30 21 0.000000
30 22 0.000000
30 23 0.000000
30 24 0.000000
30 25 0.000000
30 26 0.000000
30 27 0.000000
30 28 0.000000
30 29 0.000000
30 30 0.000000
30 31 0.000000
31 0 0.000000
31 1 0.000000
31 2 0.000000
31 3 0.000000
31 4 0.000000
31 5 0.000000
31 6 0.000000
31 7 0.000000
31 8 0.000000
31 9 0.000000
31 10 0.000000
31 11 0.000000
31 12 0.000000
31 13 0.000000
31 14 0.000000
31 15 0.000000
31 16 0.000000
31 17 0.000000
31 18 0.000000
31 19 0.000000
31 20 0.000000
31 21 0.000000
31 22 0.000000
31 23 0.000000
31 24 0.000000
31 25 0.000000
31 26 0.000000
31 27 0.000000
31 28 0.000000
31 29 0.000000
31 30 0.000000
31 31 0.000000
