0 0 2.699997
0 1 3.050001
0 2 3.050001
0 3 3.050001
0 4 3.050001
0 5 3.050001
0 6 3.050001
0 7 3.050001
0 8 3.050001
0 9 3.050001
0 10 3.050001
0 11 3.050001
0 12 3.050001
0 13 3.050001
0 14 3.050001
0 15 3.050001
0 16 3.050001
0 17 3.050000
0 18 3.050001
0 19 3.050001
0 20 3.050001
0 21 3.050000
0 22 3.050000
0 23 3.050001
0 24 3.050001
0 25 3.050001
0 26 3.050001
0 27 3.050001
0 28 3.050000
0 29 3.050001
0 30 3.050000
0 31 3.050001
1 0 4.266548
1 1 4.283519
1 2 4.346282
1 3 4.357595
1 4 4.422297
1 5 4.439267
1 6 4.456239
1 7 4.473208
1 8 4.490179
1 9 4.607151
1 10 4.624121
1 11 4.641090
1 12 4.658062
1 13 4.675032
1 14 4.740624
1 15 4.751939
1 16 4.813812
1 17 4.830783
1 18 4.847754
1 19 4.864725
1 20 4.881695
1 21 4.898666
1 22 5.015635
1 23 5.032606
1 24 5.049578
1 25 5.066547
1 26 5.083518
1 27 5.146281
1 28 5.157597
1 29 5.222298
1 30 5.239268
1 31 5.256238
2 0 3.080669
2 1 3.020734
2 2 3.009419
2 3 2.998106
2 4 2.986792
2 5 2.975478
2 6 2.917438
2 7 2.911782
2 8 2.906124
2 9 2.900467
2 10 2.894810
2 11 2.889153
2 12 2.883497
2 13 2.826390
2 14 2.815076
2 15 2.803763
2 16 2.792449
2 17 2.781135
2 18 2.669821
2 19 2.658508
2 20 2.647193
2 21 2.635880
2 22 2.624566
2 23 2.613252
2 24 2.601939
2 25 2.590625
2 26 2.525033
2 27 2.508062
2 28 2.491092
2 29 2.474121
2 30 2.457151
2 31 2.340180
3 0 0.000000
3 1 0.000000
3 2 0.000000
3 3 0.000000
3 4 0.000000
3 5 0.000000
3 6 0.000000
3 7 0.000000
3 8 0.000000
3 9 0.000000
3 10 0.000000
3 11 0.000000
3 12 0.000000
3 13 0.000000
3 14 0.000000
3 15 0.000000
3 16 0.000000
3 17 0.000000
3 18 0.000000
3 19 0.000000
3 20 0.000000
3 21 0.000000
3 22 0.000000
3 23 0.000000
3 24 0.000000
3 25 0.000000
3 26 0.000000
3 27 0.000000
3 28 0.000000
3 29 0.000000
3 30 0.000000
3 31 0.000000
4 0 0.000000
4 1 0.000000
4 2 0.000000
4 3 0.000000
4 4 0.000000
4 5 0.000000
4 6 0.000000
4 7 0.000000
4 8 0.000000
4 9 0.000000
4 10 0.000000
4 11 0.000000
4 12 0.000000
4 13 0.000000
4 14 0.000000
4 15 0.000000
4 16 0.000000
4 17 0.000000
4 18 0.000000
4 19 0.000000
4 20 0.000000
4 21 0.000000
4 22 0.000000
4 23 0.000000
4 24 0.000000
4 25 0.000000
4 26 0.000000
4 27 0.000000
4 28 0.000000
4 29 0.000000
4 30 0.000000
4 31 0.000000
5 0 0.000000
5 1 0.000000
5 2 0.000000
5 3 0.000000
5 4 0.000000
5 5 0.000000
5 6 0.000000
5 7 0.000000
5 8 0.000000
5 9 0.000000
5 10 0.000000
5 11 0.000000
5 12 0.000000
5 13 0.000000
5 14 0.000000
5 15 0.000000
5 16 0.000000
5 17 0.000000
5 18 0.000000
5 19 0.000000
5 20 0.000000
5 21 0.000000
5 22 0.000000
5 23 0.000000
5 24 0.000000
5 25 0.000000
5 26 0.000000
5 27 0.000000
5 28 0.000000
5 29 0.000000
5 30 0.000000
5 31 0.000000
6 0 0.000000
6 1 0.000000
6 2 0.000000
6 3 0.000000
6 4 0.000000
6 5 0.000000
6 6 0.000000
6 7 0.000000
6 8 0.000000
6 9 0.000000
6 10 0.000000
6 11 0.000000
6 12 0.000000
6 13 0.000000
6 14 0.000000
6 15 0.000000
6 16 0.000000
6 17 0.000000
6 18 0.000000
6 19 0.000000
6 20 0.000000
6 21 0.000000
6 22 0.000000
6 23 0.000000
6 24 0.000000
6 25 0.000000
6 26 0.000000
6 27 0.000000
6 28 0.000000
6 29 0.000000
6 30 0.000000
6 31 0.000000
7 0 0.000000
7 1 0.000000
7 2 0.000000
7 3 0.000000
7 4 0.000000
7 5 0.000000
7 6 0.000000
7 7 0.000000
7 8 0.000000
7 9 0.000000
7 10 0.000000
7 11 0.000000
7 12 0.000000
7 13 0.000000
7 14 0.000000
7 15 0.000000
7 16 0.000000
7 17 0.000000
7 18 0.000000
7 19 0.000000
7 20 0.000000
7 21 0.000000
7 22 0.000000
7 23 0.000000
7 24 0.000000
7 25 0.000000
7 26 0.000000
7 27 0.000000
7 28 0.000000
7 29 0.000000
7 30 0.000000
7 31 0.000000
8 0 0.000000
8 1 0.000000
8 2 0.000000
8 3 0.000000
8 4 0.000000
8 5 0.000000
8 6 0.000000
8 7 0.000000
8 8 12882580511090509086720.000000
8 9 646995285242370064384.000000
8 10 -750137005383385874432.000000
8 11 56558509963527902461952.000000
8 12 -540275314459920039936.000000
8 13 774380093283753787392.000000
8 14 -459792400312856215552.000000
8 15 -1429335139023780315136.000000
8 16 -1380803364276817362944.000000
8 17 -1073647736590987952128.000000
8 18 -1290077083146043523072.000000
8 19 -5610346287947866701824.000000
8 20 -1515398505690365427712.000000
8 21 55854092938611628441600.000000
8 22 -7435855064154593296384.000000
8 23 -4155652083109804900352.000000
8 24 0.000000
8 25 0.000000
8 26 0.000000
8 27 0.000000
8 28 0.000000
8 29 0.000000
8 30 0.000000
8 31 0.000000
9 0 0.000000
9 1 0.000000
9 2 0.000000
9 3 0.000000
9 4 0.000000
9 5 0.000000
9 6 0.000000
9 7 0.000000
9 8 7254919571425263091712.000000
9 9 447199315407937732608.000000
9 10 3500365952428422463488.000000
9 11 2416459860311214653440.000000
9 12 2106804453357217906688.000000
9 13 244113641967571697664.000000
9 14 -114354328614842925056.000000
9 15 -985938937579296522240.000000
9 16 -962836597390792720384.000000
9 17 -781593241405685235712.000000
9 18 -813779342042595328000.000000
9 19 -2542957811069727277056.000000
9 20 -4596769252036606689280.000000
9 21 -2294764717080315953152.000000
9 22 -3568457564044497256448.000000
9 23 -2061151604672051544064.000000
9 24 0.000000
9 25 0.000000
9 26 0.000000
9 27 0.000000
9 28 0.000000
9 29 0.000000
9 30 0.000000
9 31 0.000000
10 0 0.000000
10 1 0.000000
10 2 0.000000
10 3 0.000000
10 4 0.000000
10 5 0.000000
10 6 0.000000
10 7 0.000000
10 8 7243203456994658746368.000000
10 9 433469001228364021760.000000
10 10 3015690812330623369216.000000
10 11 2899964627455850840064.000000
10 12 892657074766222458880.000000
10 13 115596847122973982720.000000
10 14 -360046394290877759488.000000
10 15 -999674423861567291392.000000
10 16 -849002979890678464512.000000
10 17 -927968743913271853056.000000
10 18 -728167601976142462976.000000
10 19 -2342186354519132078080.000000
10 20 -2685848864471868506112.000000
10 21 -5260837683466338304000.000000
10 22 -3874436344852699414528.000000
10 23 -2026856130559671795712.000000
10 24 0.000000
10 25 0.000000
10 26 0.000000
10 27 0.000000
10 28 0.000000
10 29 0.000000
10 30 0.000000
10 31 0.000000
11 0 0.000000
11 1 0.000000
11 2 0.000000
11 3 0.000000
11 4 0.000000
11 5 0.000000
11 6 0.000000
11 7 0.000000
11 8 59597147178909931929600.000000
11 9 2605697176003648946176.000000
11 10 2598635250312955297792.000000
11 11 1382962981035629871104.000000
11 12 644670935253437644800.000000
11 13 202809757594445414400.000000
11 14 -339495659950628143104.000000
11 15 -998286400382662868992.000000
11 16 -781903708304997089280.000000
11 17 -876199232877950402560.000000
11 18 -739189669482922508288.000000
11 19 -2468487976481389019136.000000
11 20 -2243648016884730691584.000000
11 21 -4290386554636824739840.000000
11 22 -5422691987524453138432.000000
11 23 -3255224047186554650624.000000
11 24 0.000000
11 25 0.000000
11 26 0.000000
11 27 0.000000
11 28 0.000000
11 29 0.000000
11 30 0.000000
11 31 0.000000
12 0 0.000000
12 1 0.000000
12 2 0.000000
12 3 0.000000
12 4 0.000000
12 5 0.000000
12 6 0.000000
12 7 0.000000
12 8 10401139900605825810432.000000
12 9 3433609658101863022592.000000
12 10 1116101833272070242304.000000
12 11 1179184668046323089408.000000
12 12 607286343640402624512.000000
12 13 305743538096416227328.000000
12 14 -288445475810476818432.000000
12 15 -959487748855377690624.000000
12 16 -900324171656844017664.000000
12 17 -847986081168567042048.000000
12 18 -635603852197401460736.000000
12 19 -2595146367976626716672.000000
12 20 -2150755785808168353792.000000
12 21 -4466653784877408714752.000000
12 22 -4110009789736265187328.000000
12 23 -2951420504998372442112.000000
12 24 0.000000
12 25 0.000000
12 26 0.000000
12 27 0.000000
12 28 0.000000
12 29 0.000000
12 30 0.000000
12 31 0.000000
13 0 0.000000
13 1 0.000000
13 2 0.000000
13 3 0.000000
13 4 0.000000
13 5 0.000000
13 6 0.000000
13 7 0.000000
13 8 11421807572655403958272.000000
13 9 2557308249807366651904.000000
13 10 1386578104899013181440.000000
13 11 1078824202150185271296.000000
13 12 628868015267227107328.000000
13 13 341530864769734541312.000000
13 14 -422361928278617358336.000000
13 15 -664617518740549926912.000000
13 16 -712166945818792689664.000000
13 17 -794933466451910066176.000000
13 18 -1087740766462425432064.000000
13 19 -2748189379363791175680.000000
13 20 -2693311892004374839296.000000
13 21 -4821746852896876527616.000000
13 22 -2883693684952114659328.000000
13 23 -1427763101278851301376.000000
13 24 0.000000
13 25 0.000000
13 26 0.000000
13 27 0.000000
13 28 0.000000
13 29 0.000000
13 30 0.000000
13 31 0.000000
14 0 0.000000
14 1 0.000000
14 2 0.000000
14 3 0.000000
14 4 0.000000
14 5 0.000000
14 6 0.000000
14 7 0.000000
14 8 9935155824861521117184.000000
14 9 2386019467479864049664.000000
14 10 1469333999851759730688.000000
14 11 1182785577423382511616.000000
14 12 604479756647620673536.000000
14 13 334756113924029939712.000000
14 14 -449530526349427474432.000000
14 15 -622528213629284646912.000000
14 16 -668427282550328655872.000000
14 17 -726216558175072550912.000000
14 18 -1297694218228298940416.000000
14 19 -2671524602907063222272.000000
14 20 -2623081914990229192704.000000
14 21 -4605186198265185435648.000000
14 22 -2807864326226263932928.000000
14 23 -1265787059293309108224.000000
14 24 0.000000
14 25 0.000000
14 26 0.000000
14 27 0.000000
14 28 0.000000
14 29 0.000000
14 30 0.000000
14 31 0.000000
15 0 0.000000
15 1 0.000000
15 2 0.000000
15 3 0.000000
15 4 0.000000
15 5 0.000000
15 6 0.000000
15 7 0.000000
15 8 13354529604541266001920.000000
15 9 2565526193227410964480.000000
15 10 1531164622823371046912.000000
15 11 1118081728258252996608.000000
15 12 595783235398424068096.000000
15 13 441853788940853575680.000000
15 14 -393496810154427940864.000000
15 15 -604968819419655438336.000000
15 16 -716857022618233995264.000000
15 17 -588619134291184451584.000000
15 18 -1426838455980356796416.000000
15 19 -2654339148203994120192.000000
15 20 -2624342922885892931584.000000
15 21 -4517887578663305609216.000000
15 22 -2747379857330771329024.000000
15 23 -1236489173392427057152.000000
15 24 0.000000
15 25 0.000000
15 26 0.000000
15 27 0.000000
15 28 0.000000
15 29 0.000000
15 30 0.000000
15 31 0.000000
16 0 0.000000
16 1 0.000000
16 2 0.000000
16 3 0.000000
16 4 0.000000
16 5 0.000000
16 6 0.000000
16 7 0.000000
16 8 306136075780587513708544.000000
16 9 3107859511979550965760.000000
16 10 1568058392445766860800.000000
16 11 1004556677701357797376.000000
16 12 716164031225572360192.000000
16 13 383821600411208384512.000000
16 14 -409639646359388684288.000000
16 15 -457818345932440207360.000000
16 16 -698168984120739233792.000000
16 17 -687129817009124016128.000000
16 18 -1462109944574480744448.000000
16 19 -2463294763161077415936.000000
16 20 -2843685676187392147456.000000
16 21 -4466734568195724673024.000000
16 22 -2628313408907373445120.000000
16 23 -1248812288610307932160.000000
16 24 0.000000
16 25 0.000000
16 26 0.000000
16 27 0.000000
16 28 0.000000
16 29 0.000000
16 30 0.000000
16 31 0.000000
17 0 0.000000
17 1 0.000000
17 2 0.000000
17 3 0.000000
17 4 0.000000
17 5 0.000000
17 6 0.000000
17 7 0.000000
17 8 913787471636635582464.000000
17 9 3092491822676079280128.000000
17 10 1637489684213496020992.000000
17 11 1165841065300377731072.000000
17 12 791963342497659224064.000000
17 13 293424187606348857344.000000
17 14 -380822343796867989504.000000
17 15 -440663149789367500800.000000
17 16 -755457023180705628160.000000
17 17 -651078994573232439296.000000
17 18 -1612515394692378001408.000000
17 19 -2332126861063958298624.000000
17 20 -3002422644878436466688.000000
17 21 -4401266303362593193984.000000
17 22 -2547826765216868204544.000000
17 23 -1191715934009481494528.000000
17 24 0.000000
17 25 0.000000
17 26 0.000000
17 27 0.000000
17 28 0.000000
17 29 0.000000
17 30 0.000000
17 31 0.000000
18 0 0.000000
18 1 0.000000
18 2 0.000000
18 3 0.000000
18 4 0.000000
18 5 0.000000
18 6 0.000000
18 7 0.000000
18 8 1089479296656078798848.000000
18 9 3164502691867873247232.000000
18 10 1745064635237704663040.000000
18 11 1129363034218583556096.000000
18 12 654004012162465398784.000000
18 13 253538831562728013824.000000
18 14 -315751099418386890752.000000
18 15 -511262421972957528064.000000
18 16 -692411202365890232320.000000
18 17 -415338986872198135808.000000
18 18 -1757466141236599455744.000000
18 19 -2266241168840364916736.000000
18 20 -3047236275920540008448.000000
18 21 -4310766468850583076864.000000
18 22 -2465607361569732165632.000000
18 23 -1143974470628377886720.000000
18 24 0.000000
18 25 0.000000
18 26 0.000000
18 27 0.000000
18 28 0.000000
18 29 0.000000
18 30 0.000000
18 31 0.000000
19 0 0.000000
19 1 0.000000
19 2 0.000000
19 3 0.000000
19 4 0.000000
19 5 0.000000
19 6 0.000000
19 7 0.000000
19 8 2659277345195405869056.000000
19 9 3564742938776846729216.000000
19 10 1830052626755766714368.000000
19 11 1000024649101339525120.000000
19 12 723059253361309122560.000000
19 13 264443312897987182592.000000
19 14 -262648364563689373696.000000
19 15 -508229845758249009152.000000
19 16 -653953768879122546688.000000
19 17 -468043944808245362688.000000
19 18 -1881087417733129175040.000000
19 19 -2109729259840218333184.000000
19 20 -3242235102911264718848.000000
19 21 -4176372863520359841792.000000
19 22 -2354790803976235253760.000000
19 23 -1198300337402185515008.000000
19 24 0.000000
19 25 0.000000
19 26 0.000000
19 27 0.000000
19 28 0.000000
19 29 0.000000
19 30 0.000000
19 31 0.000000
20 0 0.000000
20 1 0.000000
20 2 0.000000
20 3 0.000000
20 4 0.000000
20 5 0.000000
20 6 0.000000
20 7 0.000000
20 8 3767584784518637158400.000000
20 9 5229081676593842094080.000000
20 10 1963921421991912931328.000000
20 11 1036371442475242356736.000000
20 12 670606813663743442944.000000
20 13 146572825262353809408.000000
20 14 -131467778500432232448.000000
20 15 -345085330775636705280.000000
20 16 -644463417826857713664.000000
20 17 -573179809606139904000.000000
20 18 -1904608029737025011712.000000
20 19 -1978883365116456206336.000000
20 20 -3386192946475139334144.000000
20 21 -4083720026911489916928.000000
20 22 -2305535497801637560320.000000
20 23 -1769782923267504340992.000000
20 24 0.000000
20 25 0.000000
20 26 0.000000
20 27 0.000000
20 28 0.000000
20 29 0.000000
20 30 0.000000
20 31 0.000000
21 0 0.000000
21 1 0.000000
21 2 0.000000
21 3 0.000000
21 4 0.000000
21 5 0.000000
21 6 0.000000
21 7 0.000000
21 8 150368994604813599637504.000000
21 9 5626813137035393499136.000000
21 10 3668301523358371020800.000000
21 11 1294279926760798683136.000000
21 12 572182965976119115776.000000
21 13 148230387419737751552.000000
21 14 -46906063242412425216.000000
21 15 -434826343934806982656.000000
21 16 -578340125538548449280.000000
21 17 -511277480884211548160.000000
21 18 -2073832615322820018176.000000
21 19 -1885356407967411339264.000000
21 20 -3493815185295435366400.000000
21 21 -4041691309288961605632.000000
21 22 -2777972809599499108352.000000
21 23 -1065202291021017251840.000000
21 24 0.000000
21 25 0.000000
21 26 0.000000
21 27 0.000000
21 28 0.000000
21 29 0.000000
21 30 0.000000
21 31 0.000000
22 0 0.000000
22 1 0.000000
22 2 0.000000
22 3 0.000000
22 4 0.000000
22 5 0.000000
22 6 0.000000
22 7 0.000000
22 8 -220311467026034982912.000000
22 9 2284626551369151545344.000000
22 10 6470445996582897713152.000000
22 11 2914148151532300795904.000000
22 12 715580463230106992640.000000
22 13 330262506658332672000.000000
22 14 -108045102196245659648.000000
22 15 -579575695133191962624.000000
22 16 -474011108761395003392.000000
22 17 -470951827608271060992.000000
22 18 -2064663567956470398976.000000
22 19 -1868747273279157305344.000000
22 20 -3597927712631126228992.000000
22 21 -4087125592654712143872.000000
22 22 -3401622841748464074752.000000
22 23 -704048574171759771648.000000
22 24 0.000000
22 25 0.000000
22 26 0.000000
22 27 0.000000
22 28 0.000000
22 29 0.000000
22 30 0.000000
22 31 0.000000
23 0 0.000000
23 1 0.000000
23 2 0.000000
23 3 0.000000
23 4 0.000000
23 5 0.000000
23 6 0.000000
23 7 0.000000
23 8 -219282675986157535232.000000
23 9 2346182314026004905984.000000
23 10 591858207585682325504.000000
23 11 4225658850467418996736.000000
23 12 2500576405301380513792.000000
23 13 445141451853206126592.000000
23 14 -174237584552267612160.000000
23 15 -419177742604578062336.000000
23 16 -472750241603219619840.000000
23 17 -588697947284663435264.000000
23 18 -2133536131895428907008.000000
23 19 -1886092465031509704704.000000
23 20 -3685942967523711385600.000000
23 21 -5292022859086065303552.000000
23 22 -1810453242652427026432.000000
23 23 -941374904472791154688.000000
23 24 0.000000
23 25 0.000000
23 26 0.000000
23 27 0.000000
23 28 0.000000
23 29 0.000000
23 30 0.000000
23 31 0.000000
24 0 0.000000
24 1 0.000000
24 2 0.000000
24 3 0.000000
24 4 0.000000
24 5 0.000000
24 6 0.000000
24 7 0.000000
24 8 0.000000
24 9 0.000000
24 10 0.000000
24 11 0.000000
24 12 0.000000
24 13 0.000000
24 14 0.000000
24 15 0.000000
24 16 0.000000
24 17 0.000000
24 18 0.000000
24 19 0.000000
24 20 0.000000
24 21 0.000000
24 22 0.000000
24 23 0.000000
24 24 0.000000
24 25 0.000000
24 26 0.000000
24 27 0.000000
24 28 0.000000
24 29 0.000000
24 30 0.000000
24 31 0.000000
25 0 0.000000
25 1 0.000000
25 2 0.000000
25 3 0.000000
25 4 0.000000
25 5 0.000000
25 6 0.000000
25 7 0.000000
25 8 0.000000
25 9 0.000000
25 10 0.000000
25 11 0.000000
25 12 0.000000
25 13 0.000000
25 14 0.000000
25 15 0.000000
25 16 0.000000
25 17 0.000000
25 18 0.000000
25 19 0.000000
25 20 0.000000
25 21 0.000000
25 22 0.000000
25 23 0.000000
25 24 0.000000
25 25 0.000000
25 26 0.000000
25 27 0.000000
25 28 0.000000
25 29 0.000000
25 30 0.000000
25 31 0.000000
26 0 0.000000
26 1 0.000000
26 2 0.000000
26 3 0.000000
26 4 0.000000
26 5 0.000000
26 6 0.000000
26 7 0.000000
26 8 0.000000
26 9 0.000000
26 10 0.000000
26 11 0.000000
26 12 0.000000
26 13 0.000000
26 14 0.000000
26 15 0.000000
26 16 0.000000
26 17 0.000000
26 18 0.000000
26 19 0.000000
26 20 0.000000
26 21 0.000000
26 22 0.000000
26 23 0.000000
26 24 0.000000
26 25 0.000000
26 26 0.000000
26 27 0.000000
26 28 0.000000
26 29 0.000000
26 30 0.000000
26 31 0.000000
27 0 0.000000
27 1 0.000000
27 2 0.000000
27 3 0.000000
27 4 0.000000
27 5 0.000000
27 6 0.000000
27 7 0.000000
27 8 0.000000
27 9 0.000000
27 10 0.000000
27 11 0.000000
27 12 0.000000
27 13 0.000000
27 14 0.000000
27 15 0.000000
27 16 0.000000
27 17 0.000000
27 18 0.000000
27 19 0.000000
27 20 0.000000
27 21 0.000000
27 22 0.000000
27 23 0.000000
27 24 0.000000
27 25 0.000000
27 26 0.000000
27 27 0.000000
27 28 0.000000
27 29 0.000000
27 30 0.000000
27 31 0.000000
28 0 0.000000
28 1 0.000000
28 2 0.000000
28 3 0.000000
28 4 0.000000
28 5 0.000000
28 6 0.000000
28 7 0.000000
28 8 0.000000
28 9 0.000000
28 10 0.000000
28 11 0.000000
28 12 0.000000
28 13 0.000000
28 14 0.000000
28 15 0.000000
28 16 0.000000
28 17 0.000000
28 18 0.000000
28 19 0.000000
28 20 0.000000
28 21 0.000000
28 22 0.000000
28 23 0.000000
28 24 0.000000
28 25 0.000000
28 26 0.000000
28 27 0.000000
28 28 0.000000
28 29 0.000000
28 30 0.000000
28 31 0.000000
29 0 0.000000
29 1 0.000000
29 2 0.000000
29 3 0.000000
29 4 0.000000
29 5 0.000000
29 6 0.000000
29 7 0.000000
29 8 0.000000
29 9 0.000000
29 10 0.000000
29 11 0.000000
29 12 0.000000
29 13 0.000000
29 14 0.000000
29 15 0.000000
29 16 0.000000
29 17 0.000000
29 18 0.000000
29 19 0.000000
29 20 0.000000
29 21 0.000000
29 22 0.000000
29 23 0.000000
29 24 0.000000
29 25 0.000000
29 26 0.000000
29 27 0.000000
29 28 0.000000
29 29 0.000000
29 30 0.000000
29 31 0.000000
30 0 0.000000
30 1 0.000000
30 2 0.000000
30 3 0.000000
30 4 0.000000
30 5 0.000000
30 6 0.000000
30 7 0.000000
30 8 0.000000
30 9 0.000000
30 10 0.000000
30 11 0.000000
30 12 0.000000
30 13 0.000000
30 14 0.000000
30 15 0.000000
30 16 0.000000
30 17 0.000000
30 18 0.000000
30 19 0.000000
30 20 0.000000
30 21 0.000000
30 22 0.000000
30 23 0.000000
30 24 0.000000
30 25 0.000000
30 26 0.000000
30 27 0.000000
30 28 0.000000
30 29 0.000000
30 30 0.000000
30 31 0.000000
31 0 0.000000
31 1 0.000000
31 2 0.000000
31 3 0.000000
31 4 0.000000
31 5 0.000000
31 6 0.000000
31 7 0.000000
31 8 0.000000
31 9 0.000000
31 10 0.000000
31 11 0.000000
31 12 0.000000
31 13 0.000000
31 14 0.000000
31 15 0.000000
31 16 0.000000
31 17 0.000000
31 18 0.000000
31 19 0.000000
31 20 0.000000
31 21 0.000000
31 22 0.000000
31 23 0.000000
31 24 0.000000
31 25 0.000000
31 26 0.000000
31 27 0.000000
31 28 0.000000
31 29 0.000000
31 30 0.000000
31 31 0.000000
