0 0 2.699997
0 1 3.050001
0 2 3.050001
0 3 3.050001
0 4 3.050001
0 5 3.050001
0 6 3.050001
0 7 3.050001
0 8 3.050001
0 9 3.050001
0 10 3.050001
0 11 3.050001
0 12 3.050001
0 13 3.050001
0 14 3.050001
0 15 3.050001
0 16 3.050001
0 17 3.050000
0 18 3.050001
0 19 3.050001
0 20 3.050001
0 21 3.050000
0 22 3.050000
0 23 3.050001
0 24 3.050001
0 25 3.050001
0 26 3.050001
0 27 3.050001
0 28 3.050000
0 29 3.050001
0 30 3.050000
0 31 3.050001
1 0 4.266548
1 1 4.283519
1 2 4.346282
1 3 4.357595
1 4 4.422297
1 5 4.439267
1 6 4.456239
1 7 4.473208
1 8 4.490179
1 9 4.607151
1 10 4.624121
1 11 4.641090
1 12 4.658062
1 13 4.675032
1 14 4.740624
1 15 4.751939
1 16 4.813812
1 17 4.830783
1 18 4.847754
1 19 4.864725
1 20 4.881695
1 21 4.898666
1 22 5.015635
1 23 5.032606
1 24 5.049578
1 25 5.066547
1 26 5.083518
1 27 5.146281
1 28 5.157597
1 29 5.222298
1 30 5.239268
1 31 5.256238
2 0 3.080669
2 1 3.020734
2 2 3.009419
2 3 2.998106
2 4 2.986792
2 5 2.975478
2 6 2.917438
2 7 2.911782
2 8 2.906124
2 9 2.900467
2 10 2.894810
2 11 2.889153
2 12 2.883497
2 13 2.826390
2 14 2.815076
2 15 2.803763
2 16 2.792449
2 17 2.781135
2 18 2.669821
2 19 2.658508
2 20 2.647193
2 21 2.635880
2 22 2.624566
2 23 2.613252
2 24 2.601939
2 25 2.590625
2 26 2.525033
2 27 2.508062
2 28 2.491092
2 29 2.474121
2 30 2.457151
2 31 2.340180
3 0 0.000000
3 1 0.000000
3 2 0.000000
3 3 0.000000
3 4 0.000000
3 5 0.000000
3 6 0.000000
3 7 0.000000
3 8 0.000000
3 9 0.000000
3 10 0.000000
3 11 0.000000
3 12 0.000000
3 13 0.000000
3 14 0.000000
3 15 0.000000
3 16 0.000000
3 17 0.000000
3 18 0.000000
3 19 0.000000
3 20 0.000000
3 21 0.000000
3 22 0.000000
3 23 0.000000
3 24 0.000000
3 25 0.000000
3 26 0.000000
3 27 0.000000
3 28 0.000000
3 29 0.000000
3 30 0.000000
3 31 0.000000
4 0 0.000000
4 1 0.000000
4 2 0.000000
4 3 0.000000
4 4 0.000000
4 5 0.000000
4 6 0.000000
4 7 0.000000
4 8 0.000000
4 9 0.000000
4 10 0.000000
4 11 0.000000
4 12 0.000000
4 13 0.000000
4 14 0.000000
4 15 0.000000
4 16 0.000000
4 17 0.000000
4 18 0.000000
4 19 0.000000
4 20 0.000000
4 21 0.000000
4 22 0.000000
4 23 0.000000
4 24 0.000000
4 25 0.000000
4 26 0.000000
4 27 0.000000
4 28 0.000000
4 29 0.000000
4 30 0.000000
4 31 0.000000
5 0 0.000000
5 1 0.000000
5 2 0.000000
5 3 0.000000
5 4 0.000000
5 5 0.000000
5 6 0.000000
5 7 0.000000
5 8 0.000000
5 9 0.000000
5 10 0.000000
5 11 0.000000
5 12 0.000000
5 13 0.000000
5 14 0.000000
5 15 0.000000
5 16 0.000000
5 17 0.000000
5 18 0.000000
5 19 0.000000
5 20 0.000000
5 21 0.000000
5 22 0.000000
5 23 0.000000
5 24 0.000000
5 25 0.000000
5 26 0.000000
5 27 0.000000
5 28 0.000000
5 29 0.000000
5 30 0.000000
5 31 0.000000
6 0 0.000000
6 1 0.000000
6 2 0.000000
6 3 0.000000
6 4 0.000000
6 5 0.000000
6 6 0.000000
6 7 0.000000
6 8 0.000000
6 9 0.000000
6 10 0.000000
6 11 0.000000
6 12 0.000000
6 13 0.000000
6 14 0.000000
6 15 0.000000
6 16 0.000000
6 17 0.000000
6 18 0.000000
6 19 0.000000
6 20 0.000000
6 21 0.000000
6 22 0.000000
6 23 0.000000
6 24 0.000000
6 25 0.000000
6 26 0.000000
6 27 0.000000
6 28 0.000000
6 29 0.000000
6 30 0.000000
6 31 0.000000
7 0 0.000000
7 1 0.000000
7 2 0.000000
7 3 0.000000
7 4 0.000000
7 5 0.000000
7 6 0.000000
7 7 0.000000
7 8 0.000000
7 9 0.000000
7 10 0.000000
7 11 0.000000
7 12 0.000000
7 13 0.000000
7 14 0.000000
7 15 0.000000
7 16 0.000000
7 17 0.000000
7 18 0.000000
7 19 0.000000
7 20 0.000000
7 21 0.000000
7 22 0.000000
7 23 0.000000
7 24 0.000000
7 25 0.000000
7 26 0.000000
7 27 0.000000
7 28 0.000000
7 29 0.000000
7 30 0.000000
7 31 0.000000
8 0 0.000000
8 1 0.000000
8 2 0.000000
8 3 0.000000
8 4 0.000000
8 5 0.000000
8 6 0.000000
8 7 0.000000
8 8 31411452913700044800.000000
8 9 1258576050821005312.000000
8 10 -2087778792222228480.000000
8 11 140679310996079116288.000000
8 12 1483814581183709184.000000
8 13 3169192733482942464.000000
8 14 -743279549822795776.000000
8 15 -2985245812545552384.000000
8 16 -2871621456297459712.000000
8 17 -2077130159546171392.000000
8 18 -2504734492195815424.000000
8 19 -12819538120751972352.000000
8 20 -6279529709042663424.000000
8 21 106659137003108433920.000000
8 22 -20372004327108116480.000000
8 23 -11241567411079479296.000000
8 24 0.000000
8 25 0.000000
8 26 0.000000
8 27 0.000000
8 28 0.000000
8 29 0.000000
8 30 0.000000
8 31 0.000000
9 0 0.000000
9 1 0.000000
9 2 0.000000
9 3 0.000000
9 4 0.000000
9 5 0.000000
9 6 0.000000
9 7 0.000000
9 8 17633441919713411072.000000
9 9 807981892107239424.000000
9 10 8819503274030792704.000000
9 11 5795380104716615680.000000
9 12 6025703601479876608.000000
9 13 1273446395830861824.000000
9 14 11166811890384896.000000
9 15 -1893312706102951936.000000
9 16 -1797811325137584128.000000
9 17 -1400442050423291904.000000
9 18 -1552091916806389760.000000
9 19 -6115793735969144832.000000
9 20 -9194014526637342720.000000
9 21 -7539318796067012608.000000
9 22 -9945957884489629696.000000
9 23 -5691330020845289472.000000
9 24 0.000000
9 25 0.000000
9 26 0.000000
9 27 0.000000
9 28 0.000000
9 29 0.000000
9 30 0.000000
9 31 0.000000
10 0 0.000000
10 1 0.000000
10 2 0.000000
10 3 0.000000
10 4 0.000000
10 5 0.000000
10 6 0.000000
10 7 0.000000
10 8 17641248452270620672.000000
10 9 788882687938002944.000000
10 10 7428585330766249984.000000
10 11 7281707619725606912.000000
10 12 2591264682912251904.000000
10 13 887311175014940672.000000
10 14 -368282484875460608.000000
10 15 -2006718671853977600.000000
10 16 -1733367711683051520.000000
10 17 -1621348917289418752.000000
10 18 -1309419667512623104.000000
10 19 -5892937022670110720.000000
10 20 -6536499870105075712.000000
10 21 -12593427952546349056.000000
10 22 -11475517097191145472.000000
10 23 -5555727251791675392.000000
10 24 0.000000
10 25 0.000000
10 26 0.000000
10 27 0.000000
10 28 0.000000
10 29 0.000000
10 30 0.000000
10 31 0.000000
11 0 0.000000
11 1 0.000000
11 2 0.000000
11 3 0.000000
11 4 0.000000
11 5 0.000000
11 6 0.000000
11 7 0.000000
11 8 149386053305367527424.000000
11 9 6243641649512054784.000000
11 10 6529469592757075968.000000
11 11 3350429083379957760.000000
11 12 2021397701840601088.000000
11 13 1031149080002166784.000000
11 14 -297145147710242816.000000
11 15 -1941672388588470272.000000
11 16 -1603003153463115776.000000
11 17 -1523065634466824192.000000
11 18 -1303269686661611520.000000
11 19 -6197856336064020480.000000
11 20 -5714807892633190400.000000
11 21 -11249096866706489344.000000
11 22 -13016314418240159744.000000
11 23 -9138495786504421376.000000
11 24 0.000000
11 25 0.000000
11 26 0.000000
11 27 0.000000
11 28 0.000000
11 29 0.000000
11 30 0.000000
11 31 0.000000
12 0 0.000000
12 1 0.000000
12 2 0.000000
12 3 0.000000
12 4 0.000000
12 5 0.000000
12 6 0.000000
12 7 0.000000
12 8 25686080363591368704.000000
12 9 8528771508925890560.000000
12 10 2682887536610639872.000000
12 11 2820707195983757312.000000
12 12 2011926920995799040.000000
12 13 1315565662633984000.000000
12 14 -240209858643623936.000000
12 15 -1823538385399054336.000000
12 16 -1678516375108190208.000000
12 17 -1541471459115794432.000000
12 18 -1227404621295648768.000000
12 19 -6410449108317765632.000000
12 20 -5529424734632017920.000000
12 21 -11931314144927547392.000000
12 22 -10736844294930300928.000000
12 23 -7556645999809134592.000000
12 24 0.000000
12 25 0.000000
12 26 0.000000
12 27 0.000000
12 28 0.000000
12 29 0.000000
12 30 0.000000
12 31 0.000000
13 0 0.000000
13 1 0.000000
13 2 0.000000
13 3 0.000000
13 4 0.000000
13 5 0.000000
13 6 0.000000
13 7 0.000000
13 8 28710746691649667072.000000
13 9 6176644557740965888.000000
13 10 3295457350281854976.000000
13 11 2682501882907197440.000000
13 12 2017574562471870464.000000
13 13 1268897029031985152.000000
13 14 -536372730153402368.000000
13 15 -1192659229224206336.000000
13 16 -1216975341189332992.000000
13 17 -1412921369959596032.000000
13 18 -2667888823618240512.000000
13 19 -6970336372099907584.000000
13 20 -6871587033786089472.000000
13 21 -12836058282959306752.000000
13 22 -7606081142105571328.000000
13 23 -3797752469878996992.000000
13 24 0.000000
13 25 0.000000
13 26 0.000000
13 27 0.000000
13 28 0.000000
13 29 0.000000
13 30 0.000000
13 31 0.000000
14 0 0.000000
14 1 0.000000
14 2 0.000000
14 3 0.000000
14 4 0.000000
14 5 0.000000
14 6 0.000000
14 7 0.000000
14 8 24895933924476190720.000000
14 9 5731148284689383424.000000
14 10 3503086102414098432.000000
14 11 2986954178737209344.000000
14 12 1925349451279368192.000000
14 13 1222554950383435776.000000
14 14 -521486510944419840.000000
14 15 -1073792264095924224.000000
14 16 -1160611626370465792.000000
14 17 -1234658236943040512.000000
14 18 -2997078206927863808.000000
14 19 -6815730743583440896.000000
14 20 -6898876362631675904.000000
14 21 -12206295405964558336.000000
14 22 -7397891913921069056.000000
14 23 -3412168035669114880.000000
14 24 0.000000
14 25 0.000000
14 26 0.000000
14 27 0.000000
14 28 0.000000
14 29 0.000000
14 30 0.000000
14 31 0.000000
15 0 0.000000
15 1 0.000000
15 2 0.000000
15 3 0.000000
15 4 0.000000
15 5 0.000000
15 6 0.000000
15 7 0.000000
15 8 33576375915628199936.000000
15 9 6171204174206730240.000000
15 10 3657204647279460352.000000
15 11 2851338765299875840.000000
15 12 1991903302425509888.000000
15 13 1634778352311074816.000000
15 14 -471748487554269184.000000
15 15 -1146435622953549824.000000
15 16 -1214279613555933184.000000
15 17 -992073742421065728.000000
15 18 -3284774220428476416.000000
15 19 -6706360122945306624.000000
15 20 -7043234542777270272.000000
15 21 -11978964779852103680.000000
15 22 -7199800600526061568.000000
15 23 -3354428282048086016.000000
15 24 0.000000
15 25 0.000000
15 26 0.000000
15 27 0.000000
15 28 0.000000
15 29 0.000000
15 30 0.000000
15 31 0.000000
16 0 0.000000
16 1 0.000000
16 2 0.000000
16 3 0.000000
16 4 0.000000
16 5 0.000000
16 6 0.000000
16 7 0.000000
16 8 775701547930666139648.000000
16 9 7524798095754788864.000000
16 10 3743218067530842112.000000
16 11 2563575956467875840.000000
16 12 2305710655501500416.000000
16 13 1563236704104480768.000000
16 14 -554854764702072832.000000
16 15 -815443727769141248.000000
16 16 -1121295976779218944.000000
16 17 -1242271118014808064.000000
16 18 -3485167636294139904.000000
16 19 -6253977058813149184.000000
16 20 -7478235977341730816.000000
16 21 -11904992936070217728.000000
16 22 -7009787948816138240.000000
16 23 -3385732477602496512.000000
16 24 0.000000
16 25 0.000000
16 26 0.000000
16 27 0.000000
16 28 0.000000
16 29 0.000000
16 30 0.000000
16 31 0.000000
17 0 0.000000
17 1 0.000000
17 2 0.000000
17 3 0.000000
17 4 0.000000
17 5 0.000000
17 6 0.000000
17 7 0.000000
17 8 2099544391273152512.000000
17 9 7498894701316014080.000000
17 10 3925378556951003136.000000
17 11 3009463380781039616.000000
17 12 2426870652129509376.000000
17 13 1349676086740385792.000000
17 14 -422716419348627456.000000
17 15 -659030364697657344.000000
17 16 -1311947719622787072.000000
17 17 -1281673079268835328.000000
17 18 -3858479596592693248.000000
17 19 -6024829489735794688.000000
17 20 -7882737509107499008.000000
17 21 -11713374447627927552.000000
17 22 -6817115028722810880.000000
17 23 -3248681926613008384.000000
17 24 0.000000
17 25 0.000000
17 26 0.000000
17 27 0.000000
17 28 0.000000
17 29 0.000000
17 30 0.000000
17 31 0.000000
18 0 0.000000
18 1 0.000000
18 2 0.000000
18 3 0.000000
18 4 0.000000
18 5 0.000000
18 6 0.000000
18 7 0.000000
18 8 2544490358755033088.000000
18 9 7686838621898276864.000000
18 10 4193680834605088768.000000
18 11 2929900520371912704.000000
18 12 2131313680246112256.000000
18 13 1188210605178224640.000000
18 14 -308982043218280448.000000
18 15 -717295684876763136.000000
18 16 -1204959740682043392.000000
18 17 -739118035750617088.000000
18 18 -4132789056025133056.000000
18 19 -5817982765248806912.000000
18 20 -8101379244581453824.000000
18 21 -11483983336725020672.000000
18 22 -6574710098193547264.000000
18 23 -3141268161794408448.000000
18 24 0.000000
18 25 0.000000
18 26 0.000000
18 27 0.000000
18 28 0.000000
18 29 0.000000
18 30 0.000000
18 31 0.000000
19 0 0.000000
19 1 0.000000
19 2 0.000000
19 3 0.000000
19 4 0.000000
19 5 0.000000
19 6 0.000000
19 7 0.000000
19 8 6574768922065633280.000000
19 9 8713634597927124992.000000
19 10 4397765860761010176.000000
19 11 2601137197818052608.000000
19 12 2337436101448302592.000000
19 13 1276123569205542912.000000
19 14 -246289883067318272.000000
19 15 -714025118820466688.000000
19 16 -1052011763383402496.000000
19 17 -749956128024035328.000000
19 18 -4558725841852301312.000000
19 19 -5574243577359237120.000000
19 20 -8572231905036992512.000000
19 21 -11184338930365366272.000000
19 22 -6277392258438266880.000000
19 23 -3306172915728252928.000000
19 24 0.000000
19 25 0.000000
19 26 0.000000
19 27 0.000000
19 28 0.000000
19 29 0.000000
19 30 0.000000
19 31 0.000000
20 0 0.000000
20 1 0.000000
20 2 0.000000
20 3 0.000000
20 4 0.000000
20 5 0.000000
20 6 0.000000
20 7 0.000000
20 8 9561977637744672768.000000
20 9 12964369090897510400.000000
20 10 4718017039170535424.000000
20 11 2712703543176855552.000000
20 12 2304185495434821632.000000
20 13 1038439116972228608.000000
20 14 -33080937625419776.000000
20 15 -375344785499619328.000000
20 16 -1024783938469494784.000000
20 17 -901052115424641024.000000
20 18 -4711480992299220992.000000
20 19 -5269403978558341120.000000
20 20 -8998089251149053952.000000
20 21 -10952822463485968384.000000
20 22 -6191882139634499584.000000
20 23 -4911455769112608768.000000
20 24 0.000000
20 25 0.000000
20 26 0.000000
20 27 0.000000
20 28 0.000000
20 29 0.000000
20 30 0.000000
20 31 0.000000
21 0 0.000000
21 1 0.000000
21 2 0.000000
21 3 0.000000
21 4 0.000000
21 5 0.000000
21 6 0.000000
21 7 0.000000
21 8 390772202748612968448.000000
21 9 14115668815853387776.000000
21 10 9045583205666652160.000000
21 11 3402791125629534208.000000
21 12 2078366972688465920.000000
21 13 944632633181077504.000000
21 14 182805765306712064.000000
21 15 -519462756714283008.000000
21 16 -956801752999395328.000000
21 17 -773247014115737600.000000
21 18 -5091333122637692928.000000
21 19 -5060972308059914240.000000
21 20 -9340592071003602944.000000
21 21 -10825979503570845696.000000
21 22 -7477222777376735232.000000
21 23 -2920879027466010624.000000
21 24 0.000000
21 25 0.000000
21 26 0.000000
21 27 0.000000
21 28 0.000000
21 29 0.000000
21 30 0.000000
21 31 0.000000
22 0 0.000000
22 1 0.000000
22 2 0.000000
22 3 0.000000
22 4 0.000000
22 5 0.000000
22 6 0.000000
22 7 0.000000
22 8 -804715655377977344.000000
22 9 5434664424503771136.000000
22 10 16443833010622562304.000000
22 11 7567814838924083200.000000
22 12 2530889399919443968.000000
22 13 1378302421725347840.000000
22 14 160098135773806592.000000
22 15 -855103799377788928.000000
22 16 -853860801482588160.000000
22 17 -706111109001641984.000000
22 18 -5088101108207845376.000000
22 19 -4877042704430661632.000000
22 20 -9710922980401348608.000000
22 21 -11143947271207387136.000000
22 22 -7592692938769956864.000000
22 23 -1977391398206308352.000000
22 24 0.000000
22 25 0.000000
22 26 0.000000
22 27 0.000000
22 28 0.000000
22 29 0.000000
22 30 0.000000
22 31 0.000000
23 0 0.000000
23 1 0.000000
23 2 0.000000
23 3 0.000000
23 4 0.000000
23 5 0.000000
23 6 0.000000
23 7 0.000000
23 8 -801302908724314112.000000
23 9 5595863824252010496.000000
23 10 1180348409844858880.000000
23 11 11298227444282032128.000000
23 12 7037259796591935488.000000
23 13 1720180718975320064.000000
23 14 26922572998246400.000000
23 15 -559222677722628096.000000
23 16 -815115111231389696.000000
23 17 -910987714810085376.000000
23 18 -5408075484565078016.000000
23 19 -4960298274641674240.000000
23 20 -9990245113344819200.000000
23 21 -12948583402457530368.000000
23 22 -5033817119632916480.000000
23 23 -2610068530770477056.000000
23 24 0.000000
23 25 0.000000
23 26 0.000000
23 27 0.000000
23 28 0.000000
23 29 0.000000
23 30 0.000000
23 31 0.000000
24 0 0.000000
24 1 0.000000
24 2 0.000000
24 3 0.000000
24 4 0.000000
24 5 0.000000
24 6 0.000000
24 7 0.000000
24 8 0.000000
24 9 0.000000
24 10 0.000000
24 11 0.000000
24 12 0.000000
24 13 0.000000
24 14 0.000000
24 15 0.000000
24 16 0.000000
24 17 0.000000
24 18 0.000000
24 19 0.000000
24 20 0.000000
24 21 0.000000
24 22 0.000000
24 23 0.000000
24 24 0.000000
24 25 0.000000
24 26 0.000000
24 27 0.000000
24 28 0.000000
24 29 0.000000
24 30 0.000000
24 31 0.000000
25 0 0.000000
25 1 0.000000
25 2 0.000000
25 3 0.000000
25 4 0.000000
25 5 0.000000
25 6 0.000000
25 7 0.000000
25 8 0.000000
25 9 0.000000
25 10 0.000000
25 11 0.000000
25 12 0.000000
25 13 0.000000
25 14 0.000000
25 15 0.000000
25 16 0.000000
25 17 0.000000
25 18 0.000000
25 19 0.000000
25 20 0.000000
25 21 0.000000
25 22 0.000000
25 23 0.000000
25 24 0.000000
25 25 0.000000
25 26 0.000000
25 27 0.000000
25 28 0.000000
25 29 0.000000
25 30 0.000000
25 31 0.000000
26 0 0.000000
26 1 0.000000
26 2 0.000000
26 3 0.000000
26 4 0.000000
26 5 0.000000
26 6 0.000000
26 7 0.000000
26 8 0.000000
26 9 0.000000
26 10 0.000000
26 11 0.000000
26 12 0.000000
26 13 0.000000
26 14 0.000000
26 15 0.000000
26 16 0.000000
26 17 0.000000
26 18 0.000000
26 19 0.000000
26 20 0.000000
26 21 0.000000
26 22 0.000000
26 23 0.000000
26 24 0.000000
26 25 0.000000
26 26 0.000000
26 27 0.000000
26 28 0.000000
26 29 0.000000
26 30 0.000000
26 31 0.000000
27 0 0.000000
27 1 0.000000
27 2 0.000000
27 3 0.000000
27 4 0.000000
27 5 0.000000
27 6 0.000000
27 7 0.000000
27 8 0.000000
27 9 0.000000
27 10 0.000000
27 11 0.000000
27 12 0.000000
27 13 0.000000
27 14 0.000000
27 15 0.000000
27 16 0.000000
27 17 0.000000
27 18 0.000000
27 19 0.000000
27 20 0.000000
27 21 0.000000
27 22 0.000000
27 23 0.000000
27 24 0.000000
27 25 0.000000
27 26 0.000000
27 27 0.000000
27 28 0.000000
27 29 0.000000
27 30 0.000000
27 31 0.000000
28 0 0.000000
28 1 0.000000
28 2 0.000000
28 3 0.000000
28 4 0.000000
28 5 0.000000
28 6 0.000000
28 7 0.000000
28 8 0.000000
28 9 0.000000
28 10 0.000000
28 11 0.000000
28 12 0.000000
28 13 0.000000
28 14 0.000000
28 15 0.000000
28 16 0.000000
28 17 0.000000
28 18 0.000000
28 19 0.000000
28 20 0.000000
28 21 0.000000
28 22 0.000000
28 23 0.000000
28 24 0.000000
28 25 0.000000
28 26 0.000000
28 27 0.000000
28 28 0.000000
28 29 0.000000
28 30 0.000000
28 31 0.000000
29 0 0.000000
29 1 0.000000
29 2 0.000000
29 3 0.000000
29 4 0.000000
29 5 0.000000
29 6 0.000000
29 7 0.000000
29 8 0.000000
29 9 0.000000
29 10 0.000000
29 11 0.000000
29 12 0.000000
29 13 0.000000
29 14 0.000000
29 15 0.000000
29 16 0.000000
29 17 0.000000
29 18 0.000000
29 19 0.000000
29 20 0.000000
29 21 0.000000
29 22 0.000000
29 23 0.000000
29 24 0.000000
29 25 0.000000
29 26 0.000000
29 27 0.000000
29 28 0.000000
29 29 0.000000
29 30 0.000000
29 31 0.000000
30 0 0.000000
30 1 0.000000
30 2 0.000000
30 3 0.000000
30 4 0.000000
30 5 0.000000
30 6 0.000000
30 7 0.000000
30 8 0.000000
30 9 0.000000
30 10 0.000000
30 11 0.000000
30 12 0.000000
30 13 0.000000
30 14 0.000000
30 15 0.000000
30 16 0.000000
30 17 0.000000
30 18 0.000000
30 19 0.000000
30 20 0.000000
30 21 0.000000
30 22 0.000000
30 23 0.000000
30 24 0.000000
30 25 0.000000
30 26 0.000000
30 27 0.000000
30 28 0.000000
30 29 0.000000
30 30 0.000000
30 31 0.000000
31 0 0.000000
31 1 0.000000
31 2 0.000000
31 3 0.000000
31 4 0.000000
31 5 0.000000
31 6 0.000000
31 7 0.000000
31 8 0.000000
31 9 0.000000
31 10 0.000000
31 11 0.000000
31 12 0.000000
31 13 0.000000
31 14 0.000000
31 15 0.000000
31 16 0.000000
31 17 0.000000
31 18 0.000000
31 19 0.000000
31 20 0.000000
31 21 0.000000
31 22 0.000000
31 23 0.000000
31 24 0.000000
31 25 0.000000
31 26 0.000000
31 27 0.000000
31 28 0.000000
31 29 0.000000
31 30 0.000000
31 31 0.000000
