0 0 2.699997
0 1 3.050001
0 2 3.050001
0 3 3.050001
0 4 3.050001
0 5 3.050001
0 6 3.050001
0 7 3.050001
0 8 3.050001
0 9 3.050001
0 10 3.050001
0 11 3.050001
0 12 3.050001
0 13 3.050001
0 14 3.050001
0 15 3.050001
0 16 3.050001
0 17 3.050000
0 18 3.050001
0 19 3.050001
0 20 3.050001
0 21 3.050000
0 22 3.050000
0 23 3.050001
0 24 3.050001
0 25 3.050001
0 26 3.050001
0 27 3.050001
0 28 3.050000
0 29 3.050001
0 30 3.050000
0 31 3.050001
1 0 4.266548
1 1 4.283519
1 2 4.346282
1 3 4.357595
1 4 4.422297
1 5 4.439267
1 6 4.456239
1 7 4.473208
1 8 4.490179
1 9 4.607151
1 10 4.624121
1 11 4.641090
1 12 4.658062
1 13 4.675032
1 14 4.740624
1 15 4.751939
1 16 4.813812
1 17 4.830783
1 18 4.847754
1 19 4.864725
1 20 4.881695
1 21 4.898666
1 22 5.015635
1 23 5.032606
1 24 5.049578
1 25 5.066547
1 26 5.083518
1 27 5.146281
1 28 5.157597
1 29 5.222298
1 30 5.239268
1 31 5.256238
2 0 3.080669
2 1 3.020734
2 2 3.009419
2 3 2.998106
2 4 2.986792
2 5 2.975478
2 6 2.917438
2 7 2.911782
2 8 2.906124
2 9 2.900467
2 10 2.894810
2 11 2.889153
2 12 2.883497
2 13 2.826390
2 14 2.815076
2 15 2.803763
2 16 2.792449
2 17 2.781135
2 18 2.669821
2 19 2.658508
2 20 2.647193
2 21 2.635880
2 22 2.624566
2 23 2.613252
2 24 2.601939
2 25 2.590625
2 26 2.525033
2 27 2.508062
2 28 2.491092
2 29 2.474121
2 30 2.457151
2 31 2.340180
3 0 0.000000
3 1 0.000000
3 2 0.000000
3 3 0.000000
3 4 0.000000
3 5 0.000000
3 6 0.000000
3 7 0.000000
3 8 0.000000
3 9 0.000000
3 10 0.000000
3 11 0.000000
3 12 0.000000
3 13 0.000000
3 14 0.000000
3 15 0.000000
3 16 0.000000
3 17 0.000000
3 18 0.000000
3 19 0.000000
3 20 0.000000
3 21 0.000000
3 22 0.000000
3 23 0.000000
3 24 0.000000
3 25 0.000000
3 26 0.000000
3 27 0.000000
3 28 0.000000
3 29 0.000000
3 30 0.000000
3 31 0.000000
4 0 0.000000
4 1 0.000000
4 2 0.000000
4 3 0.000000
4 4 0.000000
4 5 0.000000
4 6 0.000000
4 7 0.000000
4 8 0.000000
4 9 0.000000
4 10 0.000000
4 11 0.000000
4 12 0.000000
4 13 0.000000
4 14 0.000000
4 15 0.000000
4 16 0.000000
4 17 0.000000
4 18 0.000000
4 19 0.000000
4 20 0.000000
4 21 0.000000
4 22 0.000000
4 23 0.000000
4 24 0.000000
4 25 0.000000
4 26 0.000000
4 27 0.000000
4 28 0.000000
4 29 0.000000
4 30 0.000000
4 31 0.000000
5 0 0.000000
5 1 0.000000
5 2 0.000000
5 3 0.000000
5 4 0.000000
5 5 0.000000
5 6 0.000000
5 7 0.000000
5 8 0.000000
5 9 0.000000
5 10 0.000000
5 11 0.000000
5 12 0.000000
5 13 0.000000
5 14 0.000000
5 15 0.000000
5 16 0.000000
5 17 0.000000
5 18 0.000000
5 19 0.000000
5 20 0.000000
5 21 0.000000
5 22 0.000000
5 23 0.000000
5 24 0.000000
5 25 0.000000
5 26 0.000000
5 27 0.000000
5 28 0.000000
5 29 0.000000
5 30 0.000000
5 31 0.000000
6 0 0.000000
6 1 0.000000
6 2 0.000000
6 3 0.000000
6 4 0.000000
6 5 0.000000
6 6 0.000000
6 7 0.000000
6 8 0.000000
6 9 0.000000
6 10 0.000000
6 11 0.000000
6 12 0.000000
6 13 0.000000
6 14 0.000000
6 15 0.000000
6 16 0.000000
6 17 0.000000
6 18 0.000000
6 19 0.000000
6 20 0.000000
6 21 0.000000
6 22 0.000000
6 23 0.000000
6 24 0.000000
6 25 0.000000
6 26 0.000000
6 27 0.000000
6 28 0.000000
6 29 0.000000
6 30 0.000000
6 31 0.000000
7 0 0.000000
7 1 0.000000
7 2 0.000000
7 3 0.000000
7 4 0.000000
7 5 0.000000
7 6 0.000000
7 7 0.000000
7 8 0.000000
7 9 0.000000
7 10 0.000000
7 11 0.000000
7 12 0.000000
7 13 0.000000
7 14 0.000000
7 15 0.000000
7 16 0.000000
7 17 0.000000
7 18 0.000000
7 19 0.000000
7 20 0.000000
7 21 0.000000
7 22 0.000000
7 23 0.000000
7 24 0.000000
7 25 0.000000
7 26 0.000000
7 27 0.000000
7 28 0.000000
7 29 0.000000
7 30 0.000000
7 31 0.000000
8 0 0.000000
8 1 0.000000
8 2 0.000000
8 3 0.000000
8 4 0.000000
8 5 0.000000
8 6 0.000000
8 7 0.000000
8 8 181235009126148106878976.000000
8 9 9102073210391085711360.000000
8 10 -10553095855632933715968.000000
8 11 795677679534933599584256.000000
8 12 -7600713832114117672960.000000
8 13 10894153455413701378048.000000
8 14 -6468460472097180745728.000000
8 15 -20108207544639447629824.000000
8 16 -19425450582131012009984.000000
8 17 -15104317671363152183296.000000
8 18 -18149095544837101322240.000000
8 19 -78927619096699513864192.000000
8 20 -21318971031060427571200.000000
8 21 785767886857273522257920.000000
8 22 -104609278878189455671296.000000
8 23 -58462654403978285023232.000000
8 24 0.000000
8 25 0.000000
8 26 0.000000
8 27 0.000000
8 28 0.000000
8 29 0.000000
8 30 0.000000
8 31 0.000000
9 0 0.000000
9 1 0.000000
9 2 0.000000
9 3 0.000000
9 4 0.000000
9 5 0.000000
9 6 0.000000
9 7 0.000000
9 8 102063835361600396591104.000000
9 9 6291301247655400701952.000000
9 10 49243930081938955567104.000000
9 11 33995300190016250052608.000000
9 12 29638997543858347180032.000000
9 13 3434243539749415419904.000000
9 14 -1608762629565383180288.000000
9 15 -13870406808757394735104.000000
9 16 -13545400038048575520768.000000
9 17 -10995630814017427079168.000000
9 18 -11448432853652418330624.000000
9 19 -35774902086371328917504.000000
9 20 -64668380503314205245440.000000
9 21 -32283265798870610739200.000000
9 22 -50201854729879914807296.000000
9 23 -28996741452798854430720.000000
9 24 0.000000
9 25 0.000000
9 26 0.000000
9 27 0.000000
9 28 0.000000
9 29 0.000000
9 30 0.000000
9 31 0.000000
10 0 0.000000
10 1 0.000000
10 2 0.000000
10 3 0.000000
10 4 0.000000
10 5 0.000000
10 6 0.000000
10 7 0.000000
10 8 101898985600840126955520.000000
10 9 6098138481937759600640.000000
10 10 42425412692105614065664.000000
10 11 40797347916012297650176.000000
10 12 12558100661538092220416.000000
10 13 1626242225619114917888.000000
10 14 -5065213137602385805312.000000
10 15 -14063641632069073764352.000000
10 16 -11943966172451807690752.000000
10 17 -13054872470235008466944.000000
10 18 -10244028449905285529600.000000
10 19 -32950402026071511793664.000000
10 20 -37785128816044423512064.000000
10 21 -74010652073931189518336.000000
10 22 -54506440289716908589056.000000
10 23 -28514266321119025823744.000000
10 24 0.000000
10 25 0.000000
10 26 0.000000
10 27 0.000000
10 28 0.000000
10 29 0.000000
10 30 0.000000
10 31 0.000000
11 0 0.000000
11 1 0.000000
11 2 0.000000
11 3 0.000000
11 4 0.000000
11 5 0.000000
11 6 0.000000
11 7 0.000000
11 8 838425991313122423472128.000000
11 9 36657533303942094520320.000000
11 10 36558181644362487693312.000000
11 11 19455831865217253376000.000000
11 12 9069373136446701961216.000000
11 13 2853173634702354939904.000000
11 14 -4776098930023802601472.000000
11 15 -14044116275884608978944.000000
11 16 -10999994802056349089792.000000
11 17 -12326566101095347650560.000000
11 18 -10399088510975558549504.000000
11 19 -34727247719454639915008.000000
11 20 -31564146772970785734656.000000
11 21 -60358115904347097268224.000000
11 22 -76287636016732693331968.000000
11 23 -45795213098887078215680.000000
11 24 0.000000
11 25 0.000000
11 26 0.000000
11 27 0.000000
11 28 0.000000
11 29 0.000000
11 30 0.000000
11 31 0.000000
12 0 0.000000
12 1 0.000000
12 2 0.000000
12 3 0.000000
12 4 0.000000
12 5 0.000000
12 6 0.000000
12 7 0.000000
12 8 146325581794567075659776.000000
12 9 48304785444444131295232.000000
12 10 15701568165446424723456.000000
12 11 16589033997217172553728.000000
12 12 8543438831312701489152.000000
12 13 4301266969861575147520.000000
12 14 -4057917497271400792064.000000
12 15 -13498286756446745919488.000000
12 16 -12665966376213242970112.000000
12 17 -11929659362335558467584.000000
12 18 -8941819373050547666944.000000
12 19 -36509101415623404027904.000000
12 20 -30257312499298738372608.000000
12 21 -62837887931169839775744.000000
12 22 -57820540176307054444544.000000
12 23 -41521238505717321695232.000000
12 24 0.000000
12 25 0.000000
12 26 0.000000
12 27 0.000000
12 28 0.000000
12 29 0.000000
12 30 0.000000
12 31 0.000000
13 0 0.000000
13 1 0.000000
13 2 0.000000
13 3 0.000000
13 4 0.000000
13 5 0.000000
13 6 0.000000
13 7 0.000000
13 8 160684507565704230207488.000000
13 9 35976784946867466141696.000000
13 10 19506691015809148387328.000000
13 11 15177139751437826260992.000000
13 12 8847053503791510847488.000000
13 13 4804732253504670793728.000000
13 14 -5941881026316559450112.000000
13 15 -9349989051528437039104.000000
13 16 -10018925029730426028032.000000
13 17 -11183304817689210388480.000000
13 18 -15302583015458604056576.000000
13 19 -38662137289480417050624.000000
13 20 -37890112226958057144320.000000
13 21 -67833420249437642424320.000000
13 22 -40568452464951192190976.000000
13 23 -20086090366869431123968.000000
13 24 0.000000
13 25 0.000000
13 26 0.000000
13 27 0.000000
13 28 0.000000
13 29 0.000000
13 30 0.000000
13 31 0.000000
14 0 0.000000
14 1 0.000000
14 2 0.000000
14 3 0.000000
14 4 0.000000
14 5 0.000000
14 6 0.000000
14 7 0.000000
14 8 139770016076177015308288.000000
14 9 33567052901449589587968.000000
14 10 20670918807280508993536.000000
14 11 16639692737625649577984.000000
14 12 8503956899279451193344.000000
14 13 4709425389340396093440.000000
14 14 -6324094208342098968576.000000
14 15 -8757863090871158702080.000000
14 16 -9403584701843913048064.000000
14 17 -10216575632476741828608.000000
14 18 -18256254194370754904064.000000
14 19 -37583601739918848557056.000000
14 20 -36902099029906635620352.000000
14 21 -64786784641117402955776.000000
14 22 -39501666806817433321472.000000
14 23 -17807373664111296512000.000000
14 24 0.000000
14 25 0.000000
14 26 0.000000
14 27 0.000000
14 28 0.000000
14 29 0.000000
14 30 0.000000
14 31 0.000000
15 0 0.000000
15 1 0.000000
15 2 0.000000
15 3 0.000000
15 4 0.000000
15 5 0.000000
15 6 0.000000
15 7 0.000000
15 8 187874539955990862757888.000000
15 9 36092396852901694144512.000000
15 10 21540764305509169758208.000000
15 11 15729422929141711241216.000000
15 12 8381612111802304299008.000000
15 13 6216097889277754474496.000000
15 14 -5535802143965676830720.000000
15 15 -8510837273610166468608.000000
15 16 -10084907267871031164928.000000
15 17 -8280826055741379969024.000000
15 18 -20073086222945398816768.000000
15 19 -37341835001122718220288.000000
15 20 -36919843212438475374592.000000
15 21 -63558648519133841326080.000000
15 22 -38650756693222051807232.000000
15 23 -17395205352114255560704.000000
15 24 0.000000
15 25 0.000000
15 26 0.000000
15 27 0.000000
15 28 0.000000
15 29 0.000000
15 30 0.000000
15 31 0.000000
16 0 0.000000
16 1 0.000000
16 2 0.000000
16 3 0.000000
16 4 0.000000
16 5 0.000000
16 6 0.000000
16 7 0.000000
16 8 4306790161926584186961920.000000
16 9 43722071082419617792000.000000
16 10 22059797407164178366464.000000
16 11 14132328281785914884096.000000
16 12 10075156974677774041088.000000
16 13 5399685348828030959616.000000
16 14 -5762901784675368304640.000000
16 15 -6440691276794814267392.000000
16 16 -9821997254724303192064.000000
16 17 -9666699628773686378496.000000
16 18 -20569295081688893751296.000000
16 19 -34654183570899994673152.000000
16 20 -40005610597920937082880.000000
16 21 -62839031845475191881728.000000
16 22 -36975694603217310580736.000000
16 23 -17568569167970069118976.000000
16 24 0.000000
16 25 0.000000
16 26 0.000000
16 27 0.000000
16 28 0.000000
16 29 0.000000
16 30 0.000000
16 31 0.000000
17 0 0.000000
17 1 0.000000
17 2 0.000000
17 3 0.000000
17 4 0.000000
17 5 0.000000
17 6 0.000000
17 7 0.000000
17 8 12855367510342122864640.000000
17 9 43505862271508815020032.000000
17 10 23036569619545683132416.000000
17 11 16401312705749301854208.000000
17 12 11141515916746839556096.000000
17 13 4127957197201290035200.000000
17 14 -5357493375719010467840.000000
17 15 -6199346750463749914624.000000
17 16 -10627938926040390303744.000000
17 17 -9159527319687311392768.000000
17 18 -22685234805415255998464.000000
17 19 -32808883163180835012608.000000
17 20 -42238747494750361747456.000000
17 21 -61917996182082024374272.000000
17 22 -35843395081304193105920.000000
17 23 -16765327404630590619648.000000
17 24 0.000000
17 25 0.000000
17 26 0.000000
17 27 0.000000
17 28 0.000000
17 29 0.000000
17 30 0.000000
17 31 0.000000
18 0 0.000000
18 1 0.000000
18 2 0.000000
18 3 0.000000
18 4 0.000000
18 5 0.000000
18 6 0.000000
18 7 0.000000
18 8 15327037561435225849856.000000
18 9 44518928993287298613248.000000
18 10 24549956986527450923008.000000
18 11 15888132031810061205504.000000
18 12 9200676146532642193408.000000
18 13 3566841897678178091008.000000
18 14 -4442056812562571329536.000000
18 15 -7192550346085715935232.000000
18 16 -9740996637726324293632.000000
18 17 -5843082183591212351488.000000
18 18 -24724435443291038679040.000000
18 19 -31881990568472272175104.000000
18 20 -42869206406585957482496.000000
18 21 -60644828567424385155072.000000
18 22 -34686717574608119136256.000000
18 23 -16093690955502039597056.000000
18 24 0.000000
18 25 0.000000
18 26 0.000000
18 27 0.000000
18 28 0.000000
18 29 0.000000
18 30 0.000000
18 31 0.000000
19 0 0.000000
19 1 0.000000
19 2 0.000000
19 3 0.000000
19 4 0.000000
19 5 0.000000
19 6 0.000000
19 7 0.000000
19 8 37411309780774349176832.000000
19 9 50149603967003162312704.000000
19 10 25745588378200465997824.000000
19 11 14068571947761137614848.000000
19 12 10172158881151800311808.000000
19 13 3720247448835345874944.000000
19 14 -3694995202774726082560.000000
19 15 -7149890561565402333184.000000
19 16 -9199969081391145025536.000000
19 17 -6584548633792003178496.000000
19 18 -26463554482595684155392.000000
19 19 -29680144681853817716736.000000
19 20 -45612484047606147710976.000000
19 21 -58754149889859840376832.000000
19 22 -33127726757799597703168.000000
19 23 -16857957441766346981376.000000
19 24 0.000000
19 25 0.000000
19 26 0.000000
19 27 0.000000
19 28 0.000000
19 29 0.000000
19 30 0.000000
19 31 0.000000
20 0 0.000000
20 1 0.000000
20 2 0.000000
20 3 0.000000
20 4 0.000000
20 5 0.000000
20 6 0.000000
20 7 0.000000
20 8 53003233309692811804672.000000
20 9 73563899494495663685632.000000
20 10 27628885655975750533120.000000
20 11 14579903894053342674944.000000
20 12 9434246896956911648768.000000
20 13 2062019532762738851840.000000
20 14 -1849517747295215419392.000000
20 15 -4854737409017225674752.000000
20 16 -9066456492738026143744.000000
20 17 -8063624764062695424000.000000
20 18 -26794449709817290293248.000000
20 19 -27839374895359792775168.000000
20 20 -47637721274837268168704.000000
20 21 -57450677553309625090048.000000
20 22 -32434784904733863706624.000000
20 23 -24897704683554677456896.000000
20 24 0.000000
20 25 0.000000
20 26 0.000000
20 27 0.000000
20 28 0.000000
20 29 0.000000
20 30 0.000000
20 31 0.000000
21 0 0.000000
21 1 0.000000
21 2 0.000000
21 3 0.000000
21 4 0.000000
21 5 0.000000
21 6 0.000000
21 7 0.000000
21 8 2115424620015382119317504.000000
21 9 79159266247132942696448.000000
21 10 51606491424859753545728.000000
21 11 18208222178444941721600.000000
21 12 8049598303023250014208.000000
21 13 2085338608683309858816.000000
21 14 -659885150325857845248.000000
21 15 -6117233744357810503680.000000
21 16 -8136217723506327027712.000000
21 17 -7192769333617596825600.000000
21 18 -29175138041238254518272.000000
21 19 -26523612235426483404800.000000
21 20 -49151777426363700477952.000000
21 21 -56859417972630662152192.000000
21 22 -39081138688012085886976.000000
21 23 -14985504831893770600448.000000
21 24 0.000000
21 25 0.000000
21 26 0.000000
21 27 0.000000
21 28 0.000000
21 29 0.000000
21 30 0.000000
21 31 0.000000
22 0 0.000000
22 1 0.000000
22 2 0.000000
22 3 0.000000
22 4 0.000000
22 5 0.000000
22 6 0.000000
22 7 0.000000
22 8 -3099391900255164301312.000000
22 9 32140632295072159760384.000000
22 10 91027692417134958215168.000000
22 11 40996897911901456957440.000000
22 12 10066946912557077626880.000000
22 13 4646206109571182755840.000000
22 14 -1520003436309351759872.000000
22 15 -8153601618067977142272.000000
22 16 -6668495167896235802624.000000
22 17 -6625456518057269657600.000000
22 18 -29046150444310736142336.000000
22 19 -26289956479559247331328.000000
22 20 -50616451607976015298560.000000
22 21 -57498591349745219796992.000000
22 22 -47854790273276898705408.000000
22 23 -9904712617280403406848.000000
22 24 0.000000
22 25 0.000000
22 26 0.000000
22 27 0.000000
22 28 0.000000
22 29 0.000000
22 30 0.000000
22 31 0.000000
23 0 0.000000
23 1 0.000000
23 2 0.000000
23 3 0.000000
23 4 0.000000
23 5 0.000000
23 6 0.000000
23 7 0.000000
23 8 -3084918456952702369792.000000
23 9 33006613704820536639488.000000
23 10 8326393476771114647552.000000
23 11 59447515081290547200000.000000
23 12 35178672783503562637312.000000
23 13 6262348731550942625792.000000
23 14 -2451215264535539613696.000000
23 15 -5897085409672965390336.000000
23 16 -6650757177813883682816.000000
23 17 -8281936193049526796288.000000
23 18 -30015063875342479392768.000000
23 19 -26533970514569435545600.000000
23 20 -51854675793124886839296.000000
23 21 -74449347713633349533696.000000
23 22 -25469862246414148435968.000000
23 23 -13243473089530123255808.000000
23 24 0.000000
23 25 0.000000
23 26 0.000000
23 27 0.000000
23 28 0.000000
23 29 0.000000
23 30 0.000000
23 31 0.000000
24 0 0.000000
24 1 0.000000
24 2 0.000000
24 3 0.000000
24 4 0.000000
24 5 0.000000
24 6 0.000000
24 7 0.000000
24 8 0.000000
24 9 0.000000
24 10 0.000000
24 11 0.000000
24 12 0.000000
24 13 0.000000
24 14 0.000000
24 15 0.000000
24 16 0.000000
24 17 0.000000
24 18 0.000000
24 19 0.000000
24 20 0.000000
24 21 0.000000
24 22 0.000000
24 23 0.000000
24 24 0.000000
24 25 0.000000
24 26 0.000000
24 27 0.000000
24 28 0.000000
24 29 0.000000
24 30 0.000000
24 31 0.000000
25 0 0.000000
25 1 0.000000
25 2 0.000000
25 3 0.000000
25 4 0.000000
25 5 0.000000
25 6 0.000000
25 7 0.000000
25 8 0.000000
25 9 0.000000
25 10 0.000000
25 11 0.000000
25 12 0.000000
25 13 0.000000
25 14 0.000000
25 15 0.000000
25 16 0.000000
25 17 0.000000
25 18 0.000000
25 19 0.000000
25 20 0.000000
25 21 0.000000
25 22 0.000000
25 23 0.000000
25 24 0.000000
25 25 0.000000
25 26 0.000000
25 27 0.000000
25 28 0.000000
25 29 0.000000
25 30 0.000000
25 31 0.000000
26 0 0.000000
26 1 0.000000
26 2 0.000000
26 3 0.000000
26 4 0.000000
26 5 0.000000
26 6 0.000000
26 7 0.000000
26 8 0.000000
26 9 0.000000
26 10 0.000000
26 11 0.000000
26 12 0.000000
26 13 0.000000
26 14 0.000000
26 15 0.000000
26 16 0.000000
26 17 0.000000
26 18 0.000000
26 19 0.000000
26 20 0.000000
26 21 0.000000
26 22 0.000000
26 23 0.000000
26 24 0.000000
26 25 0.000000
26 26 0.000000
26 27 0.000000
26 28 0.000000
26 29 0.000000
26 30 0.000000
26 31 0.000000
27 0 0.000000
27 1 0.000000
27 2 0.000000
27 3 0.000000
27 4 0.000000
27 5 0.000000
27 6 0.000000
27 7 0.000000
27 8 0.000000
27 9 0.000000
27 10 0.000000
27 11 0.000000
27 12 0.000000
27 13 0.000000
27 14 0.000000
27 15 0.000000
27 16 0.000000
27 17 0.000000
27 18 0.000000
27 19 0.000000
27 20 0.000000
27 21 0.000000
27 22 0.000000
27 23 0.000000
27 24 0.000000
27 25 0.000000
27 26 0.000000
27 27 0.000000
27 28 0.000000
27 29 0.000000
27 30 0.000000
27 31 0.000000
28 0 0.000000
28 1 0.000000
28 2 0.000000
28 3 0.000000
28 4 0.000000
28 5 0.000000
28 6 0.000000
28 7 0.000000
28 8 0.000000
28 9 0.000000
28 10 0.000000
28 11 0.000000
28 12 0.000000
28 13 0.000000
28 14 0.000000
28 15 0.000000
28 16 0.000000
28 17 0.000000
28 18 0.000000
28 19 0.000000
28 20 0.000000
28 21 0.000000
28 22 0.000000
28 23 0.000000
28 24 0.000000
28 25 0.000000
28 26 0.000000
28 27 0.000000
28 28 0.000000
28 29 0.000000
28 30 0.000000
28 31 0.000000
29 0 0.000000
29 1 0.000000
29 2 0.000000
29 3 0.000000
29 4 0.000000
29 5 0.000000
29 6 0.000000
29 7 0.000000
29 8 0.000000
29 9 0.000000
29 10 0.000000
29 11 0.000000
29 12 0.000000
29 13 0.000000
29 14 0.000000
29 15 0.000000
29 16 0.000000
29 17 0.000000
29 18 0.000000
29 19 0.000000
29 20 0.000000
29 21 0.000000
29 22 0.000000
29 23 0.000000
29 24 0.000000
29 25 0.000000
29 26 0.000000
29 27 0.000000
29 28 0.000000
29 29 0.000000
29 30 0.000000
29 31 0.000000
30 0 0.000000
30 1 0.000000
30 2 0.000000
30 3 0.000000
30 4 0.000000
30 5 0.000000
30 6 0.000000
30 7 0.000000
30 8 0.000000
30 9 0.000000
30 10 0.000000
30 11 0.000000
30 12 0.000000
30 13 0.000000
30 14 0.000000
30 15 0.000000
30 16 0.000000
30 17 0.000000
30 18 0.000000
30 19 0.000000
30 20 0.000000
30 21 0.000000
30 22 0.000000
30 23 0.000000
30 24 0.000000
30 25 0.000000
30 26 0.000000
30 27 0.000000
30 28 0.000000
30 29 0.000000
30 30 0.000000
30 31 0.000000
31 0 0.000000
31 1 0.000000
31 2 0.000000
31 3 0.000000
31 4 0.000000
31 5 0.000000
31 6 0.000000
31 7 0.000000
31 8 0.000000
31 9 0.000000
31 10 0.000000
31 11 0.000000
31 12 0.000000
31 13 0.000000
31 14 0.000000
31 15 0.000000
31 16 0.000000
31 17 0.000000
31 18 0.000000
31 19 0.000000
31 20 0.000000
31 21 0.000000
31 22 0.000000
31 23 0.000000
31 24 0.000000
31 25 0.000000
31 26 0.000000
31 27 0.000000
31 28 0.000000
31 29 0.000000
31 30 0.000000
31 31 0.000000
