0 0 2.699997
0 1 3.050001
0 2 3.050001
0 3 3.050001
0 4 3.050001
0 5 3.050001
0 6 3.050001
0 7 3.050001
0 8 3.050001
0 9 3.050001
0 10 3.050001
0 11 3.050001
0 12 3.050001
0 13 3.050001
0 14 3.050001
0 15 3.050001
0 16 3.050001
0 17 3.050000
0 18 3.050001
0 19 3.050001
0 20 3.050001
0 21 3.050000
0 22 3.050000
0 23 3.050001
0 24 3.050001
0 25 3.050001
0 26 3.050001
0 27 3.050001
0 28 3.050000
0 29 3.050001
0 30 3.050000
0 31 3.050001
1 0 4.266548
1 1 4.283519
1 2 4.346282
1 3 4.357595
1 4 4.422297
1 5 4.439267
1 6 4.456239
1 7 4.473208
1 8 4.490179
1 9 4.607151
1 10 4.624121
1 11 4.641090
1 12 4.658062
1 13 4.675032
1 14 4.740624
1 15 4.751939
1 16 4.813812
1 17 4.830783
1 18 4.847754
1 19 4.864725
1 20 4.881695
1 21 4.898666
1 22 5.015635
1 23 5.032606
1 24 5.049578
1 25 5.066547
1 26 5.083518
1 27 5.146281
1 28 5.157597
1 29 5.222298
1 30 5.239268
1 31 5.256238
2 0 3.080669
2 1 3.020734
2 2 3.009419
2 3 2.998106
2 4 2.986792
2 5 2.975478
2 6 2.917438
2 7 2.911782
2 8 2.906124
2 9 2.900467
2 10 2.894810
2 11 2.889153
2 12 2.883497
2 13 2.826390
2 14 2.815076
2 15 2.803763
2 16 2.792449
2 17 2.781135
2 18 2.669821
2 19 2.658508
2 20 2.647193
2 21 2.635880
2 22 2.624566
2 23 2.613252
2 24 2.601939
2 25 2.590625
2 26 2.525033
2 27 2.508062
2 28 2.491092
2 29 2.474121
2 30 2.457151
2 31 2.340180
3 0 0.000000
3 1 0.000000
3 2 0.000000
3 3 0.000000
3 4 0.000000
3 5 0.000000
3 6 0.000000
3 7 0.000000
3 8 0.000000
3 9 0.000000
3 10 0.000000
3 11 0.000000
3 12 0.000000
3 13 0.000000
3 14 0.000000
3 15 0.000000
3 16 0.000000
3 17 0.000000
3 18 0.000000
3 19 0.000000
3 20 0.000000
3 21 0.000000
3 22 0.000000
3 23 0.000000
3 24 0.000000
3 25 0.000000
3 26 0.000000
3 27 0.000000
3 28 0.000000
3 29 0.000000
3 30 0.000000
3 31 0.000000
4 0 0.000000
4 1 0.000000
4 2 0.000000
4 3 0.000000
4 4 0.000000
4 5 0.000000
4 6 0.000000
4 7 0.000000
4 8 0.000000
4 9 0.000000
4 10 0.000000
4 11 0.000000
4 12 0.000000
4 13 0.000000
4 14 0.000000
4 15 0.000000
4 16 0.000000
4 17 0.000000
4 18 0.000000
4 19 0.000000
4 20 0.000000
4 21 0.000000
4 22 0.000000
4 23 0.000000
4 24 0.000000
4 25 0.000000
4 26 0.000000
4 27 0.000000
4 28 0.000000
4 29 0.000000
4 30 0.000000
4 31 0.000000
5 0 0.000000
5 1 0.000000
5 2 0.000000
5 3 0.000000
5 4 0.000000
5 5 0.000000
5 6 0.000000
5 7 0.000000
5 8 0.000000
5 9 0.000000
5 10 0.000000
5 11 0.000000
5 12 0.000000
5 13 0.000000
5 14 0.000000
5 15 0.000000
5 16 0.000000
5 17 0.000000
5 18 0.000000
5 19 0.000000
5 20 0.000000
5 21 0.000000
5 22 0.000000
5 23 0.000000
5 24 0.000000
5 25 0.000000
5 26 0.000000
5 27 0.000000
5 28 0.000000
5 29 0.000000
5 30 0.000000
5 31 0.000000
6 0 0.000000
6 1 0.000000
6 2 0.000000
6 3 0.000000
6 4 0.000000
6 5 0.000000
6 6 0.000000
6 7 0.000000
6 8 0.000000
6 9 0.000000
6 10 0.000000
6 11 0.000000
6 12 0.000000
6 13 0.000000
6 14 0.000000
6 15 0.000000
6 16 0.000000
6 17 0.000000
6 18 0.000000
6 19 0.000000
6 20 0.000000
6 21 0.000000
6 22 0.000000
6 23 0.000000
6 24 0.000000
6 25 0.000000
6 26 0.000000
6 27 0.000000
6 28 0.000000
6 29 0.000000
6 30 0.000000
6 31 0.000000
7 0 0.000000
7 1 0.000000
7 2 0.000000
7 3 0.000000
7 4 0.000000
7 5 0.000000
7 6 0.000000
7 7 0.000000
7 8 0.000000
7 9 0.000000
7 10 0.000000
7 11 0.000000
7 12 0.000000
7 13 0.000000
7 14 0.000000
7 15 0.000000
7 16 0.000000
7 17 0.000000
7 18 0.000000
7 19 0.000000
7 20 0.000000
7 21 0.000000
7 22 0.000000
7 23 0.000000
7 24 0.000000
7 25 0.000000
7 26 0.000000
7 27 0.000000
7 28 0.000000
7 29 0.000000
7 30 0.000000
7 31 0.000000
8 0 0.000000
8 1 0.000000
8 2 0.000000
8 3 0.000000
8 4 0.000000
8 5 0.000000
8 6 0.000000
8 7 0.000000
8 8 7099031412522745593671450624.000000
8 9 356531143185076140136988672.000000
8 10 -413367959752904850907594752.000000
8 11 31166945849715849485950648320.000000
8 12 -297722258995303436041322496.000000
8 13 426727386958990487540727808.000000
8 14 -253371582322366878020796416.000000
8 15 -787644760056425137441865728.000000
8 16 -760900744285337324347195392.000000
8 17 -591640688682143520282116096.000000
8 18 -710905493053054159499034624.000000
8 19 -3091618818947547132510339072.000000
8 20 -835070822561098330779156480.000000
8 21 30778769686007206084207443968.000000
8 22 -4097577622276344135284686848.000000
8 23 -2290000059959476651013701632.000000
8 24 0.000000
8 25 0.000000
8 26 0.000000
8 27 0.000000
8 28 0.000000
8 29 0.000000
8 30 0.000000
8 31 0.000000
9 0 0.000000
9 1 0.000000
9 2 0.000000
9 3 0.000000
9 4 0.000000
9 5 0.000000
9 6 0.000000
9 7 0.000000
9 8 3997871052096560343006838784.000000
9 9 246432249243230671474786304.000000
9 10 1928899732054318949779636224.000000
9 11 1331606407585668611595829248.000000
9 12 1160968564667609441120550912.000000
9 13 134520326283472696386781184.000000
9 14 -63015728739386425325125632.000000
9 15 -543308116280200092159311872.000000
9 16 -530577464792610919302561792.000000
9 17 -430702143798040832046530560.000000
9 18 -448438540650959976248901632.000000
9 19 -1401313849535117803300847616.000000
9 20 -2533080332890329486154792960.000000
9 21 -1264545409328010087003848704.000000
9 22 -1966422327961627843559948288.000000
9 23 -1135811411608718418494095360.000000
9 24 0.000000
9 25 0.000000
9 26 0.000000
9 27 0.000000
9 28 0.000000
9 29 0.000000
9 30 0.000000
9 31 0.000000
10 0 0.000000
10 1 0.000000
10 2 0.000000
10 3 0.000000
10 4 0.000000
10 5 0.000000
10 6 0.000000
10 7 0.000000
10 8 3991415577114477537999716352.000000
10 9 238866003566749445817106432.000000
10 10 1661816555734755246075805696.000000
10 11 1598045128454273198404403200.000000
10 12 491904677498818087559888896.000000
10 13 63700434985914376462008320.000000
10 14 -198406021920119337875668992.000000
10 15 -550877221202012742797492224.000000
10 16 -467848795061127525164908544.000000
10 17 -511363336165435050339336192.000000
10 18 -401261582978258156696633344.000000
10 19 -1290677657278637396528726016.000000
10 20 -1480054883418391446946840576.000000
10 21 -2899019758274855266645180416.000000
10 22 -2135034275658535936238551040.000000
10 23 -1116912574731250393187090432.000000
10 24 0.000000
10 25 0.000000
10 26 0.000000
10 27 0.000000
10 28 0.000000
10 29 0.000000
10 30 0.000000
10 31 0.000000
11 0 0.000000
11 1 0.000000
11 2 0.000000
11 3 0.000000
11 4 0.000000
11 5 0.000000
11 6 0.000000
11 7 0.000000
11 8 32841404918395009720645582848.000000
11 9 1435886884852016834615967744.000000
11 10 1431995507296179657283469312.000000
11 11 762090928212973064617459712.000000
11 12 355250201276597748872773632.000000
11 13 111759681980917650158518272.000000
11 14 -187081307478852012204883968.000000
11 15 -550112308512252302530183168.000000
11 16 -430873255796068561847320576.000000
11 17 -482835409561955081346088960.000000
11 18 -407335542399408500757233664.000000
11 19 -1360276927520838355423068160.000000
11 20 -1236377378701408191362629632.000000
11 21 -2364245400951058392416256000.000000
11 22 -2988210503741003897090605056.000000
11 23 -1793812749463018006531538944.000000
11 24 0.000000
11 25 0.000000
11 26 0.000000
11 27 0.000000
11 28 0.000000
11 29 0.000000
11 30 0.000000
11 31 0.000000
12 0 0.000000
12 1 0.000000
12 2 0.000000
12 3 0.000000
12 4 0.000000
12 5 0.000000
12 6 0.000000
12 7 0.000000
12 8 5731617661080717897242771456.000000
12 9 1892113235022527361947009024.000000
12 10 615035402918744184928075776.000000
12 11 649797628042863181404569600.000000
12 12 334649209536472248399953920.000000
12 13 168482101065373251144777728.000000
12 14 -158949727618539766637658112.000000
12 15 -528732015621988868339793920.000000
12 16 -496129719761460523262017536.000000
12 17 -467288419869656376405917696.000000
12 18 -350253789963769074560270336.000000
12 19 -1430072913841841352975843328.000000
12 20 -1185188327979650839172087808.000000
12 21 -2461378871693488586758291456.000000
12 22 -2264848588497760330929143808.000000
12 23 -1626400135278806214060802048.000000
12 24 0.000000
12 25 0.000000
12 26 0.000000
12 27 0.000000
12 28 0.000000
12 29 0.000000
12 30 0.000000
12 31 0.000000
13 0 0.000000
13 1 0.000000
13 2 0.000000
13 3 0.000000
13 4 0.000000
13 5 0.000000
13 6 0.000000
13 7 0.000000
13 8 6294061544219268740190044160.000000
13 9 1409221894932540793240420352.000000
13 10 764083176572933696191987712.000000
13 11 594493366972678260182220800.000000
13 12 346541899227769091164995584.000000
13 13 188202869518533552943136768.000000
13 14 -232745336989604469171814400.000000
13 15 -366241878200358322298683392.000000
13 16 -392444334458930170377011200.000000
13 17 -438053503352807415137435648.000000
13 18 -599406731043687094093348864.000000
13 19 -1514408033545931860406697984.000000
13 20 -1484167474329160549222318080.000000
13 21 -2657056029869295923244302336.000000
13 22 -1589078830242829638907723776.000000
13 23 -786778500954723736897978368.000000
13 24 0.000000
13 25 0.000000
13 26 0.000000
13 27 0.000000
13 28 0.000000
13 29 0.000000
13 30 0.000000
13 31 0.000000
14 0 0.000000
14 1 0.000000
14 2 0.000000
14 3 0.000000
14 4 0.000000
14 5 0.000000
14 6 0.000000
14 7 0.000000
14 8 5474834261208198069102837760.000000
14 9 1314831971542705273091129344.000000
14 10 809686258041266616800378880.000000
14 11 651781981196360265291005952.000000
14 12 333102671406820587011571712.000000
14 13 184469691239872508725297152.000000
14 14 -247716714479827141263360000.000000
14 15 -343048159687184796927131648.000000
14 16 -368341265249899058948997120.000000
14 17 -400186432946666069190246400.000000
14 18 -715103086560514915388358656.000000
14 19 -1472161447842274834972147712.000000
14 20 -1445466647984375678961188864.000000
14 21 -2537718582220223015813120000.000000
14 22 -1547292675271252403881508864.000000
14 23 -697520461766194214008258560.000000
14 24 0.000000
14 25 0.000000
14 26 0.000000
14 27 0.000000
14 28 0.000000
14 29 0.000000
14 30 0.000000
14 31 0.000000
15 0 0.000000
15 1 0.000000
15 2 0.000000
15 3 0.000000
15 4 0.000000
15 5 0.000000
15 6 0.000000
15 7 0.000000
15 8 7359103350354773770997071872.000000
15 9 1413750496815660193323941888.000000
15 10 843758353576099991531814912.000000
15 11 616126343363263367810646016.000000
15 12 328310391763911582597251072.000000
15 13 243486488682099993177227264.000000
15 14 -216838930935773607327956992.000000
15 15 -333372030763784893884268544.000000
15 16 -395028870877609468234825728.000000
15 17 -324362419597256264360394752.000000
15 18 -786268928096431584244137984.000000
15 19 -1462691479730642709878145024.000000
15 20 -1446161868875025644542492672.000000
15 21 -2489611834859229940021198848.000000
15 22 -1513962212635158447963242496.000000
15 23 -681375576204978435081109504.000000
15 24 0.000000
15 25 0.000000
15 26 0.000000
15 27 0.000000
15 28 0.000000
15 29 0.000000
15 30 0.000000
15 31 0.000000
16 0 0.000000
16 1 0.000000
16 2 0.000000
16 3 0.000000
16 4 0.000000
16 5 0.000000
16 6 0.000000
16 7 0.000000
16 8 168698325682837882076617768960.000000
16 9 1712607082997544177113235456.000000
16 10 864089174302521941911666688.000000
16 11 553567715718651428319789056.000000
16 12 394647060168771827935477760.000000
16 13 211507545197310441267658752.000000
16 14 -225734651904391154080153600.000000
16 15 -252283870058060594309758976.000000
16 16 -384730717744044079111471104.000000
16 17 -378647498057368732855959552.000000
16 18 -805705524457136390399852544.000000
16 19 -1357415025858266760747155456.000000
16 20 -1567032314743600110551171072.000000
16 21 -2461424029322981027740647424.000000
16 22 -1448349652722167597364150272.000000
16 23 -688166265420368690060197888.000000
16 24 0.000000
16 25 0.000000
16 26 0.000000
16 27 0.000000
16 28 0.000000
16 29 0.000000
16 30 0.000000
16 31 0.000000
17 0 0.000000
17 1 0.000000
17 2 0.000000
17 3 0.000000
17 4 0.000000
17 5 0.000000
17 6 0.000000
17 7 0.000000
17 8 503548668186513178150043648.000000
17 9 1704138256580280416804536320.000000
17 10 902349492398826628080205824.000000
17 11 642444608281129964454019072.000000
17 12 436416760644635314041651200.000000
17 13 161693459438575177925918720.000000
17 14 -209854532460865328347348992.000000
17 15 -242830282655165923297591296.000000
17 16 -416299590108075067688615936.000000
17 17 -358781350814163526081314816.000000
17 18 -888587483450076354192605184.000000
17 19 -1285133894175653612400672768.000000
17 20 -1654505004253699728197287936.000000
17 21 -2425347067855240604101378048.000000
17 22 -1403996891567150710164291584.000000
17 23 -656703056006391909794709504.000000
17 24 0.000000
17 25 0.000000
17 26 0.000000
17 27 0.000000
17 28 0.000000
17 29 0.000000
17 30 0.000000
17 31 0.000000
18 0 0.000000
18 1 0.000000
18 2 0.000000
18 3 0.000000
18 4 0.000000
18 5 0.000000
18 6 0.000000
18 7 0.000000
18 8 600364891824363715623387136.000000
18 9 1743820154561881455858810880.000000
18 10 961629580219218168962351104.000000
18 11 622343117477032371219857408.000000
18 12 360393337991788708958830592.000000
18 13 139714348342190984270970880.000000
18 14 -173996607632256131923968000.000000
18 15 -281734447459875293946183680.000000
18 16 -381557877763366036233519104.000000
18 17 -228875339210148721209638912.000000
18 18 -968463656176669788806840320.000000
18 19 -1248827455211636241939300352.000000
18 20 -1679200029480056179136659456.000000
18 21 -2375476664186848305498554368.000000
18 22 -1358689326938878616572788736.000000
18 23 -630394899904277705985622016.000000
18 24 0.000000
18 25 0.000000
18 26 0.000000
18 27 0.000000
18 28 0.000000
18 29 0.000000
18 30 0.000000
18 31 0.000000
19 0 0.000000
19 1 0.000000
19 2 0.000000
19 3 0.000000
19 4 0.000000
19 5 0.000000
19 6 0.000000
19 7 0.000000
19 8 1465412595842443753256124416.000000
19 9 1964375477239209031712636928.000000
19 10 1008462764369362337310703616.000000
19 11 551070284825488186964705280.000000
19 12 398446646726098226539134976.000000
19 13 145723319883969649581228032.000000
19 14 -144733993329180495763734528.000000
19 15 -280063449147958314213048320.000000
19 16 -360365594088701849793200128.000000
19 17 -257918723183280356203692032.000000
19 18 -1036585563579495497131360256.000000
19 19 -1162580588738722771417169920.000000
19 20 -1786654970040560931475292160.000000
19 21 -2301418004245292504758353920.000000
19 22 -1297623372931223106579595264.000000
19 23 -660331456778714283759370240.000000
19 24 0.000000
19 25 0.000000
19 26 0.000000
19 27 0.000000
19 28 0.000000
19 29 0.000000
19 30 0.000000
19 31 0.000000
20 0 0.000000
20 1 0.000000
20 2 0.000000
20 3 0.000000
20 4 0.000000
20 5 0.000000
20 6 0.000000
20 7 0.000000
20 8 2076153006445017995862343680.000000
20 9 2881520734124676616953004032.000000
20 10 1082232179363842372281565184.000000
20 11 571099464392816838756532224.000000
20 12 369542406543514582692921344.000000
20 13 80769972817196883518685184.000000
20 14 -72446137808352480285687808.000000
20 15 -190161507910791885714620416.000000
20 16 -355135905250317044490960896.000000
20 17 -315854559869532534640476160.000000
20 18 -1049546983835446776478826496.000000
20 19 -1090476767160146119280820224.000000
20 20 -1865984381272809614979629056.000000
20 21 -2250361253572031797472002048.000000
20 22 -1270480538553261692978987008.000000
20 23 -975250877404174186390224896.000000
20 24 0.000000
20 25 0.000000
20 26 0.000000
20 27 0.000000
20 28 0.000000
20 29 0.000000
20 30 0.000000
20 31 0.000000
21 0 0.000000
21 1 0.000000
21 2 0.000000
21 3 0.000000
21 4 0.000000
21 5 0.000000
21 6 0.000000
21 7 0.000000
21 8 82861834628173214799674474496.000000
21 9 3100692846144381155788455936.000000
21 10 2021441734409826541886242816.000000
21 11 713221666238949130799939584.000000
21 12 315305289617993759031558144.000000
21 13 81683381796750685676503040.000000
21 14 -25847836050498855658061824.000000
21 15 -239613889911729852168273920.000000
21 16 -318698199255471156860289024.000000
21 17 -281742914515405126630375424.000000
21 18 -1142799407198721070837268480.000000
21 19 -1038938187531680118506258432.000000
21 20 -1925290220747928054395830272.000000
21 21 -2227200997452607981227081728.000000
21 22 -1530820470683192722670485504.000000
21 23 -586986833406763632343121920.000000
21 24 0.000000
21 25 0.000000
21 26 0.000000
21 27 0.000000
21 28 0.000000
21 29 0.000000
21 30 0.000000
21 31 0.000000
22 0 0.000000
22 1 0.000000
22 2 0.000000
22 3 0.000000
22 4 0.000000
22 5 0.000000
22 6 0.000000
22 7 0.000000
22 8 -121404054834394662208274432.000000
22 9 1258958702204822707039633408.000000
22 10 3565582672775621226616848384.000000
22 11 1605860940131327640585895936.000000
22 12 394325533419567070450810880.000000
22 13 181993418762161812225916928.000000
22 14 -59538895639745685891317760.000000
22 15 -319379068579231776410435584.000000
22 16 -261207002888371673455656960.000000
22 17 -259521136500731283823919104.000000
22 18 -1137746843996932024649646080.000000
22 19 -1029785798566020977052876800.000000
22 20 -1982661956000406194744197120.000000
22 21 -2252237656379209533062381568.000000
22 22 -1874487002125216411186888704.000000
22 23 -387970703873150424757305344.000000
22 24 0.000000
22 25 0.000000
22 26 0.000000
22 27 0.000000
22 28 0.000000
22 29 0.000000
22 30 0.000000
22 31 0.000000
23 0 0.000000
23 1 0.000000
23 2 0.000000
23 3 0.000000
23 4 0.000000
23 5 0.000000
23 6 0.000000
23 7 0.000000
23 8 -120837112602033272848908288.000000
23 9 1292879313077322778933198848.000000
23 10 326147437234292842832068608.000000
23 11 2328577366905943962117210112.000000
23 12 1377959386094085972896514048.000000
23 13 245298217204555303079641088.000000
23 14 -96014712607847857455628288.000000
23 15 -230990682693313216622100480.000000
23 16 -260512261613067624322695168.000000
23 17 -324405990806758366321311744.000000
23 18 -1175699544189063530335436800.000000
23 19 -1039344015901301728641810432.000000
23 20 -2031163316110624065264287744.000000
23 21 -2916204154758112726224994304.000000
23 22 -997662343288157984515948544.000000
23 23 -518750925125562398989615104.000000
23 24 0.000000
23 25 0.000000
23 26 0.000000
23 27 0.000000
23 28 0.000000
23 29 0.000000
23 30 0.000000
23 31 0.000000
24 0 0.000000
24 1 0.000000
24 2 0.000000
24 3 0.000000
24 4 0.000000
24 5 0.000000
24 6 0.000000
24 7 0.000000
24 8 0.000000
24 9 0.000000
24 10 0.000000
24 11 0.000000
24 12 0.000000
24 13 0.000000
24 14 0.000000
24 15 0.000000
24 16 0.000000
24 17 0.000000
24 18 0.000000
24 19 0.000000
24 20 0.000000
24 21 0.000000
24 22 0.000000
24 23 0.000000
24 24 0.000000
24 25 0.000000
24 26 0.000000
24 27 0.000000
24 28 0.000000
24 29 0.000000
24 30 0.000000
24 31 0.000000
25 0 0.000000
25 1 0.000000
25 2 0.000000
25 3 0.000000
25 4 0.000000
25 5 0.000000
25 6 0.000000
25 7 0.000000
25 8 0.000000
25 9 0.000000
25 10 0.000000
25 11 0.000000
25 12 0.000000
25 13 0.000000
25 14 0.000000
25 15 0.000000
25 16 0.000000
25 17 0.000000
25 18 0.000000
25 19 0.000000
25 20 0.000000
25 21 0.000000
25 22 0.000000
25 23 0.000000
25 24 0.000000
25 25 0.000000
25 26 0.000000
25 27 0.000000
25 28 0.000000
25 29 0.000000
25 30 0.000000
25 31 0.000000
26 0 0.000000
26 1 0.000000
26 2 0.000000
26 3 0.000000
26 4 0.000000
26 5 0.000000
26 6 0.000000
26 7 0.000000
26 8 0.000000
26 9 0.000000
26 10 0.000000
26 11 0.000000
26 12 0.000000
26 13 0.000000
26 14 0.000000
26 15 0.000000
26 16 0.000000
26 17 0.000000
26 18 0.000000
26 19 0.000000
26 20 0.000000
26 21 0.000000
26 22 0.000000
26 23 0.000000
26 24 0.000000
26 25 0.000000
26 26 0.000000
26 27 0.000000
26 28 0.000000
26 29 0.000000
26 30 0.000000
26 31 0.000000
27 0 0.000000
27 1 0.000000
27 2 0.000000
27 3 0.000000
27 4 0.000000
27 5 0.000000
27 6 0.000000
27 7 0.000000
27 8 0.000000
27 9 0.000000
27 10 0.000000
27 11 0.000000
27 12 0.000000
27 13 0.000000
27 14 0.000000
27 15 0.000000
27 16 0.000000
27 17 0.000000
27 18 0.000000
27 19 0.000000
27 20 0.000000
27 21 0.000000
27 22 0.000000
27 23 0.000000
27 24 0.000000
27 25 0.000000
27 26 0.000000
27 27 0.000000
27 28 0.000000
27 29 0.000000
27 30 0.000000
27 31 0.000000
28 0 0.000000
28 1 0.000000
28 2 0.000000
28 3 0.000000
28 4 0.000000
28 5 0.000000
28 6 0.000000
28 7 0.000000
28 8 0.000000
28 9 0.000000
28 10 0.000000
28 11 0.000000
28 12 0.000000
28 13 0.000000
28 14 0.000000
28 15 0.000000
28 16 0.000000
28 17 0.000000
28 18 0.000000
28 19 0.000000
28 20 0.000000
28 21 0.000000
28 22 0.000000
28 23 0.000000
28 24 0.000000
28 25 0.000000
28 26 0.000000
28 27 0.000000
28 28 0.000000
28 29 0.000000
28 30 0.000000
28 31 0.000000
29 0 0.000000
29 1 0.000000
29 2 0.000000
29 3 0.000000
29 4 0.000000
29 5 0.000000
29 6 0.000000
29 7 0.000000
29 8 0.000000
29 9 0.000000
29 10 0.000000
29 11 0.000000
29 12 0.000000
29 13 0.000000
29 14 0.000000
29 15 0.000000
29 16 0.000000
29 17 0.000000
29 18 0.000000
29 19 0.000000
29 20 0.000000
29 21 0.000000
29 22 0.000000
29 23 0.000000
29 24 0.000000
29 25 0.000000
29 26 0.000000
29 27 0.000000
29 28 0.000000
29 29 0.000000
29 30 0.000000
29 31 0.000000
30 0 0.000000
30 1 0.000000
30 2 0.000000
30 3 0.000000
30 4 0.000000
30 5 0.000000
30 6 0.000000
30 7 0.000000
30 8 0.000000
30 9 0.000000
30 10 0.000000
30 11 0.000000
30 12 0.000000
30 13 0.000000
30 14 0.000000
30 15 0.000000
30 16 0.000000
30 17 0.000000
30 18 0.000000
30 19 0.000000
30 20 0.000000
30 21 0.000000
30 22 0.000000
30 23 0.000000
30 24 0.000000
30 25 0.000000
30 26 0.000000
30 27 0.000000
30 28 0.000000
30 29 0.000000
30 30 0.000000
30 31 0.000000
31 0 0.000000
31 1 0.000000
31 2 0.000000
31 3 0.000000
31 4 0.000000
31 5 0.000000
31 6 0.000000
31 7 0.000000
31 8 0.000000
31 9 0.000000
31 10 0.000000
31 11 0.000000
31 12 0.000000
31 13 0.000000
31 14 0.000000
31 15 0.000000
31 16 0.000000
31 17 0.000000
31 18 0.000000
31 19 0.000000
31 20 0.000000
31 21 0.000000
31 22 0.000000
31 23 0.000000
31 24 0.000000
31 25 0.000000
31 26 0.000000
31 27 0.000000
31 28 0.000000
31 29 0.000000
31 30 0.000000
31 31 0.000000
