0 0 2.699997
0 1 3.050001
0 2 3.050001
0 3 3.050001
0 4 3.050001
0 5 3.050001
0 6 3.050001
0 7 3.050001
0 8 3.050001
0 9 3.050001
0 10 3.050001
0 11 3.050001
0 12 3.050001
0 13 3.050001
0 14 3.050001
0 15 3.050001
0 16 3.050001
0 17 3.050000
0 18 3.050001
0 19 3.050001
0 20 3.050001
0 21 3.050000
0 22 3.050000
0 23 3.050001
0 24 3.050001
0 25 3.050001
0 26 3.050001
0 27 3.050001
0 28 3.050000
0 29 3.050001
0 30 3.050000
0 31 3.050001
1 0 4.266548
1 1 4.283519
1 2 4.346282
1 3 4.357595
1 4 4.422297
1 5 4.439267
1 6 4.456239
1 7 4.473208
1 8 4.490179
1 9 4.607151
1 10 4.624121
1 11 4.641090
1 12 4.658062
1 13 4.675032
1 14 4.740624
1 15 4.751939
1 16 4.813812
1 17 4.830783
1 18 4.847754
1 19 4.864725
1 20 4.881695
1 21 4.898666
1 22 5.015635
1 23 5.032606
1 24 5.049578
1 25 5.066547
1 26 5.083518
1 27 5.146281
1 28 5.157597
1 29 5.222298
1 30 5.239268
1 31 5.256238
2 0 3.080669
2 1 3.020734
2 2 3.009419
2 3 2.998106
2 4 2.986792
2 5 2.975478
2 6 2.917438
2 7 2.911782
2 8 2.906124
2 9 2.900467
2 10 2.894810
2 11 2.889153
2 12 2.883497
2 13 2.826390
2 14 2.815076
2 15 2.803763
2 16 2.792449
2 17 2.781135
2 18 2.669821
2 19 2.658508
2 20 2.647193
2 21 2.635880
2 22 2.624566
2 23 2.613252
2 24 2.601939
2 25 2.590625
2 26 2.525033
2 27 2.508062
2 28 2.491092
2 29 2.474121
2 30 2.457151
2 31 2.340180
3 0 0.000000
3 1 0.000000
3 2 0.000000
3 3 0.000000
3 4 0.000000
3 5 0.000000
3 6 0.000000
3 7 0.000000
3 8 0.000000
3 9 0.000000
3 10 0.000000
3 11 0.000000
3 12 0.000000
3 13 0.000000
3 14 0.000000
3 15 0.000000
3 16 0.000000
3 17 0.000000
3 18 0.000000
3 19 0.000000
3 20 0.000000
3 21 0.000000
3 22 0.000000
3 23 0.000000
3 24 0.000000
3 25 0.000000
3 26 0.000000
3 27 0.000000
3 28 0.000000
3 29 0.000000
3 30 0.000000
3 31 0.000000
4 0 0.000000
4 1 0.000000
4 2 0.000000
4 3 0.000000
4 4 0.000000
4 5 0.000000
4 6 0.000000
4 7 0.000000
4 8 0.000000
4 9 0.000000
4 10 0.000000
4 11 0.000000
4 12 0.000000
4 13 0.000000
4 14 0.000000
4 15 0.000000
4 16 0.000000
4 17 0.000000
4 18 0.000000
4 19 0.000000
4 20 0.000000
4 21 0.000000
4 22 0.000000
4 23 0.000000
4 24 0.000000
4 25 0.000000
4 26 0.000000
4 27 0.000000
4 28 0.000000
4 29 0.000000
4 30 0.000000
4 31 0.000000
5 0 0.000000
5 1 0.000000
5 2 0.000000
5 3 0.000000
5 4 0.000000
5 5 0.000000
5 6 0.000000
5 7 0.000000
5 8 0.000000
5 9 0.000000
5 10 0.000000
5 11 0.000000
5 12 0.000000
5 13 0.000000
5 14 0.000000
5 15 0.000000
5 16 0.000000
5 17 0.000000
5 18 0.000000
5 19 0.000000
5 20 0.000000
5 21 0.000000
5 22 0.000000
5 23 0.000000
5 24 0.000000
5 25 0.000000
5 26 0.000000
5 27 0.000000
5 28 0.000000
5 29 0.000000
5 30 0.000000
5 31 0.000000
6 0 0.000000
6 1 0.000000
6 2 0.000000
6 3 0.000000
6 4 0.000000
6 5 0.000000
6 6 0.000000
6 7 0.000000
6 8 0.000000
6 9 0.000000
6 10 0.000000
6 11 0.000000
6 12 0.000000
6 13 0.000000
6 14 0.000000
6 15 0.000000
6 16 0.000000
6 17 0.000000
6 18 0.000000
6 19 0.000000
6 20 0.000000
6 21 0.000000
6 22 0.000000
6 23 0.000000
6 24 0.000000
6 25 0.000000
6 26 0.000000
6 27 0.000000
6 28 0.000000
6 29 0.000000
6 30 0.000000
6 31 0.000000
7 0 0.000000
7 1 0.000000
7 2 0.000000
7 3 0.000000
7 4 0.000000
7 5 0.000000
7 6 0.000000
7 7 0.000000
7 8 0.000000
7 9 0.000000
7 10 0.000000
7 11 0.000000
7 12 0.000000
7 13 0.000000
7 14 0.000000
7 15 0.000000
7 16 0.000000
7 17 0.000000
7 18 0.000000
7 19 0.000000
7 20 0.000000
7 21 0.000000
7 22 0.000000
7 23 0.000000
7 24 0.000000
7 25 0.000000
7 26 0.000000
7 27 0.000000
7 28 0.000000
7 29 0.000000
7 30 0.000000
7 31 0.000000
8 0 0.000000
8 1 0.000000
8 2 0.000000
8 3 0.000000
8 4 0.000000
8 5 0.000000
8 6 0.000000
8 7 0.000000
8 8 6154995967866150120849408.000000
8 9 309119332231351768186880.000000
8 10 -358398007584415887130624.000000
8 11 27022337939828933595758592.000000
8 12 -258130910315752714141696.000000
8 13 369980761422854537347072.000000
8 14 -219678059804555831410688.000000
8 15 -682903077294746028212224.000000
8 16 -659715664109281197686784.000000
8 17 -512963888667577542508544.000000
8 18 -616368697839825268506624.000000
8 19 -2680492634355844973068288.000000
8 20 -724022166871737301467136.000000
8 21 26685784011733130467606528.000000
8 22 -3552678329051677013835776.000000
8 23 -1985473793199561741697024.000000
8 24 0.000000
8 25 0.000000
8 26 0.000000
8 27 0.000000
8 28 0.000000
8 29 0.000000
8 30 0.000000
8 31 0.000000
9 0 0.000000
9 1 0.000000
9 2 0.000000
9 3 0.000000
9 4 0.000000
9 5 0.000000
9 6 0.000000
9 7 0.000000
9 8 3466230833484374869016576.000000
9 9 213661430846373943574528.000000
9 10 1672392914591989790408704.000000
9 11 1154528388953892768972800.000000
9 12 1006582042718228344471552.000000
9 13 116631665105052758966272.000000
9 14 -54635896261005673496576.000000
9 15 -471058542653241418579968.000000
9 16 -460020940542496712163328.000000
9 17 -373427096001703535706112.000000
9 18 -388804835087743698599936.000000
9 19 -1214965975377264446013440.000000
9 20 -2196228997163197975756800.000000
9 21 -1096385116324688717414400.000000
9 22 -1704925621263421570809856.000000
9 23 -984770136945353520316416.000000
9 24 0.000000
9 25 0.000000
9 26 0.000000
9 27 0.000000
9 28 0.000000
9 29 0.000000
9 30 0.000000
9 31 0.000000
10 0 0.000000
10 1 0.000000
10 2 0.000000
10 3 0.000000
10 4 0.000000
10 5 0.000000
10 6 0.000000
10 7 0.000000
10 8 3460633399579508626948096.000000
10 9 207101379542755022209024.000000
10 10 1440826612779071513296896.000000
10 11 1385535523837076725301248.000000
10 12 426490740596797895344128.000000
10 13 55229407641498321682432.000000
10 14 -172021869267646716837888.000000
10 15 -477621224059042724315136.000000
10 16 -405633922204098787016704.000000
10 17 -443361801261680076783616.000000
10 18 -347901558004896019513344.000000
10 19 -1119042041502846322475008.000000
10 20 -1283235934042182737985536.000000
10 21 -2513506077701974622470144.000000
10 22 -1851115347471629388087296.000000
10 23 -968384600349098897309696.000000
10 24 0.000000
10 25 0.000000
10 26 0.000000
10 27 0.000000
10 28 0.000000
10 29 0.000000
10 30 0.000000
10 31 0.000000
11 0 0.000000
11 1 0.000000
11 2 0.000000
11 3 0.000000
11 4 0.000000
11 5 0.000000
11 6 0.000000
11 7 0.000000
11 8 28474128980232004299653120.000000
11 9 1244941358036290163965952.000000
11 10 1241567333253058226290688.000000
11 11 660747456798310287802368.000000
11 12 308008672505648165945344.000000
11 13 96897765236242955370496.000000
11 14 -162203175403249089904640.000000
11 15 -476958005963517635592192.000000
11 16 -373575354501436572434432.000000
11 17 -418627563733800066220032.000000
11 18 -353167635063578849968128.000000
11 19 -1179386025111562731126784.000000
11 20 -1071962708035007839993856.000000
11 21 -2049846588948532739178496.000000
11 22 -2590835981780469669691392.000000
11 23 -1555269924781989419810816.000000
11 24 0.000000
11 25 0.000000
11 26 0.000000
11 27 0.000000
11 28 0.000000
11 29 0.000000
11 30 0.000000
11 31 0.000000
12 0 0.000000
12 1 0.000000
12 2 0.000000
12 3 0.000000
12 4 0.000000
12 5 0.000000
12 6 0.000000
12 7 0.000000
12 8 4969422573327332631642112.000000
12 9 1640498494088545975664640.000000
12 10 533247416842110896177152.000000
12 11 563386838613963957075968.000000
12 12 290147180210714665025536.000000
12 13 146077100188726535913472.000000
12 14 -137812571534136702926848.000000
12 15 -458420865638087503380480.000000
12 16 -430154004562498075754496.000000
12 17 -405148145933892095836160.000000
12 18 -303676786124870052216832.000000
12 19 -1239900496987772877275136.000000
12 20 -1027580994715167265652736.000000
12 21 -2134062893174044483387392.000000
12 22 -1963667003515863610425344.000000
12 23 -1410119989655748902649856.000000
12 24 0.000000
12 25 0.000000
12 26 0.000000
12 27 0.000000
12 28 0.000000
12 29 0.000000
12 30 0.000000
12 31 0.000000
13 0 0.000000
13 1 0.000000
13 2 0.000000
13 3 0.000000
13 4 0.000000
13 5 0.000000
13 6 0.000000
13 7 0.000000
13 8 5457072052748633786810368.000000
13 9 1221822543680349440835584.000000
13 10 662474749384993458356224.000000
13 11 515437013381350286163968.000000
13 12 300458405744760038883328.000000
13 13 163175466534001361027072.000000
13 14 -201794698029831819362304.000000
13 15 -317538865777916438904832.000000
13 16 -340256823738224168927232.000000
13 17 -379800770338343356465152.000000
13 18 -519697238484857680560128.000000
13 19 -1313020508192196022763520.000000
13 20 -1286801632025555563970560.000000
13 21 -2303718463111079684734976.000000
13 22 -1377761662361888907853824.000000
13 23 -682152020992088705335296.000000
13 24 0.000000
13 25 0.000000
13 26 0.000000
13 27 0.000000
13 28 0.000000
13 29 0.000000
13 30 0.000000
13 31 0.000000
14 0 0.000000
14 1 0.000000
14 2 0.000000
14 3 0.000000
14 4 0.000000
14 5 0.000000
14 6 0.000000
14 7 0.000000
14 8 4746785360337218232647680.000000
14 9 1139984500346059508154368.000000
14 10 702013471809544896118784.000000
14 11 565107357786807562403840.000000
14 12 288806332500856901992448.000000
14 13 159938675438614657105920.000000
14 14 -214775189048621176717312.000000
14 15 -297429392721781700165632.000000
14 16 -319358932516923441676288.000000
14 17 -346969348910827345805312.000000
14 18 -620008110741898894770176.000000
14 19 -1276391903760460342624256.000000
14 20 -1253247436901042117148672.000000
14 21 -2200250531486454733864960.000000
14 22 -1341532112885935272624128.000000
14 23 -604763534089640822702080.000000
14 24 0.000000
14 25 0.000000
14 26 0.000000
14 27 0.000000
14 28 0.000000
14 29 0.000000
14 30 0.000000
14 31 0.000000
15 0 0.000000
15 1 0.000000
15 2 0.000000
15 3 0.000000
15 4 0.000000
15 5 0.000000
15 6 0.000000
15 7 0.000000
15 8 6380482626354900342145024.000000
15 9 1225748817864288058212352.000000
15 10 731554563349304022401024.000000
15 11 534193388936640814120960.000000
15 12 284651311484644882382848.000000
15 13 211107421483293625810944.000000
15 14 -188003523049318753763328.000000
15 15 -289039907191930845396992.000000
15 16 -342497562711224594989056.000000
15 17 -281228503710249267494912.000000
15 18 -681710307940636207087616.000000
15 19 -1268181229150214606028800.000000
15 20 -1253849982502387270549504.000000
15 21 -2158541434329480906670080.000000
15 22 -1312633991257776577314816.000000
15 23 -590765625871832941854720.000000
15 24 0.000000
15 25 0.000000
15 26 0.000000
15 27 0.000000
15 28 0.000000
15 29 0.000000
15 30 0.000000
15 31 0.000000
16 0 0.000000
16 1 0.000000
16 2 0.000000
16 3 0.000000
16 4 0.000000
16 5 0.000000
16 6 0.000000
16 7 0.000000
16 8 146264694929044877502054400.000000
16 9 1484863170223470412824576.000000
16 10 749181796406020219600896.000000
16 11 479953800435644489531392.000000
16 12 342166530124214354051072.000000
16 13 183380974348590148222976.000000
16 14 -195716315713559427284992.000000
16 15 -218734915970591902138368.000000
16 16 -333568870205187925475328.000000
16 17 -328294686667175828127744.000000
16 18 -698562057170316223840256.000000
16 19 -1176904865976054758506496.000000
16 20 -1358646944391447764271104.000000
16 21 -2134101804274824964472832.000000
16 22 -1255746826607841685536768.000000
16 23 -596653379823077995577344.000000
16 24 0.000000
16 25 0.000000
16 26 0.000000
16 27 0.000000
16 28 0.000000
16 29 0.000000
16 30 0.000000
16 31 0.000000
17 0 0.000000
17 1 0.000000
17 2 0.000000
17 3 0.000000
17 4 0.000000
17 5 0.000000
17 6 0.000000
17 7 0.000000
17 8 436586369809481788817408.000000
17 9 1477520213160629404434432.000000
17 10 782354374512508800073728.000000
17 11 557011651067849339830272.000000
17 12 378381596023766365765632.000000
17 13 140191255763723487281152.000000
17 14 -181948001004754894323712.000000
17 15 -210538580821559713202176.000000
17 16 -360939695098915719217152.000000
17 17 -311070435705116742909952.000000
17 18 -770422357515768313151488.000000
17 19 -1114235727922922491215872.000000
17 20 -1434487562116366916911104.000000
17 21 -2102822179163712750878720.000000
17 22 -1217291994512808759787520.000000
17 23 -569374140131372408242176.000000
17 24 0.000000
17 25 0.000000
17 26 0.000000
17 27 0.000000
17 28 0.000000
17 29 0.000000
17 30 0.000000
17 31 0.000000
18 0 0.000000
18 1 0.000000
18 2 0.000000
18 3 0.000000
18 4 0.000000
18 5 0.000000
18 6 0.000000
18 7 0.000000
18 8 520527774313738837950464.000000
18 9 1511925408470730780180480.000000
18 10 833751182842317810696192.000000
18 11 539583332999474842697728.000000
18 12 312467920683888317300736.000000
18 13 121134958487648593772544.000000
18 14 -150858499855511753588736.000000
18 15 -244269263008270555021312.000000
18 16 -330817927437601950662656.000000
18 17 -198439246091463157612544.000000
18 18 -839676478800056624873472.000000
18 19 -1082757151794671558590464.000000
18 20 -1455898467378420672102400.000000
18 21 -2059583875746066017026048.000000
18 22 -1178009797123032345477120.000000
18 23 -546564344767463339065344.000000
18 24 0.000000
18 25 0.000000
18 26 0.000000
18 27 0.000000
18 28 0.000000
18 29 0.000000
18 30 0.000000
18 31 0.000000
19 0 0.000000
19 1 0.000000
19 2 0.000000
19 3 0.000000
19 4 0.000000
19 5 0.000000
19 6 0.000000
19 7 0.000000
19 8 1270540827124580594221056.000000
19 9 1703150986837455481602048.000000
19 10 874356501773818657767424.000000
19 11 477788505763601774018560.000000
19 12 345460859208440343429120.000000
19 13 126344866651778859401216.000000
19 14 -125487246174738695847936.000000
19 15 -242820346921754409566208.000000
19 16 -312443889476276668334080.000000
19 17 -223620510918355963609088.000000
19 18 -898739566617154826534912.000000
19 19 -1007979455639405880934400.000000
19 20 -1549064180668254990106624.000000
19 21 -1995373497814056509112320.000000
19 22 -1125064254924566149726208.000000
19 23 -572519994543083247108096.000000
19 24 0.000000
19 25 0.000000
19 26 0.000000
19 27 0.000000
19 28 0.000000
19 29 0.000000
19 30 0.000000
19 31 0.000000
20 0 0.000000
20 1 0.000000
20 2 0.000000
20 3 0.000000
20 4 0.000000
20 5 0.000000
20 6 0.000000
20 7 0.000000
20 8 1800064415593202431557632.000000
20 9 2498333342470972364554240.000000
20 10 938315903105794062680064.000000
20 11 495154061667569235918848.000000
20 12 320400344894756595171328.000000
20 13 70029042161371070857216.000000
20 14 -62812253442090846912512.000000
20 15 -164873701895888737140736.000000
20 16 -307909557285048996069376.000000
20 17 -273852003837383603650560.000000
20 18 -909977308695339877793792.000000
20 19 -945464232607138627715072.000000
20 20 -1617844162983773736009728.000000
20 21 -1951106067838360088477696.000000
20 22 -1101531037345313303035904.000000
20 23 -845561062217164009766912.000000
20 24 0.000000
20 25 0.000000
20 26 0.000000
20 27 0.000000
20 28 0.000000
20 29 0.000000
20 30 0.000000
20 31 0.000000
21 0 0.000000
21 1 0.000000
21 2 0.000000
21 3 0.000000
21 4 0.000000
21 5 0.000000
21 6 0.000000
21 7 0.000000
21 8 71842809373305698835759104.000000
21 9 2688359882472905945120768.000000
21 10 1752629045553222547144704.000000
21 11 618376870928068282155008.000000
21 12 273375667111995881029632.000000
21 13 70820973134246408355840.000000
21 14 -22410605300138203152384.000000
21 15 -207749879874697864151040.000000
21 16 -276317436402992798498816.000000
21 17 -244276558839666895224832.000000
21 18 -990828811509656539103232.000000
21 19 -900779228873992414691328.000000
21 20 -1669263597398110656004096.000000
21 21 -1931025778107810710552576.000000
21 22 -1327250585977994107420672.000000
21 23 -508928843545438672912384.000000
21 24 0.000000
21 25 0.000000
21 26 0.000000
21 27 0.000000
21 28 0.000000
21 29 0.000000
21 30 0.000000
21 31 0.000000
22 0 0.000000
22 1 0.000000
22 2 0.000000
22 3 0.000000
22 4 0.000000
22 5 0.000000
22 6 0.000000
22 7 0.000000
22 8 -105259679729175047962624.000000
22 9 1091541116623083049844736.000000
22 10 3091428446242863440723968.000000
22 11 1392312396441155771826176.000000
22 12 341887703264084591902720.000000
22 13 157791719424254594252800.000000
22 14 -51621429864823741480960.000000
22 15 -276907768242148523114496.000000
22 16 -226471523669662110842880.000000
22 17 -225009781331407214215168.000000
22 18 -986448214195308786089984.000000
22 19 -892843886330565600739328.000000
22 20 -1719006251599184992927744.000000
22 21 -1952733560657300728840192.000000
22 22 -1625216087199417991430144.000000
22 23 -336378035508756546060288.000000
22 24 0.000000
22 25 0.000000
22 26 0.000000
22 27 0.000000
22 28 0.000000
22 29 0.000000
22 30 0.000000
22 31 0.000000
23 0 0.000000
23 1 0.000000
23 2 0.000000
23 3 0.000000
23 4 0.000000
23 5 0.000000
23 6 0.000000
23 7 0.000000
23 8 -104768165873043086770176.000000
23 9 1120951063341693147283456.000000
23 10 282776084657401845776384.000000
23 11 2018920910739334827606016.000000
23 12 1194717070876666316718080.000000
23 13 212678168946929397923840.000000
23 14 -83246643196941857456128.000000
23 15 -200273346046909046849536.000000
23 16 -225869104169106523815936.000000
23 17 -281266279903923651215360.000000
23 18 -1019353818915886843559936.000000
23 19 -901131086105679616802816.000000
23 20 -1761057622327838977818624.000000
23 21 -2528404994075632754229248.000000
23 22 -864992329198213770772480.000000
23 23 -449767000795711491014656.000000
23 24 0.000000
23 25 0.000000
23 26 0.000000
23 27 0.000000
23 28 0.000000
23 29 0.000000
23 30 0.000000
23 31 0.000000
24 0 0.000000
24 1 0.000000
24 2 0.000000
24 3 0.000000
24 4 0.000000
24 5 0.000000
24 6 0.000000
24 7 0.000000
24 8 0.000000
24 9 0.000000
24 10 0.000000
24 11 0.000000
24 12 0.000000
24 13 0.000000
24 14 0.000000
24 15 0.000000
24 16 0.000000
24 17 0.000000
24 18 0.000000
24 19 0.000000
24 20 0.000000
24 21 0.000000
24 22 0.000000
24 23 0.000000
24 24 0.000000
24 25 0.000000
24 26 0.000000
24 27 0.000000
24 28 0.000000
24 29 0.000000
24 30 0.000000
24 31 0.000000
25 0 0.000000
25 1 0.000000
25 2 0.000000
25 3 0.000000
25 4 0.000000
25 5 0.000000
25 6 0.000000
25 7 0.000000
25 8 0.000000
25 9 0.000000
25 10 0.000000
25 11 0.000000
25 12 0.000000
25 13 0.000000
25 14 0.000000
25 15 0.000000
25 16 0.000000
25 17 0.000000
25 18 0.000000
25 19 0.000000
25 20 0.000000
25 21 0.000000
25 22 0.000000
25 23 0.000000
25 24 0.000000
25 25 0.000000
25 26 0.000000
25 27 0.000000
25 28 0.000000
25 29 0.000000
25 30 0.000000
25 31 0.000000
26 0 0.000000
26 1 0.000000
26 2 0.000000
26 3 0.000000
26 4 0.000000
26 5 0.000000
26 6 0.000000
26 7 0.000000
26 8 0.000000
26 9 0.000000
26 10 0.000000
26 11 0.000000
26 12 0.000000
26 13 0.000000
26 14 0.000000
26 15 0.000000
26 16 0.000000
26 17 0.000000
26 18 0.000000
26 19 0.000000
26 20 0.000000
26 21 0.000000
26 22 0.000000
26 23 0.000000
26 24 0.000000
26 25 0.000000
26 26 0.000000
26 27 0.000000
26 28 0.000000
26 29 0.000000
26 30 0.000000
26 31 0.000000
27 0 0.000000
27 1 0.000000
27 2 0.000000
27 3 0.000000
27 4 0.000000
27 5 0.000000
27 6 0.000000
27 7 0.000000
27 8 0.000000
27 9 0.000000
27 10 0.000000
27 11 0.000000
27 12 0.000000
27 13 0.000000
27 14 0.000000
27 15 0.000000
27 16 0.000000
27 17 0.000000
27 18 0.000000
27 19 0.000000
27 20 0.000000
27 21 0.000000
27 22 0.000000
27 23 0.000000
27 24 0.000000
27 25 0.000000
27 26 0.000000
27 27 0.000000
27 28 0.000000
27 29 0.000000
27 30 0.000000
27 31 0.000000
28 0 0.000000
28 1 0.000000
28 2 0.000000
28 3 0.000000
28 4 0.000000
28 5 0.000000
28 6 0.000000
28 7 0.000000
28 8 0.000000
28 9 0.000000
28 10 0.000000
28 11 0.000000
28 12 0.000000
28 13 0.000000
28 14 0.000000
28 15 0.000000
28 16 0.000000
28 17 0.000000
28 18 0.000000
28 19 0.000000
28 20 0.000000
28 21 0.000000
28 22 0.000000
28 23 0.000000
28 24 0.000000
28 25 0.000000
28 26 0.000000
28 27 0.000000
28 28 0.000000
28 29 0.000000
28 30 0.000000
28 31 0.000000
29 0 0.000000
29 1 0.000000
29 2 0.000000
29 3 0.000000
29 4 0.000000
29 5 0.000000
29 6 0.000000
29 7 0.000000
29 8 0.000000
29 9 0.000000
29 10 0.000000
29 11 0.000000
29 12 0.000000
29 13 0.000000
29 14 0.000000
29 15 0.000000
29 16 0.000000
29 17 0.000000
29 18 0.000000
29 19 0.000000
29 20 0.000000
29 21 0.000000
29 22 0.000000
29 23 0.000000
29 24 0.000000
29 25 0.000000
29 26 0.000000
29 27 0.000000
29 28 0.000000
29 29 0.000000
29 30 0.000000
29 31 0.000000
30 0 0.000000
30 1 0.000000
30 2 0.000000
30 3 0.000000
30 4 0.000000
30 5 0.000000
30 6 0.000000
30 7 0.000000
30 8 0.000000
30 9 0.000000
30 10 0.000000
30 11 0.000000
30 12 0.000000
30 13 0.000000
30 14 0.000000
30 15 0.000000
30 16 0.000000
30 17 0.000000
30 18 0.000000
30 19 0.000000
30 20 0.000000
30 21 0.000000
30 22 0.000000
30 23 0.000000
30 24 0.000000
30 25 0.000000
30 26 0.000000
30 27 0.000000
30 28 0.000000
30 29 0.000000
30 30 0.000000
30 31 0.000000
31 0 0.000000
31 1 0.000000
31 2 0.000000
31 3 0.000000
31 4 0.000000
31 5 0.000000
31 6 0.000000
31 7 0.000000
31 8 0.000000
31 9 0.000000
31 10 0.000000
31 11 0.000000
31 12 0.000000
31 13 0.000000
31 14 0.000000
31 15 0.000000
31 16 0.000000
31 17 0.000000
31 18 0.000000
31 19 0.000000
31 20 0.000000
31 21 0.000000
31 22 0.000000
31 23 0.000000
31 24 0.000000
31 25 0.000000
31 26 0.000000
31 27 0.000000
31 28 0.000000
31 29 0.000000
31 30 0.000000
31 31 0.000000
