0 0 2.699997
0 1 3.050001
0 2 3.050001
0 3 3.050001
0 4 3.050001
0 5 3.050001
0 6 3.050001
0 7 3.050001
0 8 3.050001
0 9 3.050001
0 10 3.050001
0 11 3.050001
0 12 3.050001
0 13 3.050001
0 14 3.050001
0 15 3.050001
0 16 3.050001
0 17 3.050000
0 18 3.050001
0 19 3.050001
0 20 3.050001
0 21 3.050000
0 22 3.050000
0 23 3.050001
0 24 3.050001
0 25 3.050001
0 26 3.050001
0 27 3.050001
0 28 3.050000
0 29 3.050001
0 30 3.050000
0 31 3.050001
1 0 4.266548
1 1 4.283519
1 2 4.346282
1 3 4.357595
1 4 4.422297
1 5 4.439267
1 6 4.456239
1 7 4.473208
1 8 4.490179
1 9 4.607151
1 10 4.624121
1 11 4.641090
1 12 4.658062
1 13 4.675032
1 14 4.740624
1 15 4.751939
1 16 4.813812
1 17 4.830783
1 18 4.847754
1 19 4.864725
1 20 4.881695
1 21 4.898666
1 22 5.015635
1 23 5.032606
1 24 5.049578
1 25 5.066547
1 26 5.083518
1 27 5.146281
1 28 5.157597
1 29 5.222298
1 30 5.239268
1 31 5.256238
2 0 3.080669
2 1 3.020734
2 2 3.009419
2 3 2.998106
2 4 2.986792
2 5 2.975478
2 6 2.917438
2 7 2.911782
2 8 2.906124
2 9 2.900467
2 10 2.894810
2 11 2.889153
2 12 2.883497
2 13 2.826390
2 14 2.815076
2 15 2.803763
2 16 2.792449
2 17 2.781135
2 18 2.669821
2 19 2.658508
2 20 2.647193
2 21 2.635880
2 22 2.624566
2 23 2.613252
2 24 2.601939
2 25 2.590625
2 26 2.525033
2 27 2.508062
2 28 2.491092
2 29 2.474121
2 30 2.457151
2 31 2.340180
3 0 0.000000
3 1 0.000000
3 2 0.000000
3 3 0.000000
3 4 0.000000
3 5 0.000000
3 6 0.000000
3 7 0.000000
3 8 0.000000
3 9 0.000000
3 10 0.000000
3 11 0.000000
3 12 0.000000
3 13 0.000000
3 14 0.000000
3 15 0.000000
3 16 0.000000
3 17 0.000000
3 18 0.000000
3 19 0.000000
3 20 0.000000
3 21 0.000000
3 22 0.000000
3 23 0.000000
3 24 0.000000
3 25 0.000000
3 26 0.000000
3 27 0.000000
3 28 0.000000
3 29 0.000000
3 30 0.000000
3 31 0.000000
4 0 0.000000
4 1 0.000000
4 2 0.000000
4 3 0.000000
4 4 0.000000
4 5 0.000000
4 6 0.000000
4 7 0.000000
4 8 0.000000
4 9 0.000000
4 10 0.000000
4 11 0.000000
4 12 0.000000
4 13 0.000000
4 14 0.000000
4 15 0.000000
4 16 0.000000
4 17 0.000000
4 18 0.000000
4 19 0.000000
4 20 0.000000
4 21 0.000000
4 22 0.000000
4 23 0.000000
4 24 0.000000
4 25 0.000000
4 26 0.000000
4 27 0.000000
4 28 0.000000
4 29 0.000000
4 30 0.000000
4 31 0.000000
5 0 0.000000
5 1 0.000000
5 2 0.000000
5 3 0.000000
5 4 0.000000
5 5 0.000000
5 6 0.000000
5 7 0.000000
5 8 0.000000
5 9 0.000000
5 10 0.000000
5 11 0.000000
5 12 0.000000
5 13 0.000000
5 14 0.000000
5 15 0.000000
5 16 0.000000
5 17 0.000000
5 18 0.000000
5 19 0.000000
5 20 0.000000
5 21 0.000000
5 22 0.000000
5 23 0.000000
5 24 0.000000
5 25 0.000000
5 26 0.000000
5 27 0.000000
5 28 0.000000
5 29 0.000000
5 30 0.000000
5 31 0.000000
6 0 0.000000
6 1 0.000000
6 2 0.000000
6 3 0.000000
6 4 0.000000
6 5 0.000000
6 6 0.000000
6 7 0.000000
6 8 0.000000
6 9 0.000000
6 10 0.000000
6 11 0.000000
6 12 0.000000
6 13 0.000000
6 14 0.000000
6 15 0.000000
6 16 0.000000
6 17 0.000000
6 18 0.000000
6 19 0.000000
6 20 0.000000
6 21 0.000000
6 22 0.000000
6 23 0.000000
6 24 0.000000
6 25 0.000000
6 26 0.000000
6 27 0.000000
6 28 0.000000
6 29 0.000000
6 30 0.000000
6 31 0.000000
7 0 0.000000
7 1 0.000000
7 2 0.000000
7 3 0.000000
7 4 0.000000
7 5 0.000000
7 6 0.000000
7 7 0.000000
7 8 0.000000
7 9 0.000000
7 10 0.000000
7 11 0.000000
7 12 0.000000
7 13 0.000000
7 14 0.000000
7 15 0.000000
7 16 0.000000
7 17 0.000000
7 18 0.000000
7 19 0.000000
7 20 0.000000
7 21 0.000000
7 22 0.000000
7 23 0.000000
7 24 0.000000
7 25 0.000000
7 26 0.000000
7 27 0.000000
7 28 0.000000
7 29 0.000000
7 30 0.000000
7 31 0.000000
8 0 0.000000
8 1 0.000000
8 2 0.000000
8 3 0.000000
8 4 0.000000
8 5 0.000000
8 6 0.000000
8 7 0.000000
8 8 116645743357487919136768.000000
8 9 5858239611087081177088.000000
8 10 -6792140369765785927680.000000
8 11 512110834840559532638208.000000
8 12 -4891939393739119656960.000000
8 13 7011651445103358115840.000000
8 14 -4163204056734951800832.000000
8 15 -12941962723977202761728.000000
8 16 -12502529619836060827648.000000
8 17 -9721378957749498413056.000000
8 18 -11681046026205918134272.000000
8 19 -50799068069266261540864.000000
8 20 -13721229574700374425600.000000
8 21 505732728961886379311104.000000
8 22 -67328197436039965442048.000000
8 23 -37627493821887201411072.000000
8 24 0.000000
8 25 0.000000
8 26 0.000000
8 27 0.000000
8 28 0.000000
8 29 0.000000
8 30 0.000000
8 31 0.000000
9 0 0.000000
9 1 0.000000
9 2 0.000000
9 3 0.000000
9 4 0.000000
9 5 0.000000
9 6 0.000000
9 7 0.000000
9 8 65689909488792518000640.000000
9 9 4049181921369185583104.000000
9 10 31694176953212040380416.000000
9 11 21879916882647559700480.000000
9 12 19076131128833833172992.000000
9 13 2210333905278652645376.000000
9 14 -1035425405078517841920.000000
9 15 -8927215325358891991040.000000
9 16 -8718034944616554299392.000000
9 17 -7076961520999578206208.000000
9 18 -7368393393536396951552.000000
9 19 -23025294857878561095680.000000
9 20 -41621601223413273198592.000000
9 21 -20778023413618634129408.000000
9 22 -32310715238599433912320.000000
9 23 -18662765985235818512384.000000
9 24 0.000000
9 25 0.000000
9 26 0.000000
9 27 0.000000
9 28 0.000000
9 29 0.000000
9 30 0.000000
9 31 0.000000
10 0 0.000000
10 1 0.000000
10 2 0.000000
10 3 0.000000
10 4 0.000000
10 5 0.000000
10 6 0.000000
10 7 0.000000
10 8 65583813688770923855872.000000
10 9 3924859490705669619712.000000
10 10 27305671317918624776192.000000
10 11 26257823296217958842368.000000
10 12 8082593362743226531840.000000
10 13 1046675326578945163264.000000
10 14 -3260052187462072532992.000000
10 15 -9051583917918588502016.000000
10 16 -7687325371297846788096.000000
10 17 -8402323603538627788800.000000
10 18 -6593219751924551647232.000000
10 19 -21207405609291391959040.000000
10 20 -24319111476827694039040.000000
10 21 -47634433647109287706624.000000
10 22 -35081214887567265103872.000000
10 23 -18352234909629274914816.000000
10 24 0.000000
10 25 0.000000
10 26 0.000000
10 27 0.000000
10 28 0.000000
10 29 0.000000
10 30 0.000000
10 31 0.000000
11 0 0.000000
11 1 0.000000
11 2 0.000000
11 3 0.000000
11 4 0.000000
11 5 0.000000
11 6 0.000000
11 7 0.000000
11 8 539624369799279442657280.000000
11 9 23593372159475634405376.000000
11 10 23529427800166414417920.000000
11 11 12522084249418103521280.000000
11 12 5837194290028378849280.000000
11 13 1836347251659947114496.000000
11 14 -3073973583958285221888.000000
11 15 -9039018312008271396864.000000
11 16 -7079771204217103974400.000000
11 17 -7933574317623117611008.000000
11 18 -6693018393767174995968.000000
11 19 -22351011418069023064064.000000
11 20 -20315186228113954570240.000000
11 21 -38847446903347830849536.000000
11 22 -49099936491053038698496.000000
11 23 -29474530589066404036608.000000
11 24 0.000000
11 25 0.000000
11 26 0.000000
11 27 0.000000
11 28 0.000000
11 29 0.000000
11 30 0.000000
11 31 0.000000
12 0 0.000000
12 1 0.000000
12 2 0.000000
12 3 0.000000
12 4 0.000000
12 5 0.000000
12 6 0.000000
12 7 0.000000
12 8 94177473967720864153600.000000
12 9 31089728581024322945024.000000
12 10 10105780326243986571264.000000
12 11 10676966237483852365824.000000
12 12 5498693608936050786304.000000
12 13 2768364379794504155136.000000
12 14 -2611740162278650019840.000000
12 15 -8687712771275422171136.000000
12 16 -8152016913949096148992.000000
12 17 -7678118324809641230336.000000
12 18 -5755098172421042077696.000000
12 19 -23497839552380037758976.000000
12 20 -19474089458106613366784.000000
12 21 -40443468568092406185984.000000
12 22 -37214218750281734160384.000000
12 23 -26723729684868691394560.000000
12 24 0.000000
12 25 0.000000
12 26 0.000000
12 27 0.000000
12 28 0.000000
12 29 0.000000
12 30 0.000000
12 31 0.000000
13 0 0.000000
13 1 0.000000
13 2 0.000000
13 3 0.000000
13 4 0.000000
13 5 0.000000
13 6 0.000000
13 7 0.000000
13 8 103419121611863509434368.000000
13 9 23155232714327454646272.000000
13 10 12554817537409739128832.000000
13 11 9768249044971450007552.000000
13 12 5694105922667563450368.000000
13 13 3092402313633485291520.000000
13 14 -3824289044476905652224.000000
13 15 -6017801019984911007744.000000
13 16 -6448338951912042790912.000000
13 17 -7197753129555235700736.000000
13 18 -9848986201391227731968.000000
13 19 -24883567884324361469952.000000
13 20 -24386681233836947275776.000000
13 21 -43658669406865495949312.000000
13 22 -26110501545207415177216.000000
13 23 -12927727971454991466496.000000
13 24 0.000000
13 25 0.000000
13 26 0.000000
13 27 0.000000
13 28 0.000000
13 29 0.000000
13 30 0.000000
13 31 0.000000
14 0 0.000000
14 1 0.000000
14 2 0.000000
14 3 0.000000
14 4 0.000000
14 5 0.000000
14 6 0.000000
14 7 0.000000
14 8 89958204599224777048064.000000
14 9 21604289830053044289536.000000
14 10 13304132072911176466432.000000
14 11 10709571172886107914240.000000
14 12 5473282048038612762624.000000
14 13 3031060471958932029440.000000
14 14 -4070288603972810833920.000000
14 15 -5636700790017285423104.000000
14 16 -6052296341330755321856.000000
14 17 -6575551004686470348800.000000
14 18 -11750016402699283595264.000000
14 19 -24189405555759610068992.000000
14 20 -23750779721851674296320.000000
14 21 -41697806632708009361408.000000
14 22 -25423900760417018839040.000000
14 23 -11461109360703559434240.000000
14 24 0.000000
14 25 0.000000
14 26 0.000000
14 27 0.000000
14 28 0.000000
14 29 0.000000
14 30 0.000000
14 31 0.000000
15 0 0.000000
15 1 0.000000
15 2 0.000000
15 3 0.000000
15 4 0.000000
15 5 0.000000
15 6 0.000000
15 7 0.000000
15 8 120919046914313197453312.000000
15 9 23229641187370869981184.000000
15 10 13863977920289323352064.000000
15 11 10123706904560734830592.000000
15 12 5394538297403899904000.000000
15 13 4000778921424067756032.000000
15 14 -3562931084351760236544.000000
15 15 -5477710775322178224128.000000
15 16 -6490806770498239725568.000000
15 17 -5329671263121022386176.000000
15 18 -12919356905647616557056.000000
15 19 -24033799433234518376448.000000
15 20 -23762198598706872188928.000000
15 21 -40907357344110076755968.000000
15 22 -24876242779530443358208.000000
15 23 -11195831580052741423104.000000
15 24 0.000000
15 25 0.000000
15 26 0.000000
15 27 0.000000
15 28 0.000000
15 29 0.000000
15 30 0.000000
15 31 0.000000
16 0 0.000000
16 1 0.000000
16 2 0.000000
16 3 0.000000
16 4 0.000000
16 5 0.000000
16 6 0.000000
16 7 0.000000
16 8 2771919309671167938265088.000000
16 9 28140219854067769278464.000000
16 10 14198036926249157263360.000000
16 11 9095791814810810712064.000000
16 12 6484531567367452360704.000000
16 13 3475323686700428820480.000000
16 14 -3709095410258069684224.000000
16 15 -4145331240138755276800.000000
16 16 -6321594147598954921984.000000
16 17 -6221640131569187291136.000000
16 18 -13238724043723061067776.000000
16 19 -22303984830760020344832.000000
16 20 -25748245501980614590464.000000
16 21 -40444202654831667576832.000000
16 22 -23798148582732357173248.000000
16 23 -11307411638520565989376.000000
16 24 0.000000
16 25 0.000000
16 26 0.000000
16 27 0.000000
16 28 0.000000
16 29 0.000000
16 30 0.000000
16 31 0.000000
17 0 0.000000
17 1 0.000000
17 2 0.000000
17 3 0.000000
17 4 0.000000
17 5 0.000000
17 6 0.000000
17 7 0.000000
17 8 8273919785712807313408.000000
17 9 28001065380981462007808.000000
17 10 14826705657232873226240.000000
17 11 10556145918480570384384.000000
17 12 7170856506680672256000.000000
17 13 2656818379798861578240.000000
17 14 -3448169514222175125504.000000
17 15 -3989998992766003052544.000000
17 16 -6840310308430187331584.000000
17 17 -5895216978777560055808.000000
17 18 -14600577668142786936832.000000
17 19 -21116318055028009992192.000000
17 20 -27185531042459075739648.000000
17 21 -39851407346679771299840.000000
17 22 -23069378342831077195776.000000
17 23 -10790432178295638327296.000000
17 24 0.000000
17 25 0.000000
17 26 0.000000
17 27 0.000000
17 28 0.000000
17 29 0.000000
17 30 0.000000
17 31 0.000000
18 0 0.000000
18 1 0.000000
18 2 0.000000
18 3 0.000000
18 4 0.000000
18 5 0.000000
18 6 0.000000
18 7 0.000000
18 8 9864726282088887615488.000000
18 9 28653094283232348733440.000000
18 10 15800744184640564101120.000000
18 11 10225855299508938735616.000000
18 12 5921700959336265678848.000000
18 13 2295676133054905057280.000000
18 14 -2858978493147058798592.000000
18 15 -4629240486824924676096.000000
18 16 -6269460478312514060288.000000
18 17 -3760701032488201355264.000000
18 18 -15913039189549233733632.000000
18 19 -20519757737587631980544.000000
18 20 -27591303117085343744000.000000
18 21 -39031977394479709552640.000000
18 22 -22324922065427665780736.000000
18 23 -10358156419862294953984.000000
18 24 0.000000
18 25 0.000000
18 26 0.000000
18 27 0.000000
18 28 0.000000
18 29 0.000000
18 30 0.000000
18 31 0.000000
19 0 0.000000
19 1 0.000000
19 2 0.000000
19 3 0.000000
19 4 0.000000
19 5 0.000000
19 6 0.000000
19 7 0.000000
19 8 24078515673934680031232.000000
19 9 32277084608382044733440.000000
19 10 16570272001169547067392.000000
19 11 9054757266806024437760.000000
19 12 6546963843101782704128.000000
19 13 2394410518010585415680.000000
19 14 -2378158152855312138240.000000
19 15 -4601784291696660447232.000000
19 16 -5921246658723854680064.000000
19 17 -4237919900452935172096.000000
19 18 -17032366092735710494720.000000
19 19 -19102614546442585374720.000000
19 20 -29356923588397250904064.000000
19 21 -37815104775164201533440.000000
19 22 -21321533579248401383424.000000
19 23 -10850049704262862110720.000000
19 24 0.000000
19 25 0.000000
19 26 0.000000
19 27 0.000000
19 28 0.000000
19 29 0.000000
19 30 0.000000
19 31 0.000000
20 0 0.000000
20 1 0.000000
20 2 0.000000
20 3 0.000000
20 4 0.000000
20 5 0.000000
20 6 0.000000
20 7 0.000000
20 8 34113724594017770930176.000000
20 9 47346896825300191019008.000000
20 10 17782393322878179213312.000000
20 11 9383858935476030275584.000000
20 12 6072031677847846256640.000000
20 13 1327148041266278694912.000000
20 14 -1190379209345082589184.000000
20 15 -3124585880995604987904.000000
20 16 -5835315726033811931136.000000
20 17 -5189877841837581926400.000000
20 18 -17245334563714620194816.000000
20 19 -17917866103269111103488.000000
20 20 -30660395924947466190848.000000
20 21 -36976171984777811853312.000000
20 22 -20875546611749528535040.000000
20 23 -16024559575321995640832.000000
20 24 0.000000
20 25 0.000000
20 26 0.000000
20 27 0.000000
20 28 0.000000
20 29 0.000000
20 30 0.000000
20 31 0.000000
21 0 0.000000
21 1 0.000000
21 2 0.000000
21 3 0.000000
21 4 0.000000
21 5 0.000000
21 6 0.000000
21 7 0.000000
21 8 1361521033587244557926400.000000
21 9 50948168742129616551936.000000
21 10 33214756568798718853120.000000
21 11 11719102568957105668096.000000
21 12 5180849250484610924544.000000
21 13 1342156568499467583488.000000
21 14 -424712244334151335936.000000
21 15 -3937149532613786992640.000000
21 16 -5236599873221783715840.000000
21 17 -4629380661363326582784.000000
21 18 -18777583005935815622656.000000
21 19 -17071020488337431461888.000000
21 20 -31634864546119570948096.000000
21 21 -36595626823464259682304.000000
21 22 -25153243430011306770432.000000
21 23 -9644910087876561076224.000000
21 24 0.000000
21 25 0.000000
21 26 0.000000
21 27 0.000000
21 28 0.000000
21 29 0.000000
21 30 0.000000
21 31 0.000000
22 0 0.000000
22 1 0.000000
22 2 0.000000
22 3 0.000000
22 4 0.000000
22 5 0.000000
22 6 0.000000
22 7 0.000000
22 8 -1994818226497999863808.000000
22 9 20686224290614127624192.000000
22 10 58586872688900418043904.000000
22 11 26386254698591496962048.000000
22 12 6479247156154686504960.000000
22 13 2990372419650476572672.000000
22 14 -978298369705229942784.000000
22 15 -5247787940596078870528.000000
22 16 -4291949585182499012608.000000
22 17 -4264248788299473223680.000000
22 18 -18694565902204681584640.000000
22 19 -16920634037780462174208.000000
22 20 -32577555768320949485568.000000
22 21 -37007012635026045009920.000000
22 22 -30800104340787940032512.000000
22 23 -6374831198794101555200.000000
22 24 0.000000
22 25 0.000000
22 26 0.000000
22 27 0.000000
22 28 0.000000
22 29 0.000000
22 30 0.000000
22 31 0.000000
23 0 0.000000
23 1 0.000000
23 2 0.000000
23 3 0.000000
23 4 0.000000
23 5 0.000000
23 6 0.000000
23 7 0.000000
23 8 -1985502952881249058816.000000
23 9 21243583025098059153408.000000
23 10 5358999829794365898752.000000
23 11 38261366462240343982080.000000
23 12 22641554392629389557760.000000
23 13 4030547152011033313280.000000
23 14 -1577640926552904433664.000000
23 15 -3795458688512340000768.000000
23 16 -4280532960127114805248.000000
23 17 -5330385646611914031104.000000
23 18 -19318174839007046795264.000000
23 19 -17077686941685846638592.000000
23 20 -33374492492182109290496.000000
23 21 -47916786825747280953344.000000
23 22 -16392808783752919515136.000000
23 23 -8523709687245098188800.000000
23 24 0.000000
23 25 0.000000
23 26 0.000000
23 27 0.000000
23 28 0.000000
23 29 0.000000
23 30 0.000000
23 31 0.000000
24 0 0.000000
24 1 0.000000
24 2 0.000000
24 3 0.000000
24 4 0.000000
24 5 0.000000
24 6 0.000000
24 7 0.000000
24 8 0.000000
24 9 0.000000
24 10 0.000000
24 11 0.000000
24 12 0.000000
24 13 0.000000
24 14 0.000000
24 15 0.000000
24 16 0.000000
24 17 0.000000
24 18 0.000000
24 19 0.000000
24 20 0.000000
24 21 0.000000
24 22 0.000000
24 23 0.000000
24 24 0.000000
24 25 0.000000
24 26 0.000000
24 27 0.000000
24 28 0.000000
24 29 0.000000
24 30 0.000000
24 31 0.000000
25 0 0.000000
25 1 0.000000
25 2 0.000000
25 3 0.000000
25 4 0.000000
25 5 0.000000
25 6 0.000000
25 7 0.000000
25 8 0.000000
25 9 0.000000
25 10 0.000000
25 11 0.000000
25 12 0.000000
25 13 0.000000
25 14 0.000000
25 15 0.000000
25 16 0.000000
25 17 0.000000
25 18 0.000000
25 19 0.000000
25 20 0.000000
25 21 0.000000
25 22 0.000000
25 23 0.000000
25 24 0.000000
25 25 0.000000
25 26 0.000000
25 27 0.000000
25 28 0.000000
25 29 0.000000
25 30 0.000000
25 31 0.000000
26 0 0.000000
26 1 0.000000
26 2 0.000000
26 3 0.000000
26 4 0.000000
26 5 0.000000
26 6 0.000000
26 7 0.000000
26 8 0.000000
26 9 0.000000
26 10 0.000000
26 11 0.000000
26 12 0.000000
26 13 0.000000
26 14 0.000000
26 15 0.000000
26 16 0.000000
26 17 0.000000
26 18 0.000000
26 19 0.000000
26 20 0.000000
26 21 0.000000
26 22 0.000000
26 23 0.000000
26 24 0.000000
26 25 0.000000
26 26 0.000000
26 27 0.000000
26 28 0.000000
26 29 0.000000
26 30 0.000000
26 31 0.000000
27 0 0.000000
27 1 0.000000
27 2 0.000000
27 3 0.000000
27 4 0.000000
27 5 0.000000
27 6 0.000000
27 7 0.000000
27 8 0.000000
27 9 0.000000
27 10 0.000000
27 11 0.000000
27 12 0.000000
27 13 0.000000
27 14 0.000000
27 15 0.000000
27 16 0.000000
27 17 0.000000
27 18 0.000000
27 19 0.000000
27 20 0.000000
27 21 0.000000
27 22 0.000000
27 23 0.000000
27 24 0.000000
27 25 0.000000
27 26 0.000000
27 27 0.000000
27 28 0.000000
27 29 0.000000
27 30 0.000000
27 31 0.000000
28 0 0.000000
28 1 0.000000
28 2 0.000000
28 3 0.000000
28 4 0.000000
28 5 0.000000
28 6 0.000000
28 7 0.000000
28 8 0.000000
28 9 0.000000
28 10 0.000000
28 11 0.000000
28 12 0.000000
28 13 0.000000
28 14 0.000000
28 15 0.000000
28 16 0.000000
28 17 0.000000
28 18 0.000000
28 19 0.000000
28 20 0.000000
28 21 0.000000
28 22 0.000000
28 23 0.000000
28 24 0.000000
28 25 0.000000
28 26 0.000000
28 27 0.000000
28 28 0.000000
28 29 0.000000
28 30 0.000000
28 31 0.000000
29 0 0.000000
29 1 0.000000
29 2 0.000000
29 3 0.000000
29 4 0.000000
29 5 0.000000
29 6 0.000000
29 7 0.000000
29 8 0.000000
29 9 0.000000
29 10 0.000000
29 11 0.000000
29 12 0.000000
29 13 0.000000
29 14 0.000000
29 15 0.000000
29 16 0.000000
29 17 0.000000
29 18 0.000000
29 19 0.000000
29 20 0.000000
29 21 0.000000
29 22 0.000000
29 23 0.000000
29 24 0.000000
29 25 0.000000
29 26 0.000000
29 27 0.000000
29 28 0.000000
29 29 0.000000
29 30 0.000000
29 31 0.000000
30 0 0.000000
30 1 0.000000
30 2 0.000000
30 3 0.000000
30 4 0.000000
30 5 0.000000
30 6 0.000000
30 7 0.000000
30 8 0.000000
30 9 0.000000
30 10 0.000000
30 11 0.000000
30 12 0.000000
30 13 0.000000
30 14 0.000000
30 15 0.000000
30 16 0.000000
30 17 0.000000
30 18 0.000000
30 19 0.000000
30 20 0.000000
30 21 0.000000
30 22 0.000000
30 23 0.000000
30 24 0.000000
30 25 0.000000
30 26 0.000000
30 27 0.000000
30 28 0.000000
30 29 0.000000
30 30 0.000000
30 31 0.000000
31 0 0.000000
31 1 0.000000
31 2 0.000000
31 3 0.000000
31 4 0.000000
31 5 0.000000
31 6 0.000000
31 7 0.000000
31 8 0.000000
31 9 0.000000
31 10 0.000000
31 11 0.000000
31 12 0.000000
31 13 0.000000
31 14 0.000000
31 15 0.000000
31 16 0.000000
31 17 0.000000
31 18 0.000000
31 19 0.000000
31 20 0.000000
31 21 0.000000
31 22 0.000000
31 23 0.000000
31 24 0.000000
31 25 0.000000
31 26 0.000000
31 27 0.000000
31 28 0.000000
31 29 0.000000
31 30 0.000000
31 31 0.000000
