0 0 2.699997
0 1 3.050001
0 2 3.050001
0 3 3.050001
0 4 3.050001
0 5 3.050001
0 6 3.050001
0 7 3.050001
0 8 3.050001
0 9 3.050001
0 10 3.050001
0 11 3.050001
0 12 3.050001
0 13 3.050001
0 14 3.050001
0 15 3.050001
0 16 3.050001
0 17 3.050000
0 18 3.050001
0 19 3.050001
0 20 3.050001
0 21 3.050000
0 22 3.050000
0 23 3.050001
0 24 3.050001
0 25 3.050001
0 26 3.050001
0 27 3.050001
0 28 3.050000
0 29 3.050001
0 30 3.050000
0 31 3.050001
1 0 4.266548
1 1 4.283519
1 2 4.346282
1 3 4.357595
1 4 4.422297
1 5 4.439267
1 6 4.456239
1 7 4.473208
1 8 4.490179
1 9 4.607151
1 10 4.624121
1 11 4.641090
1 12 4.658062
1 13 4.675032
1 14 4.740624
1 15 4.751939
1 16 4.813812
1 17 4.830783
1 18 4.847754
1 19 4.864725
1 20 4.881695
1 21 4.898666
1 22 5.015635
1 23 5.032606
1 24 5.049578
1 25 5.066547
1 26 5.083518
1 27 5.146281
1 28 5.157597
1 29 5.222298
1 30 5.239268
1 31 5.256238
2 0 3.080669
2 1 3.020734
2 2 3.009419
2 3 2.998106
2 4 2.986792
2 5 2.975478
2 6 2.917438
2 7 2.911782
2 8 2.906124
2 9 2.900467
2 10 2.894810
2 11 2.889153
2 12 2.883497
2 13 2.826390
2 14 2.815076
2 15 2.803763
2 16 2.792449
2 17 2.781135
2 18 2.669821
2 19 2.658508
2 20 2.647193
2 21 2.635880
2 22 2.624566
2 23 2.613252
2 24 2.601939
2 25 2.590625
2 26 2.525033
2 27 2.508062
2 28 2.491092
2 29 2.474121
2 30 2.457151
2 31 2.340180
3 0 0.000000
3 1 0.000000
3 2 0.000000
3 3 0.000000
3 4 0.000000
3 5 0.000000
3 6 0.000000
3 7 0.000000
3 8 0.000000
3 9 0.000000
3 10 0.000000
3 11 0.000000
3 12 0.000000
3 13 0.000000
3 14 0.000000
3 15 0.000000
3 16 0.000000
3 17 0.000000
3 18 0.000000
3 19 0.000000
3 20 0.000000
3 21 0.000000
3 22 0.000000
3 23 0.000000
3 24 0.000000
3 25 0.000000
3 26 0.000000
3 27 0.000000
3 28 0.000000
3 29 0.000000
3 30 0.000000
3 31 0.000000
4 0 0.000000
4 1 0.000000
4 2 0.000000
4 3 0.000000
4 4 0.000000
4 5 0.000000
4 6 0.000000
4 7 0.000000
4 8 0.000000
4 9 0.000000
4 10 0.000000
4 11 0.000000
4 12 0.000000
4 13 0.000000
4 14 0.000000
4 15 0.000000
4 16 0.000000
4 17 0.000000
4 18 0.000000
4 19 0.000000
4 20 0.000000
4 21 0.000000
4 22 0.000000
4 23 0.000000
4 24 0.000000
4 25 0.000000
4 26 0.000000
4 27 0.000000
4 28 0.000000
4 29 0.000000
4 30 0.000000
4 31 0.000000
5 0 0.000000
5 1 0.000000
5 2 0.000000
5 3 0.000000
5 4 0.000000
5 5 0.000000
5 6 0.000000
5 7 0.000000
5 8 0.000000
5 9 0.000000
5 10 0.000000
5 11 0.000000
5 12 0.000000
5 13 0.000000
5 14 0.000000
5 15 0.000000
5 16 0.000000
5 17 0.000000
5 18 0.000000
5 19 0.000000
5 20 0.000000
5 21 0.000000
5 22 0.000000
5 23 0.000000
5 24 0.000000
5 25 0.000000
5 26 0.000000
5 27 0.000000
5 28 0.000000
5 29 0.000000
5 30 0.000000
5 31 0.000000
6 0 0.000000
6 1 0.000000
6 2 0.000000
6 3 0.000000
6 4 0.000000
6 5 0.000000
6 6 0.000000
6 7 0.000000
6 8 0.000000
6 9 0.000000
6 10 0.000000
6 11 0.000000
6 12 0.000000
6 13 0.000000
6 14 0.000000
6 15 0.000000
6 16 0.000000
6 17 0.000000
6 18 0.000000
6 19 0.000000
6 20 0.000000
6 21 0.000000
6 22 0.000000
6 23 0.000000
6 24 0.000000
6 25 0.000000
6 26 0.000000
6 27 0.000000
6 28 0.000000
6 29 0.000000
6 30 0.000000
6 31 0.000000
7 0 0.000000
7 1 0.000000
7 2 0.000000
7 3 0.000000
7 4 0.000000
7 5 0.000000
7 6 0.000000
7 7 0.000000
7 8 0.000000
7 9 0.000000
7 10 0.000000
7 11 0.000000
7 12 0.000000
7 13 0.000000
7 14 0.000000
7 15 0.000000
7 16 0.000000
7 17 0.000000
7 18 0.000000
7 19 0.000000
7 20 0.000000
7 21 0.000000
7 22 0.000000
7 23 0.000000
7 24 0.000000
7 25 0.000000
7 26 0.000000
7 27 0.000000
7 28 0.000000
7 29 0.000000
7 30 0.000000
7 31 0.000000
8 0 0.000000
8 1 0.000000
8 2 0.000000
8 3 0.000000
8 4 0.000000
8 5 0.000000
8 6 0.000000
8 7 0.000000
8 8 2210598773231737372672.000000
8 9 111021805628077113344.000000
8 10 -128720512358992052224.000000
8 11 9705214412786958860288.000000
8 12 -92709087623746945024.000000
8 13 132880545389008125952.000000
8 14 -78898509095345586176.000000
8 15 -245268181953294630912.000000
8 16 -236940340147030851584.000000
8 17 -184233658176751271936.000000
8 18 -221372082330466779136.000000
8 19 -962713170613505097728.000000
8 20 -260036399925116796928.000000
8 21 9584340050588148432896.000000
8 22 -1275962942651352743936.000000
8 23 -713093350335891636224.000000
8 24 0.000000
8 25 0.000000
8 26 0.000000
8 27 0.000000
8 28 0.000000
8 29 0.000000
8 30 0.000000
8 31 0.000000
9 0 0.000000
9 1 0.000000
9 2 0.000000
9 3 0.000000
9 4 0.000000
9 5 0.000000
9 6 0.000000
9 7 0.000000
9 8 1244914986082772189184.000000
9 9 76737625699137880064.000000
9 10 600648741477100290048.000000
9 11 414654897125674975232.000000
9 12 361519176922144178176.000000
9 13 41888908121986826240.000000
9 14 -19622755322499694592.000000
9 15 -169183138395474362368.000000
9 16 -165218897600039616512.000000
9 17 -134118287618628124672.000000
9 18 -139641292854621372416.000000
9 19 -436361438089042722816.000000
9 20 -788787249229200359424.000000
9 21 -393772444525371850752.000000
9 22 -612332978866592153600.000000
9 23 -353685376476565733376.000000
9 24 0.000000
9 25 0.000000
9 26 0.000000
9 27 0.000000
9 28 0.000000
9 29 0.000000
9 30 0.000000
9 31 0.000000
10 0 0.000000
10 1 0.000000
10 2 0.000000
10 3 0.000000
10 4 0.000000
10 5 0.000000
10 6 0.000000
10 7 0.000000
10 8 1242904691799104684032.000000
10 9 74381521814395289600.000000
10 10 517480485683472629760.000000
10 11 497622320523419582464.000000
10 12 153176377749567176704.000000
10 13 19835961622241738752.000000
10 14 -61782534731058905088.000000
10 15 -171540139481705218048.000000
10 16 -145685519378738577408.000000
10 17 -159235724757589557248.000000
10 18 -124950665219348103168.000000
10 19 -401909815733332738048.000000
10 20 -460881004785284677632.000000
10 21 -902738875113300557824.000000
10 22 -664837843278570192896.000000
10 23 -347800403216615604224.000000
10 24 0.000000
10 25 0.000000
10 26 0.000000
10 27 0.000000
10 28 0.000000
10 29 0.000000
10 30 0.000000
10 31 0.000000
11 0 0.000000
11 1 0.000000
11 2 0.000000
11 3 0.000000
11 4 0.000000
11 5 0.000000
11 6 0.000000
11 7 0.000000
11 8 10226631044544753303552.000000
11 9 447127222629527715840.000000
11 10 445915437670416252928.000000
11 11 237310919546056474624.000000
11 12 110622946789985091584.000000
11 13 34801341820133441536.000000
11 14 -58256101873618518016.000000
11 15 -171301923690477780992.000000
11 16 -134171556757970616320.000000
11 17 -150352268939484987392.000000
11 18 -126842018733169311744.000000
11 19 -423582650068239384576.000000
11 20 -385001086116742299648.000000
11 21 -736213141972951498752.000000
11 22 -930512292540317696000.000000
11 23 -558583396923227504640.000000
11 24 0.000000
11 25 0.000000
11 26 0.000000
11 27 0.000000
11 28 0.000000
11 29 0.000000
11 30 0.000000
11 31 0.000000
12 0 0.000000
12 1 0.000000
12 2 0.000000
12 3 0.000000
12 4 0.000000
12 5 0.000000
12 6 0.000000
12 7 0.000000
12 8 1784793983775483625472.000000
12 9 589193624718650900480.000000
12 10 191518600009929981952.000000
12 11 202343335965849812992.000000
12 12 104207903372330663936.000000
12 13 52464362801657282560.000000
12 14 -49496099221080637440.000000
12 15 -164644231250712723456.000000
12 16 -154492044567270916096.000000
12 17 -145511048873643081728.000000
12 18 -109067093856216940544.000000
12 19 -445316775579324776448.000000
12 20 -369061123001245761536.000000
12 21 -766460020757813526528.000000
12 22 -705261309108917633024.000000
12 23 -506452014620972417024.000000
12 24 0.000000
12 25 0.000000
12 26 0.000000
12 27 0.000000
12 28 0.000000
12 29 0.000000
12 30 0.000000
12 31 0.000000
13 0 0.000000
13 1 0.000000
13 2 0.000000
13 3 0.000000
13 4 0.000000
13 5 0.000000
13 6 0.000000
13 7 0.000000
13 8 1959936299271643463680.000000
13 9 438823921922795896832.000000
13 10 237931272802540716032.000000
13 11 185121922834505924608.000000
13 12 107911225660447653888.000000
13 13 58605333154879242240.000000
13 14 -72475610766622326784.000000
13 15 -114045691302879690752.000000
13 16 -122205008762930987008.000000
13 17 -136407418051099623424.000000
13 18 -186651968031346917376.000000
13 19 -471578285353312714752.000000
13 20 -462161575191829807104.000000
13 21 -827392457078741139456.000000
13 22 -494830370229426585600.000000
13 23 -244998423372489555968.000000
13 24 0.000000
13 25 0.000000
13 26 0.000000
13 27 0.000000
13 28 0.000000
13 29 0.000000
13 30 0.000000
13 31 0.000000
14 0 0.000000
14 1 0.000000
14 2 0.000000
14 3 0.000000
14 4 0.000000
14 5 0.000000
14 6 0.000000
14 7 0.000000
14 8 1704832994603985534976.000000
14 9 409431390060994887680.000000
14 10 252131843707267710976.000000
14 11 202961296685032013824.000000
14 12 103726308483271753728.000000
14 13 57442806316692144128.000000
14 14 -77137628029322788864.000000
14 15 -106823324875460968448.000000
14 16 -114699443324569255936.000000
14 17 -124615859530643800064.000000
14 18 -222679181753566887936.000000
14 19 -458422918998042607616.000000
14 20 -450110294432707248128.000000
14 21 -790231426965958557696.000000
14 22 -481818274637302202368.000000
14 23 -217203983283149340672.000000
14 24 0.000000
14 25 0.000000
14 26 0.000000
14 27 0.000000
14 28 0.000000
14 29 0.000000
14 30 0.000000
14 31 0.000000
15 0 0.000000
15 1 0.000000
15 2 0.000000
15 3 0.000000
15 4 0.000000
15 5 0.000000
15 6 0.000000
15 7 0.000000
15 8 2291584049843485540352.000000
15 9 440234076371744194560.000000
15 10 262741691110655000576.000000
15 11 191858357899005788160.000000
15 12 102234007321589055488.000000
15 13 75820342730502963200.000000
15 14 -67522451620979802112.000000
15 15 -103810205618517573632.000000
15 16 -123009816090090930176.000000
15 17 -101004700545177354240.000000
15 18 -244839794630927056896.000000
15 19 -455474011220161331200.000000
15 20 -450326783874169831424.000000
15 21 -775251328705417445376.000000
15 22 -471439447821050183680.000000
15 23 -212176576316306358272.000000
15 24 0.000000
15 25 0.000000
15 26 0.000000
15 27 0.000000
15 28 0.000000
15 29 0.000000
15 30 0.000000
15 31 0.000000
16 0 0.000000
16 1 0.000000
16 2 0.000000
16 3 0.000000
16 4 0.000000
16 5 0.000000
16 6 0.000000
16 7 0.000000
16 8 52531733450304885096448.000000
16 9 533296423887356035072.000000
16 10 269072555918086897664.000000
16 11 172377896973326352384.000000
16 12 122890884116337655808.000000
16 13 65862255033735708672.000000
16 14 -70292526031626567680.000000
16 15 -78559815533525467136.000000
16 16 -119803006864798515200.000000
16 17 -117908724252000911360.000000
16 18 -250892245502020026368.000000
16 19 -422691570660717625344.000000
16 20 -487965125178709508096.000000
16 21 -766473813031672348672.000000
16 22 -451008058870925885440.000000
16 23 -214291157078845161472.000000
16 24 0.000000
16 25 0.000000
16 26 0.000000
16 27 0.000000
16 28 0.000000
16 29 0.000000
16 30 0.000000
16 31 0.000000
17 0 0.000000
17 1 0.000000
17 2 0.000000
17 3 0.000000
17 4 0.000000
17 5 0.000000
17 6 0.000000
17 7 0.000000
17 8 156802285622995714048.000000
17 9 530659214461809721344.000000
17 10 280986670402621145088.000000
17 11 200053660175610937344.000000
17 12 135897746033113825280.000000
17 13 50350428551955611648.000000
17 14 -65347578038820274176.000000
17 15 -75616018285690093568.000000
17 16 -129633370892836798464.000000
17 17 -111722555174784335872.000000
17 18 -276701266658759540736.000000
17 19 -400183600069910462464.000000
17 20 -515203775334348488704.000000
17 21 -755239583761196646400.000000
17 22 -437196855819919949824.000000
17 23 -204493716826989002752.000000
17 24 0.000000
17 25 0.000000
17 26 0.000000
17 27 0.000000
17 28 0.000000
17 29 0.000000
17 30 0.000000
17 31 0.000000
18 0 0.000000
18 1 0.000000
18 2 0.000000
18 3 0.000000
18 4 0.000000
18 5 0.000000
18 6 0.000000
18 7 0.000000
18 8 186950278730102079488.000000
18 9 543015965939407519744.000000
18 10 299446098442468720640.000000
18 11 193794184459147280384.000000
18 12 112224477834817568768.000000
18 13 43506276532305788928.000000
18 14 -54181610848243417088.000000
18 15 -87730560545828372480.000000
18 16 -118815020900451090432.000000
18 17 -71270510838207741952.000000
18 18 -301574225188261724160.000000
18 19 -388877946524094431232.000000
18 20 -522893601329339432960.000000
18 21 -739710327821093044224.000000
18 22 -423088344824763383808.000000
18 23 -196301457998569537536.000000
18 24 0.000000
18 25 0.000000
18 26 0.000000
18 27 0.000000
18 28 0.000000
18 29 0.000000
18 30 0.000000
18 31 0.000000
19 0 0.000000
19 1 0.000000
19 2 0.000000
19 3 0.000000
19 4 0.000000
19 5 0.000000
19 6 0.000000
19 7 0.000000
19 8 456321356453176672256.000000
19 9 611695649150575050752.000000
19 10 314029704013940785152.000000
19 11 171600234389232943104.000000
19 12 124074072977033920512.000000
19 13 45377443012641030144.000000
19 14 -45069399436956794880.000000
19 15 -87210210070913613824.000000
19 16 -112215866459748827136.000000
19 17 -80314486557874585600.000000
19 18 -322787023858106892288.000000
19 19 -362021081989991366656.000000
19 20 -556354502135772086272.000000
19 21 -716648801504212287488.000000
19 22 -404072739823121596416.000000
19 23 -205623539791319531520.000000
19 24 0.000000
19 25 0.000000
19 26 0.000000
19 27 0.000000
19 28 0.000000
19 29 0.000000
19 30 0.000000
19 31 0.000000
20 0 0.000000
20 1 0.000000
20 2 0.000000
20 3 0.000000
20 4 0.000000
20 5 0.000000
20 6 0.000000
20 7 0.000000
20 8 646502563295638061056.000000
20 9 897289519564182257664.000000
20 10 337001087969529954304.000000
20 11 177837192107559747584.000000
20 12 115073461995966562304.000000
20 13 25151317490259722240.000000
20 14 -22559339774056857600.000000
20 15 -59215236652853100544.000000
20 16 -110587331409338171392.000000
20 17 -98355361307353415680.000000
20 18 -326823163917905166336.000000
20 19 -339568491600852025344.000000
20 20 -581057203488736411648.000000
20 21 -700750109657175949312.000000
20 22 -395620644406826106880.000000
20 23 -303687680050893684736.000000
20 24 0.000000
20 25 0.000000
20 26 0.000000
20 27 0.000000
20 28 0.000000
20 29 0.000000
20 30 0.000000
20 31 0.000000
21 0 0.000000
21 1 0.000000
21 2 0.000000
21 3 0.000000
21 4 0.000000
21 5 0.000000
21 6 0.000000
21 7 0.000000
21 8 25802718791273474424832.000000
21 9 965538546060982484992.000000
21 10 629465868117760540672.000000
21 11 222093309181729701888.000000
21 12 98184312482443558912.000000
21 13 25435747954225840128.000000
21 14 -8048889109227241472.000000
21 15 -74614424765437313024.000000
21 16 -99240855195806072832.000000
21 17 -87733190577642012672.000000
21 18 -355861389152771637248.000000
21 19 -323519632853740552192.000000
21 20 -599524671157606285312.000000
21 21 -693538017066407165952.000000
21 22 -476688991321076006912.000000
21 23 -182784466666970415104.000000
21 24 0.000000
21 25 0.000000
21 26 0.000000
21 27 0.000000
21 28 0.000000
21 29 0.000000
21 30 0.000000
21 31 0.000000
22 0 0.000000
22 1 0.000000
22 2 0.000000
22 3 0.000000
22 4 0.000000
22 5 0.000000
22 6 0.000000
22 7 0.000000
22 8 -37804569870473363456.000000
22 9 392032788431811641344.000000
22 10 1110302674695644774400.000000
22 11 500056199462664536064.000000
22 12 122790758189465862144.000000
22 13 56671732006272368640.000000
22 14 -18540101407000756224.000000
22 15 -99452885018106396672.000000
22 16 -81338413358310752256.000000
22 17 -80813418546280267776.000000
22 18 -354288049586075336704.000000
22 19 -320669557977056804864.000000
22 20 -617390099035664154624.000000
22 21 -701334310971338915840.000000
22 22 -583704862672793108480.000000
22 23 -120811909938352750592.000000
22 24 0.000000
22 25 0.000000
22 26 0.000000
22 27 0.000000
22 28 0.000000
22 29 0.000000
22 30 0.000000
22 31 0.000000
23 0 0.000000
23 1 0.000000
23 2 0.000000
23 3 0.000000
23 4 0.000000
23 5 0.000000
23 6 0.000000
23 7 0.000000
23 8 -37628027885471137792.000000
23 9 402595418407855718400.000000
23 10 101560481682785566720.000000
23 11 725106139391949012992.000000
23 12 429088969115769503744.000000
23 13 76384488952575295488.000000
23 14 -29898472137322135552.000000
23 15 -71929237050501365760.000000
23 16 -81122064654336524288.000000
23 17 -101018237732338532352.000000
23 18 -366106269064481472512.000000
23 19 -323645909565167370240.000000
23 20 -632493061123539468288.000000
23 21 -908089855158058483712.000000
23 22 -310666535439085600768.000000
23 23 -161536166965687615488.000000
23 24 0.000000
23 25 0.000000
23 26 0.000000
23 27 0.000000
23 28 0.000000
23 29 0.000000
23 30 0.000000
23 31 0.000000
24 0 0.000000
24 1 0.000000
24 2 0.000000
24 3 0.000000
24 4 0.000000
24 5 0.000000
24 6 0.000000
24 7 0.000000
24 8 0.000000
24 9 0.000000
24 10 0.000000
24 11 0.000000
24 12 0.000000
24 13 0.000000
24 14 0.000000
24 15 0.000000
24 16 0.000000
24 17 0.000000
24 18 0.000000
24 19 0.000000
24 20 0.000000
24 21 0.000000
24 22 0.000000
24 23 0.000000
24 24 0.000000
24 25 0.000000
24 26 0.000000
24 27 0.000000
24 28 0.000000
24 29 0.000000
24 30 0.000000
24 31 0.000000
25 0 0.000000
25 1 0.000000
25 2 0.000000
25 3 0.000000
25 4 0.000000
25 5 0.000000
25 6 0.000000
25 7 0.000000
25 8 0.000000
25 9 0.000000
25 10 0.000000
25 11 0.000000
25 12 0.000000
25 13 0.000000
25 14 0.000000
25 15 0.000000
25 16 0.000000
25 17 0.000000
25 18 0.000000
25 19 0.000000
25 20 0.000000
25 21 0.000000
25 22 0.000000
25 23 0.000000
25 24 0.000000
25 25 0.000000
25 26 0.000000
25 27 0.000000
25 28 0.000000
25 29 0.000000
25 30 0.000000
25 31 0.000000
26 0 0.000000
26 1 0.000000
26 2 0.000000
26 3 0.000000
26 4 0.000000
26 5 0.000000
26 6 0.000000
26 7 0.000000
26 8 0.000000
26 9 0.000000
26 10 0.000000
26 11 0.000000
26 12 0.000000
26 13 0.000000
26 14 0.000000
26 15 0.000000
26 16 0.000000
26 17 0.000000
26 18 0.000000
26 19 0.000000
26 20 0.000000
26 21 0.000000
26 22 0.000000
26 23 0.000000
26 24 0.000000
26 25 0.000000
26 26 0.000000
26 27 0.000000
26 28 0.000000
26 29 0.000000
26 30 0.000000
26 31 0.000000
27 0 0.000000
27 1 0.000000
27 2 0.000000
27 3 0.000000
27 4 0.000000
27 5 0.000000
27 6 0.000000
27 7 0.000000
27 8 0.000000
27 9 0.000000
27 10 0.000000
27 11 0.000000
27 12 0.000000
27 13 0.000000
27 14 0.000000
27 15 0.000000
27 16 0.000000
27 17 0.000000
27 18 0.000000
27 19 0.000000
27 20 0.000000
27 21 0.000000
27 22 0.000000
27 23 0.000000
27 24 0.000000
27 25 0.000000
27 26 0.000000
27 27 0.000000
27 28 0.000000
27 29 0.000000
27 30 0.000000
27 31 0.000000
28 0 0.000000
28 1 0.000000
28 2 0.000000
28 3 0.000000
28 4 0.000000
28 5 0.000000
28 6 0.000000
28 7 0.000000
28 8 0.000000
28 9 0.000000
28 10 0.000000
28 11 0.000000
28 12 0.000000
28 13 0.000000
28 14 0.000000
28 15 0.000000
28 16 0.000000
28 17 0.000000
28 18 0.000000
28 19 0.000000
28 20 0.000000
28 21 0.000000
28 22 0.000000
28 23 0.000000
28 24 0.000000
28 25 0.000000
28 26 0.000000
28 27 0.000000
28 28 0.000000
28 29 0.000000
28 30 0.000000
28 31 0.000000
29 0 0.000000
29 1 0.000000
29 2 0.000000
29 3 0.000000
29 4 0.000000
29 5 0.000000
29 6 0.000000
29 7 0.000000
29 8 0.000000
29 9 0.000000
29 10 0.000000
29 11 0.000000
29 12 0.000000
29 13 0.000000
29 14 0.000000
29 15 0.000000
29 16 0.000000
29 17 0.000000
29 18 0.000000
29 19 0.000000
29 20 0.000000
29 21 0.000000
29 22 0.000000
29 23 0.000000
29 24 0.000000
29 25 0.000000
29 26 0.000000
29 27 0.000000
29 28 0.000000
29 29 0.000000
29 30 0.000000
29 31 0.000000
30 0 0.000000
30 1 0.000000
30 2 0.000000
30 3 0.000000
30 4 0.000000
30 5 0.000000
30 6 0.000000
30 7 0.000000
30 8 0.000000
30 9 0.000000
30 10 0.000000
30 11 0.000000
30 12 0.000000
30 13 0.000000
30 14 0.000000
30 15 0.000000
30 16 0.000000
30 17 0.000000
30 18 0.000000
30 19 0.000000
30 20 0.000000
30 21 0.000000
30 22 0.000000
30 23 0.000000
30 24 0.000000
30 25 0.000000
30 26 0.000000
30 27 0.000000
30 28 0.000000
30 29 0.000000
30 30 0.000000
30 31 0.000000
31 0 0.000000
31 1 0.000000
31 2 0.000000
31 3 0.000000
31 4 0.000000
31 5 0.000000
31 6 0.000000
31 7 0.000000
31 8 0.000000
31 9 0.000000
31 10 0.000000
31 11 0.000000
31 12 0.000000
31 13 0.000000
31 14 0.000000
31 15 0.000000
31 16 0.000000
31 17 0.000000
31 18 0.000000
31 19 0.000000
31 20 0.000000
31 21 0.000000
31 22 0.000000
31 23 0.000000
31 24 0.000000
31 25 0.000000
31 26 0.000000
31 27 0.000000
31 28 0.000000
31 29 0.000000
31 30 0.000000
31 31 0.000000
