0 0 2.699997
0 1 3.050001
0 2 3.050001
0 3 3.050001
0 4 3.050001
0 5 3.050001
0 6 3.050001
0 7 3.050001
0 8 3.050001
0 9 3.050001
0 10 3.050001
0 11 3.050001
0 12 3.050001
0 13 3.050001
0 14 3.050001
0 15 3.050001
0 16 3.050001
0 17 3.050000
0 18 3.050001
0 19 3.050001
0 20 3.050001
0 21 3.050000
0 22 3.050000
0 23 3.050001
0 24 3.050001
0 25 3.050001
0 26 3.050001
0 27 3.050001
0 28 3.050000
0 29 3.050001
0 30 3.050000
0 31 3.050001
1 0 4.266548
1 1 4.283519
1 2 4.346282
1 3 4.357595
1 4 4.422297
1 5 4.439267
1 6 4.456239
1 7 4.473208
1 8 4.490179
1 9 4.607151
1 10 4.624121
1 11 4.641090
1 12 4.658062
1 13 4.675032
1 14 4.740624
1 15 4.751939
1 16 4.813812
1 17 4.830783
1 18 4.847754
1 19 4.864725
1 20 4.881695
1 21 4.898666
1 22 5.015635
1 23 5.032606
1 24 5.049578
1 25 5.066547
1 26 5.083518
1 27 5.146281
1 28 5.157597
1 29 5.222298
1 30 5.239268
1 31 5.256238
2 0 3.080669
2 1 3.020734
2 2 3.009419
2 3 2.998106
2 4 2.986792
2 5 2.975478
2 6 2.917438
2 7 2.911782
2 8 2.906124
2 9 2.900467
2 10 2.894810
2 11 2.889153
2 12 2.883497
2 13 2.826390
2 14 2.815076
2 15 2.803763
2 16 2.792449
2 17 2.781135
2 18 2.669821
2 19 2.658508
2 20 2.647193
2 21 2.635880
2 22 2.624566
2 23 2.613252
2 24 2.601939
2 25 2.590625
2 26 2.525033
2 27 2.508062
2 28 2.491092
2 29 2.474121
2 30 2.457151
2 31 2.340180
3 0 0.000000
3 1 0.000000
3 2 0.000000
3 3 0.000000
3 4 0.000000
3 5 0.000000
3 6 0.000000
3 7 0.000000
3 8 0.000000
3 9 0.000000
3 10 0.000000
3 11 0.000000
3 12 0.000000
3 13 0.000000
3 14 0.000000
3 15 0.000000
3 16 0.000000
3 17 0.000000
3 18 0.000000
3 19 0.000000
3 20 0.000000
3 21 0.000000
3 22 0.000000
3 23 0.000000
3 24 0.000000
3 25 0.000000
3 26 0.000000
3 27 0.000000
3 28 0.000000
3 29 0.000000
3 30 0.000000
3 31 0.000000
4 0 0.000000
4 1 0.000000
4 2 0.000000
4 3 0.000000
4 4 0.000000
4 5 0.000000
4 6 0.000000
4 7 0.000000
4 8 0.000000
4 9 0.000000
4 10 0.000000
4 11 0.000000
4 12 0.000000
4 13 0.000000
4 14 0.000000
4 15 0.000000
4 16 0.000000
4 17 0.000000
4 18 0.000000
4 19 0.000000
4 20 0.000000
4 21 0.000000
4 22 0.000000
4 23 0.000000
4 24 0.000000
4 25 0.000000
4 26 0.000000
4 27 0.000000
4 28 0.000000
4 29 0.000000
4 30 0.000000
4 31 0.000000
5 0 0.000000
5 1 0.000000
5 2 0.000000
5 3 0.000000
5 4 0.000000
5 5 0.000000
5 6 0.000000
5 7 0.000000
5 8 0.000000
5 9 0.000000
5 10 0.000000
5 11 0.000000
5 12 0.000000
5 13 0.000000
5 14 0.000000
5 15 0.000000
5 16 0.000000
5 17 0.000000
5 18 0.000000
5 19 0.000000
5 20 0.000000
5 21 0.000000
5 22 0.000000
5 23 0.000000
5 24 0.000000
5 25 0.000000
5 26 0.000000
5 27 0.000000
5 28 0.000000
5 29 0.000000
5 30 0.000000
5 31 0.000000
6 0 0.000000
6 1 0.000000
6 2 0.000000
6 3 0.000000
6 4 0.000000
6 5 0.000000
6 6 0.000000
6 7 0.000000
6 8 0.000000
6 9 0.000000
6 10 0.000000
6 11 0.000000
6 12 0.000000
6 13 0.000000
6 14 0.000000
6 15 0.000000
6 16 0.000000
6 17 0.000000
6 18 0.000000
6 19 0.000000
6 20 0.000000
6 21 0.000000
6 22 0.000000
6 23 0.000000
6 24 0.000000
6 25 0.000000
6 26 0.000000
6 27 0.000000
6 28 0.000000
6 29 0.000000
6 30 0.000000
6 31 0.000000
7 0 0.000000
7 1 0.000000
7 2 0.000000
7 3 0.000000
7 4 0.000000
7 5 0.000000
7 6 0.000000
7 7 0.000000
7 8 0.000000
7 9 0.000000
7 10 0.000000
7 11 0.000000
7 12 0.000000
7 13 0.000000
7 14 0.000000
7 15 0.000000
7 16 0.000000
7 17 0.000000
7 18 0.000000
7 19 0.000000
7 20 0.000000
7 21 0.000000
7 22 0.000000
7 23 0.000000
7 24 0.000000
7 25 0.000000
7 26 0.000000
7 27 0.000000
7 28 0.000000
7 29 0.000000
7 30 0.000000
7 31 0.000000
8 0 0.000000
8 1 0.000000
8 2 0.000000
8 3 0.000000
8 4 0.000000
8 5 0.000000
8 6 0.000000
8 7 0.000000
8 8 48319503208026378076160.000000
8 9 2426725815661805699072.000000
8 10 -2813586149552838148096.000000
8 11 212137556847659843584000.000000
8 12 -2026444191931255750656.000000
8 13 2904516640779215568896.000000
8 14 -1724572131033262063616.000000
8 15 -5361097944270767128576.000000
8 16 -5179065825032172208128.000000
8 17 -4026998034029688651776.000000
8 18 -4838773837188057530368.000000
8 19 -21043080517887710986240.000000
8 20 -5683901891811848749056.000000
8 21 209495475090266668400640.000000
8 22 -27890130463160258265088.000000
8 23 -15586868238336739246080.000000
8 24 0.000000
8 25 0.000000
8 26 0.000000
8 27 0.000000
8 28 0.000000
8 29 0.000000
8 30 0.000000
8 31 0.000000
9 0 0.000000
9 1 0.000000
9 2 0.000000
9 3 0.000000
9 4 0.000000
9 5 0.000000
9 6 0.000000
9 7 0.000000
9 8 27211483035311798222848.000000
9 9 1677338800353865367552.000000
9 10 13129042252498173165568.000000
9 11 9063569685376881655808.000000
9 12 7902123992575329173504.000000
9 13 915612414648139120640.000000
9 14 -428915862005092450304.000000
9 15 -3698022747624225898496.000000
9 16 -3611371801943757291520.000000
9 17 -2931570889640736980992.000000
9 18 -3052294099777053786112.000000
9 19 -9538032913319618150400.000000
9 20 -17241392788140764168192.000000
9 21 -8607117478243906617344.000000
9 22 -13384438009666633465856.000000
9 23 -7730891505243168702464.000000
9 24 0.000000
9 25 0.000000
9 26 0.000000
9 27 0.000000
9 28 0.000000
9 29 0.000000
9 30 0.000000
9 31 0.000000
10 0 0.000000
10 1 0.000000
10 2 0.000000
10 3 0.000000
10 4 0.000000
10 5 0.000000
10 6 0.000000
10 7 0.000000
10 8 27167536910147916922880.000000
10 9 1625839153452465258496.000000
10 10 11311141744911935602688.000000
10 11 10877080309226339827712.000000
10 12 3348145410923206541312.000000
10 13 433576102457002426368.000000
10 14 -1350449384263316930560.000000
10 15 -3749541675561530687488.000000
10 16 -3184408883695827550208.000000
10 17 -3480590646464638615552.000000
10 18 -2731185194545723736064.000000
10 19 -8784986582576950935552.000000
10 20 -10073983786974844026880.000000
10 21 -19732156975754011213824.000000
10 22 -14532092554509270646784.000000
10 23 -7602256877936445489152.000000
10 24 0.000000
10 25 0.000000
10 26 0.000000
10 27 0.000000
10 28 0.000000
10 29 0.000000
10 30 0.000000
10 31 0.000000
11 0 0.000000
11 1 0.000000
11 2 0.000000
11 3 0.000000
11 4 0.000000
11 5 0.000000
11 6 0.000000
11 7 0.000000
11 8 223534798410247848329216.000000
11 9 9773352749249167622144.000000
11 10 9746865953940694892544.000000
11 11 5187166111911951466496.000000
11 12 2418007691208146550784.000000
11 13 760691261478872809472.000000
11 14 -1273367461891103784960.000000
11 15 -3744335795867267104768.000000
11 16 -2932735070144412254208.000000
11 17 -3286415978205722705920.000000
11 18 -2772525705850194493440.000000
11 19 -9258714597880519196672.000000
11 20 -8415393049657256968192.000000
11 21 -16092223907923423657984.000000
11 22 -20339230946524485648384.000000
11 23 -12209573841775330590720.000000
11 24 0.000000
11 25 0.000000
11 26 0.000000
11 27 0.000000
11 28 0.000000
11 29 0.000000
11 30 0.000000
11 31 0.000000
12 0 0.000000
12 1 0.000000
12 2 0.000000
12 3 0.000000
12 4 0.000000
12 5 0.000000
12 6 0.000000
12 7 0.000000
12 8 39012211095715180445696.000000
12 9 12878655624015255699456.000000
12 10 4186233213429510832128.000000
12 11 4422841923277418397696.000000
12 12 2277787131647547670528.000000
12 13 1146771628209440030720.000000
12 14 -1081890942390192046080.000000
12 15 -3598810418158090846208.000000
12 16 -3376902864868804132864.000000
12 17 -3180595179236374872064.000000
12 18 -2384000165996941803520.000000
12 19 -9733780745223369916416.000000
12 20 -8066975442185459073024.000000
12 21 -16753361340420667211776.000000
12 22 -15415674031601411424256.000000
12 23 -11070077567657675063296.000000
12 24 0.000000
12 25 0.000000
12 26 0.000000
12 27 0.000000
12 28 0.000000
12 29 0.000000
12 30 0.000000
12 31 0.000000
13 0 0.000000
13 1 0.000000
13 2 0.000000
13 3 0.000000
13 4 0.000000
13 5 0.000000
13 6 0.000000
13 7 0.000000
13 8 42840491455361843200000.000000
13 9 9591858810166043475968.000000
13 10 5200725887440010608640.000000
13 11 4046413896448212992000.000000
13 12 2358734972087393320960.000000
13 13 1281001344734473486336.000000
13 14 -1584179449524404617216.000000
13 15 -2492822614117932072960.000000
13 16 -2671169381486454374400.000000
13 17 -2981607570350683455488.000000
13 18 -4079859034655949848576.000000
13 19 -10307808427828106493952.000000
13 20 -10101974784558858502144.000000
13 21 -18085228872621453475840.000000
13 22 -10816053156575749079040.000000
13 23 -5355201606458632306688.000000
13 24 0.000000
13 25 0.000000
13 26 0.000000
13 27 0.000000
13 28 0.000000
13 29 0.000000
13 30 0.000000
13 31 0.000000
14 0 0.000000
14 1 0.000000
14 2 0.000000
14 3 0.000000
14 4 0.000000
14 5 0.000000
14 6 0.000000
14 7 0.000000
14 8 37264418123528219394048.000000
14 9 8949393864673831419904.000000
14 10 5511123543907593355264.000000
14 11 4436348781509855936512.000000
14 12 2267260248993545846784.000000
14 13 1255591050474430660608.000000
14 14 -1686081835342963408896.000000
14 15 -2334954840154970259456.000000
14 16 -2507112254260601946112.000000
14 17 -2723866000726316548096.000000
14 18 -4867344110274142535680.000000
14 19 -10020255843420314009600.000000
14 20 -9838558116454051348480.000000
14 21 -17272959643828910817280.000000
14 22 -10531635077508606459904.000000
14 23 -4747667142626259238912.000000
14 24 0.000000
14 25 0.000000
14 26 0.000000
14 27 0.000000
14 28 0.000000
14 29 0.000000
14 30 0.000000
14 31 0.000000
15 0 0.000000
15 1 0.000000
15 2 0.000000
15 3 0.000000
15 4 0.000000
15 5 0.000000
15 6 0.000000
15 7 0.000000
15 8 50089674566761743122432.000000
15 9 9622681446015767150592.000000
15 10 5743034717869176782848.000000
15 11 4193659649215044780032.000000
15 12 2234641662054919831552.000000
15 13 1657288915550300274688.000000
15 14 -1475913336694882959360.000000
15 15 -2269094762154257547264.000000
15 16 -2688761286055893663744.000000
15 17 -2207771075615702122496.000000
15 18 -5351733271795603603456.000000
15 19 -9955798073753573785600.000000
15 20 -9843289147862604054528.000000
15 21 -16945526558820845748224.000000
15 22 -10304771875779351937024.000000
15 23 -4637777622868558872576.000000
15 24 0.000000
15 25 0.000000
15 26 0.000000
15 27 0.000000
15 28 0.000000
15 29 0.000000
15 30 0.000000
15 31 0.000000
16 0 0.000000
16 1 0.000000
16 2 0.000000
16 3 0.000000
16 4 0.000000
16 5 0.000000
16 6 0.000000
16 7 0.000000
16 8 1148243957947468921962496.000000
16 9 11656845933608242774016.000000
16 10 5881416260669436592128.000000
16 11 3767854437546325966848.000000
16 12 2686162427595924176896.000000
16 13 1439623753109996568576.000000
16 14 -1536461278197623816192.000000
16 15 -1717168213245864968192.000000
16 16 -2618666135555592421376.000000
16 17 -2577260885006478213120.000000
16 18 -5484028762649425608704.000000
16 19 -9239236529492141801472.000000
16 20 -10665992091091857309696.000000
16 21 -16753664207495607877632.000000
16 22 -9858179174130597756928.000000
16 23 -4683998628794215694336.000000
16 24 0.000000
16 25 0.000000
16 26 0.000000
16 27 0.000000
16 28 0.000000
16 29 0.000000
16 30 0.000000
16 31 0.000000
17 0 0.000000
17 1 0.000000
17 2 0.000000
17 3 0.000000
17 4 0.000000
17 5 0.000000
17 6 0.000000
17 7 0.000000
17 8 3427400320115625951232.000000
17 9 11599203236077620953088.000000
17 10 6141835783222228680704.000000
17 11 4372793420618450075648.000000
17 12 2970467072247452401664.000000
17 13 1100565047876339630080.000000
17 14 -1428374324190778490880.000000
17 15 -1652822752094832295936.000000
17 16 -2833539910651856551936.000000
17 17 -2442043402419422887936.000000
17 18 -6048163725722689470464.000000
17 19 -8747255424898840920064.000000
17 20 -11261374717229677936640.000000
17 21 -16508106563713138425856.000000
17 22 -9556293883908698669056.000000
17 23 -4469844303738424000512.000000
17 24 0.000000
17 25 0.000000
17 26 0.000000
17 27 0.000000
17 28 0.000000
17 29 0.000000
17 30 0.000000
17 31 0.000000
18 0 0.000000
18 1 0.000000
18 2 0.000000
18 3 0.000000
18 4 0.000000
18 5 0.000000
18 6 0.000000
18 7 0.000000
18 8 4086378839541498773504.000000
18 9 11869299868329725394944.000000
18 10 6545323406937513000960.000000
18 11 4235973219514004275200.000000
18 12 2453014171111697416192.000000
18 13 950964616191834849280.000000
18 14 -1184306808935015251968.000000
18 15 -1917623573397614100480.000000
18 16 -2597070530917420761088.000000
18 17 -1557838176778891296768.000000
18 18 -6591840524538669432832.000000
18 19 -8500134469095720484864.000000
18 20 -11429460314322213273600.000000
18 21 -16168663504398783086592.000000
18 22 -9247908773524597112832.000000
18 23 -4290777804854452551680.000000
18 24 0.000000
18 25 0.000000
18 26 0.000000
18 27 0.000000
18 28 0.000000
18 29 0.000000
18 30 0.000000
18 31 0.000000
19 0 0.000000
19 1 0.000000
19 2 0.000000
19 3 0.000000
19 4 0.000000
19 5 0.000000
19 6 0.000000
19 7 0.000000
19 8 9974320253121041793024.000000
19 9 13370506124219362836480.000000
19 10 6864094381012284342272.000000
19 11 3750855882227792740352.000000
19 12 2712024066981122539520.000000
19 13 991864619157753430016.000000
19 14 -985131104396136939520.000000
19 15 -1906249591801201557504.000000
19 16 -2452825864352277987328.000000
19 17 -1755521852834970599424.000000
19 18 -7055513127774226219008.000000
19 19 -7913094761267603701760.000000
19 20 -12160856152806250250240.000000
19 21 -15664582353506644525056.000000
19 22 -8832262556715319296000.000000
19 23 -4494540636720040247296.000000
19 24 0.000000
19 25 0.000000
19 26 0.000000
19 27 0.000000
19 28 0.000000
19 29 0.000000
19 30 0.000000
19 31 0.000000
20 0 0.000000
20 1 0.000000
20 2 0.000000
20 3 0.000000
20 4 0.000000
20 5 0.000000
20 6 0.000000
20 7 0.000000
20 8 14131320601369290735616.000000
20 9 19613050276408943706112.000000
20 10 7366204644117494890496.000000
20 11 3887183783597971603456.000000
20 12 2515287413484186238976.000000
20 13 549760247118883192832.000000
20 14 -493104119381632221184.000000
20 15 -1294332844056420286464.000000
20 16 -2417229694372518297600.000000
20 17 -2149862102757112020992.000000
20 18 -7143733577924833443840.000000
20 19 -7422323999074158641152.000000
20 20 -12700806222930581127168.000000
20 21 -15317063214160507043840.000000
20 22 -8647517018701233651712.000000
20 23 -6638036760666375716864.000000
20 24 0.000000
20 25 0.000000
20 26 0.000000
20 27 0.000000
20 28 0.000000
20 29 0.000000
20 30 0.000000
20 31 0.000000
21 0 0.000000
21 1 0.000000
21 2 0.000000
21 3 0.000000
21 4 0.000000
21 5 0.000000
21 6 0.000000
21 7 0.000000
21 8 563998499500954908360704.000000
21 9 21104842883177469968384.000000
21 10 13758930333080999690240.000000
21 11 4854538124733714530304.000000
21 12 2146122989166487666688.000000
21 13 555977044192003096576.000000
21 14 -175933119443228426240.000000
21 15 -1630930754306184314880.000000
21 16 -2169217025843178504192.000000
21 17 -1917681135030351429632.000000
21 18 -7778453457957875089408.000000
21 19 -7071525113299388596224.000000
21 20 -13104470612931239739392.000000
21 21 -15159427094103378100224.000000
21 22 -10419516838885311119360.000000
21 23 -3995321684575601557504.000000
21 24 0.000000
21 25 0.000000
21 26 0.000000
21 27 0.000000
21 28 0.000000
21 29 0.000000
21 30 0.000000
21 31 0.000000
22 0 0.000000
22 1 0.000000
22 2 0.000000
22 3 0.000000
22 4 0.000000
22 5 0.000000
22 6 0.000000
22 7 0.000000
22 8 -826336362966122758144.000000
22 9 8569092460690110676992.000000
22 10 24269112513764626792448.000000
22 11 10930280205724560654336.000000
22 12 2683973115227068694528.000000
22 13 1238736751081461645312.000000
22 14 -405251275550609113088.000000
22 15 -2173851511334719455232.000000
22 16 -1777903335608118411264.000000
22 17 -1766428445232555098112.000000
22 18 -7744064534153227403264.000000
22 19 -7009229071453786210304.000000
22 20 -13494974358920814919680.000000
22 21 -15329841052203263983616.000000
22 22 -12758679729942105686016.000000
22 23 -2640719418505895608320.000000
22 24 0.000000
22 25 0.000000
22 26 0.000000
22 27 0.000000
22 28 0.000000
22 29 0.000000
22 30 0.000000
22 31 0.000000
23 0 0.000000
23 1 0.000000
23 2 0.000000
23 3 0.000000
23 4 0.000000
23 5 0.000000
23 6 0.000000
23 7 0.000000
23 8 -822477341035419664384.000000
23 9 8799973999186886524928.000000
23 10 2219919817085510746112.000000
23 11 15849446111010948644864.000000
23 12 9379070483172228595712.000000
23 13 1669620052805017403392.000000
23 14 -653523815852197019648.000000
23 15 -1572236466262571483136.000000
23 16 -1773174133786914324480.000000
23 17 -2208066905816225021952.000000
23 18 -8002389882879292211200.000000
23 19 -7074286945770873552896.000000
23 20 -13825100596506047545344.000000
23 21 -19849124465276077735936.000000
23 22 -6790580998394808893440.000000
23 23 -3530873899254183624704.000000
23 24 0.000000
23 25 0.000000
23 26 0.000000
23 27 0.000000
23 28 0.000000
23 29 0.000000
23 30 0.000000
23 31 0.000000
24 0 0.000000
24 1 0.000000
24 2 0.000000
24 3 0.000000
24 4 0.000000
24 5 0.000000
24 6 0.000000
24 7 0.000000
24 8 0.000000
24 9 0.000000
24 10 0.000000
24 11 0.000000
24 12 0.000000
24 13 0.000000
24 14 0.000000
24 15 0.000000
24 16 0.000000
24 17 0.000000
24 18 0.000000
24 19 0.000000
24 20 0.000000
24 21 0.000000
24 22 0.000000
24 23 0.000000
24 24 0.000000
24 25 0.000000
24 26 0.000000
24 27 0.000000
24 28 0.000000
24 29 0.000000
24 30 0.000000
24 31 0.000000
25 0 0.000000
25 1 0.000000
25 2 0.000000
25 3 0.000000
25 4 0.000000
25 5 0.000000
25 6 0.000000
25 7 0.000000
25 8 0.000000
25 9 0.000000
25 10 0.000000
25 11 0.000000
25 12 0.000000
25 13 0.000000
25 14 0.000000
25 15 0.000000
25 16 0.000000
25 17 0.000000
25 18 0.000000
25 19 0.000000
25 20 0.000000
25 21 0.000000
25 22 0.000000
25 23 0.000000
25 24 0.000000
25 25 0.000000
25 26 0.000000
25 27 0.000000
25 28 0.000000
25 29 0.000000
25 30 0.000000
25 31 0.000000
26 0 0.000000
26 1 0.000000
26 2 0.000000
26 3 0.000000
26 4 0.000000
26 5 0.000000
26 6 0.000000
26 7 0.000000
26 8 0.000000
26 9 0.000000
26 10 0.000000
26 11 0.000000
26 12 0.000000
26 13 0.000000
26 14 0.000000
26 15 0.000000
26 16 0.000000
26 17 0.000000
26 18 0.000000
26 19 0.000000
26 20 0.000000
26 21 0.000000
26 22 0.000000
26 23 0.000000
26 24 0.000000
26 25 0.000000
26 26 0.000000
26 27 0.000000
26 28 0.000000
26 29 0.000000
26 30 0.000000
26 31 0.000000
27 0 0.000000
27 1 0.000000
27 2 0.000000
27 3 0.000000
27 4 0.000000
27 5 0.000000
27 6 0.000000
27 7 0.000000
27 8 0.000000
27 9 0.000000
27 10 0.000000
27 11 0.000000
27 12 0.000000
27 13 0.000000
27 14 0.000000
27 15 0.000000
27 16 0.000000
27 17 0.000000
27 18 0.000000
27 19 0.000000
27 20 0.000000
27 21 0.000000
27 22 0.000000
27 23 0.000000
27 24 0.000000
27 25 0.000000
27 26 0.000000
27 27 0.000000
27 28 0.000000
27 29 0.000000
27 30 0.000000
27 31 0.000000
28 0 0.000000
28 1 0.000000
28 2 0.000000
28 3 0.000000
28 4 0.000000
28 5 0.000000
28 6 0.000000
28 7 0.000000
28 8 0.000000
28 9 0.000000
28 10 0.000000
28 11 0.000000
28 12 0.000000
28 13 0.000000
28 14 0.000000
28 15 0.000000
28 16 0.000000
28 17 0.000000
28 18 0.000000
28 19 0.000000
28 20 0.000000
28 21 0.000000
28 22 0.000000
28 23 0.000000
28 24 0.000000
28 25 0.000000
28 26 0.000000
28 27 0.000000
28 28 0.000000
28 29 0.000000
28 30 0.000000
28 31 0.000000
29 0 0.000000
29 1 0.000000
29 2 0.000000
29 3 0.000000
29 4 0.000000
29 5 0.000000
29 6 0.000000
29 7 0.000000
29 8 0.000000
29 9 0.000000
29 10 0.000000
29 11 0.000000
29 12 0.000000
29 13 0.000000
29 14 0.000000
29 15 0.000000
29 16 0.000000
29 17 0.000000
29 18 0.000000
29 19 0.000000
29 20 0.000000
29 21 0.000000
29 22 0.000000
29 23 0.000000
29 24 0.000000
29 25 0.000000
29 26 0.000000
29 27 0.000000
29 28 0.000000
29 29 0.000000
29 30 0.000000
29 31 0.000000
30 0 0.000000
30 1 0.000000
30 2 0.000000
30 3 0.000000
30 4 0.000000
30 5 0.000000
30 6 0.000000
30 7 0.000000
30 8 0.000000
30 9 0.000000
30 10 0.000000
30 11 0.000000
30 12 0.000000
30 13 0.000000
30 14 0.000000
30 15 0.000000
30 16 0.000000
30 17 0.000000
30 18 0.000000
30 19 0.000000
30 20 0.000000
30 21 0.000000
30 22 0.000000
30 23 0.000000
30 24 0.000000
30 25 0.000000
30 26 0.000000
30 27 0.000000
30 28 0.000000
30 29 0.000000
30 30 0.000000
30 31 0.000000
31 0 0.000000
31 1 0.000000
31 2 0.000000
31 3 0.000000
31 4 0.000000
31 5 0.000000
31 6 0.000000
31 7 0.000000
31 8 0.000000
31 9 0.000000
31 10 0.000000
31 11 0.000000
31 12 0.000000
31 13 0.000000
31 14 0.000000
31 15 0.000000
31 16 0.000000
31 17 0.000000
31 18 0.000000
31 19 0.000000
31 20 0.000000
31 21 0.000000
31 22 0.000000
31 23 0.000000
31 24 0.000000
31 25 0.000000
31 26 0.000000
31 27 0.000000
31 28 0.000000
31 29 0.000000
31 30 0.000000
31 31 0.000000
