0 0 0.000000
0 1 0.000000
0 2 0.000000
0 3 0.000000
0 4 0.000000
0 5 0.000000
0 6 0.000000
0 7 0.000000
0 8 0.000000
0 9 0.000000
0 10 0.000000
0 11 0.000000
0 12 0.000000
0 13 0.000000
0 14 0.000000
0 15 0.000000
0 16 0.000000
0 17 0.000000
0 18 0.000000
0 19 0.000000
0 20 0.000000
0 21 0.000000
0 22 0.000000
0 23 0.000000
0 24 0.000000
0 25 0.000000
0 26 0.000000
0 27 0.000000
0 28 0.000000
0 29 0.000000
0 30 0.000000
0 31 0.000000
0 32 0.000000
0 33 0.000000
0 34 0.000000
0 35 0.000000
0 36 0.000000
0 37 0.000000
0 38 0.000000
0 39 0.000000
0 40 0.000000
0 41 0.000000
0 42 0.000000
0 43 0.000000
0 44 0.000000
0 45 0.000000
0 46 0.000000
0 47 0.000000
0 48 0.000000
0 49 0.000000
0 50 0.000000
0 51 0.000000
0 52 0.000000
0 53 0.000000
0 54 0.000000
0 55 0.000000
0 56 0.000000
0 57 0.000000
0 58 0.000000
0 59 0.000000
0 60 0.000000
0 61 0.000000
0 62 0.000000
0 63 0.000000
1 0 0.000000
1 1 0.000000
1 2 0.000000
1 3 0.000000
1 4 0.000000
1 5 0.000000
1 6 0.000000
1 7 0.000000
1 8 0.000000
1 9 0.000000
1 10 0.000000
1 11 0.000000
1 12 0.000000
1 13 0.000000
1 14 0.000000
1 15 0.000000
1 16 0.000000
1 17 0.000000
1 18 0.000000
1 19 0.000000
1 20 0.000000
1 21 0.000000
1 22 0.000000
1 23 0.000000
1 24 0.000000
1 25 0.000000
1 26 0.000000
1 27 0.000000
1 28 0.000000
1 29 0.000000
1 30 0.000000
1 31 0.000000
1 32 0.000000
1 33 0.000000
1 34 0.000000
1 35 0.000000
1 36 0.000000
1 37 0.000000
1 38 0.000000
1 39 0.000000
1 40 0.000000
1 41 0.000000
1 42 0.000000
1 43 0.000000
1 44 0.000000
1 45 0.000000
1 46 0.000000
1 47 0.000000
1 48 0.000000
1 49 0.000000
1 50 0.000000
1 51 0.000000
1 52 0.000000
1 53 0.000000
1 54 0.000000
1 55 0.000000
1 56 0.000000
1 57 0.000000
1 58 0.000000
1 59 0.000000
1 60 0.000000
1 61 0.000000
1 62 0.000000
1 63 0.000000
2 0 0.000000
2 1 0.000000
2 2 0.000000
2 3 0.000000
2 4 0.000000
2 5 0.000000
2 6 0.000000
2 7 0.000000
2 8 0.000000
2 9 0.000000
2 10 0.000000
2 11 0.000000
2 12 0.000000
2 13 0.000000
2 14 0.000000
2 15 0.000000
2 16 0.000000
2 17 0.000000
2 18 0.000000
2 19 0.000000
2 20 0.000000
2 21 0.000000
2 22 0.000000
2 23 0.000000
2 24 0.000000
2 25 0.000000
2 26 0.000000
2 27 0.000000
2 28 0.000000
2 29 0.000000
2 30 0.000000
2 31 0.000000
2 32 0.000000
2 33 0.000000
2 34 0.000000
2 35 0.000000
2 36 0.000000
2 37 0.000000
2 38 0.000000
2 39 0.000000
2 40 0.000000
2 41 0.000000
2 42 0.000000
2 43 0.000000
2 44 0.000000
2 45 0.000000
2 46 0.000000
2 47 0.000000
2 48 0.000000
2 49 0.000000
2 50 0.000000
2 51 0.000000
2 52 0.000000
2 53 0.000000
2 54 0.000000
2 55 0.000000
2 56 0.000000
2 57 0.000000
2 58 0.000000
2 59 0.000000
2 60 0.000000
2 61 0.000000
2 62 0.000000
2 63 0.000000
3 0 0.000000
3 1 0.000000
3 2 0.000000
3 3 0.000000
3 4 0.000000
3 5 0.000000
3 6 0.000000
3 7 0.000000
3 8 0.000000
3 9 0.000000
3 10 0.000000
3 11 0.000000
3 12 0.000000
3 13 0.000000
3 14 0.000000
3 15 0.000000
3 16 0.000000
3 17 0.000000
3 18 0.000000
3 19 0.000000
3 20 0.000000
3 21 0.000000
3 22 0.000000
3 23 0.000000
3 24 0.000000
3 25 0.000000
3 26 0.000000
3 27 0.000000
3 28 0.000000
3 29 0.000000
3 30 0.000000
3 31 0.000000
3 32 0.000000
3 33 0.000000
3 34 0.000000
3 35 0.000000
3 36 0.000000
3 37 0.000000
3 38 0.000000
3 39 0.000000
3 40 0.000000
3 41 0.000000
3 42 0.000000
3 43 0.000000
3 44 0.000000
3 45 0.000000
3 46 0.000000
3 47 0.000000
3 48 0.000000
3 49 0.000000
3 50 0.000000
3 51 0.000000
3 52 0.000000
3 53 0.000000
3 54 0.000000
3 55 0.000000
3 56 0.000000
3 57 0.000000
3 58 0.000000
3 59 0.000000
3 60 0.000000
3 61 0.000000
3 62 0.000000
3 63 0.000000
4 0 0.000000
4 1 0.000000
4 2 0.000000
4 3 0.000000
4 4 0.000000
4 5 0.000000
4 6 0.000000
4 7 0.000000
4 8 0.000000
4 9 0.000000
4 10 0.000000
4 11 0.000000
4 12 0.000000
4 13 0.000000
4 14 0.000000
4 15 0.000000
4 16 0.000000
4 17 0.000000
4 18 0.000000
4 19 0.000000
4 20 0.000000
4 21 0.000000
4 22 0.000000
4 23 0.000000
4 24 0.000000
4 25 0.000000
4 26 0.000000
4 27 0.000000
4 28 0.000000
4 29 0.000000
4 30 0.000000
4 31 0.000000
4 32 0.000000
4 33 0.000000
4 34 0.000000
4 35 0.000000
4 36 0.000000
4 37 0.000000
4 38 0.000000
4 39 0.000000
4 40 0.000000
4 41 0.000000
4 42 0.000000
4 43 0.000000
4 44 0.000000
4 45 0.000000
4 46 0.000000
4 47 0.000000
4 48 0.000000
4 49 0.000000
4 50 0.000000
4 51 0.000000
4 52 0.000000
4 53 0.000000
4 54 0.000000
4 55 0.000000
4 56 0.000000
4 57 0.000000
4 58 0.000000
4 59 0.000000
4 60 0.000000
4 61 0.000000
4 62 0.000000
4 63 0.000000
5 0 0.000000
5 1 0.000000
5 2 0.000000
5 3 0.000000
5 4 0.000000
5 5 0.000000
5 6 0.000000
5 7 0.000000
5 8 0.000000
5 9 0.000000
5 10 0.000000
5 11 0.000000
5 12 0.000000
5 13 0.000000
5 14 0.000000
5 15 0.000000
5 16 0.000000
5 17 0.000000
5 18 0.000000
5 19 0.000000
5 20 0.000000
5 21 0.000000
5 22 0.000000
5 23 0.000000
5 24 0.000000
5 25 0.000000
5 26 0.000000
5 27 0.000000
5 28 0.000000
5 29 0.000000
5 30 0.000000
5 31 0.000000
5 32 0.000000
5 33 0.000000
5 34 0.000000
5 35 0.000000
5 36 0.000000
5 37 0.000000
5 38 0.000000
5 39 0.000000
5 40 0.000000
5 41 0.000000
5 42 0.000000
5 43 0.000000
5 44 0.000000
5 45 0.000000
5 46 0.000000
5 47 0.000000
5 48 0.000000
5 49 0.000000
5 50 0.000000
5 51 0.000000
5 52 0.000000
5 53 0.000000
5 54 0.000000
5 55 0.000000
5 56 0.000000
5 57 0.000000
5 58 0.000000
5 59 0.000000
5 60 0.000000
5 61 0.000000
5 62 0.000000
5 63 0.000000
6 0 0.000000
6 1 0.000000
6 2 0.000000
6 3 0.000000
6 4 0.000000
6 5 0.000000
6 6 0.000000
6 7 0.000000
6 8 0.000000
6 9 0.000000
6 10 0.000000
6 11 0.000000
6 12 0.000000
6 13 0.000000
6 14 0.000000
6 15 0.000000
6 16 0.000000
6 17 0.000000
6 18 0.000000
6 19 0.000000
6 20 0.000000
6 21 0.000000
6 22 0.000000
6 23 0.000000
6 24 0.000000
6 25 0.000000
6 26 0.000000
6 27 0.000000
6 28 0.000000
6 29 0.000000
6 30 0.000000
6 31 0.000000
6 32 0.000000
6 33 0.000000
6 34 0.000000
6 35 0.000000
6 36 0.000000
6 37 0.000000
6 38 0.000000
6 39 0.000000
6 40 0.000000
6 41 0.000000
6 42 0.000000
6 43 0.000000
6 44 0.000000
6 45 0.000000
6 46 0.000000
6 47 0.000000
6 48 0.000000
6 49 0.000000
6 50 0.000000
6 51 0.000000
6 52 0.000000
6 53 0.000000
6 54 0.000000
6 55 0.000000
6 56 0.000000
6 57 0.000000
6 58 0.000000
6 59 0.000000
6 60 0.000000
6 61 0.000000
6 62 0.000000
6 63 0.000000
7 0 0.000000
7 1 0.000000
7 2 0.000000
7 3 0.000000
7 4 0.000000
7 5 0.000000
7 6 0.000000
7 7 0.000000
7 8 0.000000
7 9 0.000000
7 10 0.000000
7 11 0.000000
7 12 0.000000
7 13 0.000000
7 14 0.000000
7 15 0.000000
7 16 0.000000
7 17 0.000000
7 18 0.000000
7 19 0.000000
7 20 0.000000
7 21 0.000000
7 22 0.000000
7 23 0.000000
7 24 0.000000
7 25 0.000000
7 26 0.000000
7 27 0.000000
7 28 0.000000
7 29 0.000000
7 30 0.000000
7 31 0.000000
7 32 0.000000
7 33 0.000000
7 34 0.000000
7 35 0.000000
7 36 0.000000
7 37 0.000000
7 38 0.000000
7 39 0.000000
7 40 0.000000
7 41 0.000000
7 42 0.000000
7 43 0.000000
7 44 0.000000
7 45 0.000000
7 46 0.000000
7 47 0.000000
7 48 0.000000
7 49 0.000000
7 50 0.000000
7 51 0.000000
7 52 0.000000
7 53 0.000000
7 54 0.000000
7 55 0.000000
7 56 0.000000
7 57 0.000000
7 58 0.000000
7 59 0.000000
7 60 0.000000
7 61 0.000000
7 62 0.000000
7 63 0.000000
8 0 0.000000
8 1 0.000000
8 2 0.000000
8 3 0.000000
8 4 0.000000
8 5 0.000000
8 6 0.000000
8 7 0.000000
8 8 0.000000
8 9 0.000000
8 10 0.000000
8 11 0.000000
8 12 0.000000
8 13 0.000000
8 14 0.000000
8 15 0.000000
8 16 0.000000
8 17 0.000000
8 18 0.000000
8 19 0.000000
8 20 0.000000
8 21 0.000000
8 22 0.000000
8 23 0.000000
8 24 0.000000
8 25 0.000000
8 26 0.000000
8 27 0.000000
8 28 0.000000
8 29 0.000000
8 30 0.000000
8 31 0.000000
8 32 0.000000
8 33 0.000000
8 34 0.000000
8 35 0.000000
8 36 0.000000
8 37 0.000000
8 38 0.000000
8 39 0.000000
8 40 0.000000
8 41 0.000000
8 42 0.000000
8 43 0.000000
8 44 0.000000
8 45 0.000000
8 46 0.000000
8 47 0.000000
8 48 0.000000
8 49 0.000000
8 50 0.000000
8 51 0.000000
8 52 0.000000
8 53 0.000000
8 54 0.000000
8 55 0.000000
8 56 0.000000
8 57 0.000000
8 58 0.000000
8 59 0.000000
8 60 0.000000
8 61 0.000000
8 62 0.000000
8 63 0.000000
9 0 0.000000
9 1 0.000000
9 2 0.000000
9 3 0.000000
9 4 0.000000
9 5 0.000000
9 6 0.000000
9 7 0.000000
9 8 0.000000
9 9 0.000000
9 10 0.000000
9 11 0.000000
9 12 0.000000
9 13 0.000000
9 14 0.000000
9 15 0.000000
9 16 0.000000
9 17 0.000000
9 18 0.000000
9 19 0.000000
9 20 0.000000
9 21 0.000000
9 22 0.000000
9 23 0.000000
9 24 0.000000
9 25 0.000000
9 26 0.000000
9 27 0.000000
9 28 0.000000
9 29 0.000000
9 30 0.000000
9 31 0.000000
9 32 0.000000
9 33 0.000000
9 34 0.000000
9 35 0.000000
9 36 0.000000
9 37 0.000000
9 38 0.000000
9 39 0.000000
9 40 0.000000
9 41 0.000000
9 42 0.000000
9 43 0.000000
9 44 0.000000
9 45 0.000000
9 46 0.000000
9 47 0.000000
9 48 0.000000
9 49 0.000000
9 50 0.000000
9 51 0.000000
9 52 0.000000
9 53 0.000000
9 54 0.000000
9 55 0.000000
9 56 0.000000
9 57 0.000000
9 58 0.000000
9 59 0.000000
9 60 0.000000
9 61 0.000000
9 62 0.000000
9 63 0.000000
10 0 0.000000
10 1 0.000000
10 2 0.000000
10 3 0.000000
10 4 0.000000
10 5 0.000000
10 6 0.000000
10 7 0.000000
10 8 0.000000
10 9 0.000000
10 10 0.000000
10 11 0.000000
10 12 0.000000
10 13 0.000000
10 14 0.000000
10 15 0.000000
10 16 0.000000
10 17 0.000000
10 18 0.000000
10 19 0.000000
10 20 0.000000
10 21 0.000000
10 22 0.000000
10 23 0.000000
10 24 0.000000
10 25 0.000000
10 26 0.000000
10 27 0.000000
10 28 0.000000
10 29 0.000000
10 30 0.000000
10 31 0.000000
10 32 0.000000
10 33 0.000000
10 34 0.000000
10 35 0.000000
10 36 0.000000
10 37 0.000000
10 38 0.000000
10 39 0.000000
10 40 0.000000
10 41 0.000000
10 42 0.000000
10 43 0.000000
10 44 0.000000
10 45 0.000000
10 46 0.000000
10 47 0.000000
10 48 0.000000
10 49 0.000000
10 50 0.000000
10 51 0.000000
10 52 0.000000
10 53 0.000000
10 54 0.000000
10 55 0.000000
10 56 0.000000
10 57 0.000000
10 58 0.000000
10 59 0.000000
10 60 0.000000
10 61 0.000000
10 62 0.000000
10 63 0.000000
11 0 0.000000
11 1 0.000000
11 2 0.000000
11 3 0.000000
11 4 0.000000
11 5 0.000000
11 6 0.000000
11 7 0.000000
11 8 0.000000
11 9 0.000000
11 10 0.000000
11 11 0.000000
11 12 0.000000
11 13 0.000000
11 14 0.000000
11 15 0.000000
11 16 0.000000
11 17 0.000000
11 18 0.000000
11 19 0.000000
11 20 0.000000
11 21 0.000000
11 22 0.000000
11 23 0.000000
11 24 0.000000
11 25 0.000000
11 26 0.000000
11 27 0.000000
11 28 0.000000
11 29 0.000000
11 30 0.000000
11 31 0.000000
11 32 0.000000
11 33 0.000000
11 34 0.000000
11 35 0.000000
11 36 0.000000
11 37 0.000000
11 38 0.000000
11 39 0.000000
11 40 0.000000
11 41 0.000000
11 42 0.000000
11 43 0.000000
11 44 0.000000
11 45 0.000000
11 46 0.000000
11 47 0.000000
11 48 0.000000
11 49 0.000000
11 50 0.000000
11 51 0.000000
11 52 0.000000
11 53 0.000000
11 54 0.000000
11 55 0.000000
11 56 0.000000
11 57 0.000000
11 58 0.000000
11 59 0.000000
11 60 0.000000
11 61 0.000000
11 62 0.000000
11 63 0.000000
12 0 0.000000
12 1 0.000000
12 2 0.000000
12 3 0.000000
12 4 0.000000
12 5 0.000000
12 6 0.000000
12 7 0.000000
12 8 0.000000
12 9 0.000000
12 10 0.000000
12 11 0.000000
12 12 0.000000
12 13 0.000000
12 14 0.000000
12 15 0.000000
12 16 0.000000
12 17 0.000000
12 18 0.000000
12 19 0.000000
12 20 0.000000
12 21 0.000000
12 22 0.000000
12 23 0.000000
12 24 0.000000
12 25 0.000000
12 26 0.000000
12 27 0.000000
12 28 0.000000
12 29 0.000000
12 30 0.000000
12 31 0.000000
12 32 0.000000
12 33 0.000000
12 34 0.000000
12 35 0.000000
12 36 0.000000
12 37 0.000000
12 38 0.000000
12 39 0.000000
12 40 0.000000
12 41 0.000000
12 42 0.000000
12 43 0.000000
12 44 0.000000
12 45 0.000000
12 46 0.000000
12 47 0.000000
12 48 0.000000
12 49 0.000000
12 50 0.000000
12 51 0.000000
12 52 0.000000
12 53 0.000000
12 54 0.000000
12 55 0.000000
12 56 0.000000
12 57 0.000000
12 58 0.000000
12 59 0.000000
12 60 0.000000
12 61 0.000000
12 62 0.000000
12 63 0.000000
13 0 0.000000
13 1 0.000000
13 2 0.000000
13 3 0.000000
13 4 0.000000
13 5 0.000000
13 6 0.000000
13 7 0.000000
13 8 0.000000
13 9 0.000000
13 10 0.000000
13 11 0.000000
13 12 0.000000
13 13 0.000000
13 14 0.000000
13 15 0.000000
13 16 0.000000
13 17 0.000000
13 18 0.000000
13 19 0.000000
13 20 0.000000
13 21 0.000000
13 22 0.000000
13 23 0.000000
13 24 0.000000
13 25 0.000000
13 26 0.000000
13 27 0.000000
13 28 0.000000
13 29 0.000000
13 30 0.000000
13 31 0.000000
13 32 0.000000
13 33 0.000000
13 34 0.000000
13 35 0.000000
13 36 0.000000
13 37 0.000000
13 38 0.000000
13 39 0.000000
13 40 0.000000
13 41 0.000000
13 42 0.000000
13 43 0.000000
13 44 0.000000
13 45 0.000000
13 46 0.000000
13 47 0.000000
13 48 0.000000
13 49 0.000000
13 50 0.000000
13 51 0.000000
13 52 0.000000
13 53 0.000000
13 54 0.000000
13 55 0.000000
13 56 0.000000
13 57 0.000000
13 58 0.000000
13 59 0.000000
13 60 0.000000
13 61 0.000000
13 62 0.000000
13 63 0.000000
14 0 0.000000
14 1 0.000000
14 2 0.000000
14 3 0.000000
14 4 0.000000
14 5 0.000000
14 6 0.000000
14 7 0.000000
14 8 0.000000
14 9 0.000000
14 10 0.000000
14 11 0.000000
14 12 0.000000
14 13 0.000000
14 14 0.000000
14 15 0.000000
14 16 0.000000
14 17 0.000000
14 18 0.000000
14 19 0.000000
14 20 0.000000
14 21 0.000000
14 22 0.000000
14 23 0.000000
14 24 0.000000
14 25 0.000000
14 26 0.000000
14 27 0.000000
14 28 0.000000
14 29 0.000000
14 30 0.000000
14 31 0.000000
14 32 0.000000
14 33 0.000000
14 34 0.000000
14 35 0.000000
14 36 0.000000
14 37 0.000000
14 38 0.000000
14 39 0.000000
14 40 0.000000
14 41 0.000000
14 42 0.000000
14 43 0.000000
14 44 0.000000
14 45 0.000000
14 46 0.000000
14 47 0.000000
14 48 0.000000
14 49 0.000000
14 50 0.000000
14 51 0.000000
14 52 0.000000
14 53 0.000000
14 54 0.000000
14 55 0.000000
14 56 0.000000
14 57 0.000000
14 58 0.000000
14 59 0.000000
14 60 0.000000
14 61 0.000000
14 62 0.000000
14 63 0.000000
15 0 0.000000
15 1 0.000000
15 2 0.000000
15 3 0.000000
15 4 0.000000
15 5 0.000000
15 6 0.000000
15 7 0.000000
15 8 0.000000
15 9 0.000000
15 10 0.000000
15 11 0.000000
15 12 0.000000
15 13 0.000000
15 14 0.000000
15 15 0.000000
15 16 0.000000
15 17 0.000000
15 18 0.000000
15 19 0.000000
15 20 0.000000
15 21 0.000000
15 22 0.000000
15 23 0.000000
15 24 0.000000
15 25 0.000000
15 26 0.000000
15 27 0.000000
15 28 0.000000
15 29 0.000000
15 30 0.000000
15 31 0.000000
15 32 0.000000
15 33 0.000000
15 34 0.000000
15 35 0.000000
15 36 0.000000
15 37 0.000000
15 38 0.000000
15 39 0.000000
15 40 0.000000
15 41 0.000000
15 42 0.000000
15 43 0.000000
15 44 0.000000
15 45 0.000000
15 46 0.000000
15 47 0.000000
15 48 0.000000
15 49 0.000000
15 50 0.000000
15 51 0.000000
15 52 0.000000
15 53 0.000000
15 54 0.000000
15 55 0.000000
15 56 0.000000
15 57 0.000000
15 58 0.000000
15 59 0.000000
15 60 0.000000
15 61 0.000000
15 62 0.000000
15 63 0.000000
16 0 0.000000
16 1 0.000000
16 2 0.000000
16 3 0.000000
16 4 0.000000
16 5 0.000000
16 6 0.000000
16 7 0.000000
16 8 0.000000
16 9 0.000000
16 10 0.000000
16 11 0.000000
16 12 0.000000
16 13 0.000000
16 14 0.000000
16 15 0.000000
16 16 -66.152512
16 17 46.808277
16 18 46.810463
16 19 50.588837
16 20 31.407419
16 21 -48.012405
16 22 -31.647570
16 23 -34.639027
16 24 -18.823547
16 25 80.329353
16 26 -174.886322
16 27 -661.294922
16 28 -537.880249
16 29 355.154907
16 30 -75.638359
16 31 -405.596161
16 32 -559.478882
16 33 -533.794312
16 34 -377.625488
16 35 -223.811768
16 36 -148.078033
16 37 -115.698631
16 38 -57.306236
16 39 -104.668015
16 40 -93.745552
16 41 -10.291000
16 42 -22.257685
16 43 -0.352501
16 44 57.272053
16 45 73.949516
16 46 31.746601
16 47 -43.936188
16 48 0.000000
16 49 0.000000
16 50 0.000000
16 51 0.000000
16 52 0.000000
16 53 0.000000
16 54 0.000000
16 55 0.000000
16 56 0.000000
16 57 0.000000
16 58 0.000000
16 59 0.000000
16 60 0.000000
16 61 0.000000
16 62 0.000000
16 63 0.000000
17 0 0.000000
17 1 0.000000
17 2 0.000000
17 3 0.000000
17 4 0.000000
17 5 0.000000
17 6 0.000000
17 7 0.000000
17 8 0.000000
17 9 0.000000
17 10 0.000000
17 11 0.000000
17 12 0.000000
17 13 0.000000
17 14 0.000000
17 15 0.000000
17 16 56.237061
17 17 63.380653
17 18 45.688725
17 19 56.702232
17 20 -30.994202
17 21 127.760178
17 22 72.788132
17 23 -149.277084
17 24 1993.979248
17 25 1761.775391
17 26 -160.435501
17 27 313.454926
17 28 227.921356
17 29 160.150345
17 30 135.464066
17 31 110.345703
17 32 118.019363
17 33 117.873703
17 34 123.559364
17 35 79.432274
17 36 27.367922
17 37 -16.835915
17 38 -65.760666
17 39 -82.530487
17 40 -106.250580
17 41 8.978724
17 42 -41.249866
17 43 -32.789413
17 44 -31.389572
17 45 21.970745
17 46 33.664307
17 47 75.237099
17 48 0.000000
17 49 0.000000
17 50 0.000000
17 51 0.000000
17 52 0.000000
17 53 0.000000
17 54 0.000000
17 55 0.000000
17 56 0.000000
17 57 0.000000
17 58 0.000000
17 59 0.000000
17 60 0.000000
17 61 0.000000
17 62 0.000000
17 63 0.000000
18 0 0.000000
18 1 0.000000
18 2 0.000000
18 3 0.000000
18 4 0.000000
18 5 0.000000
18 6 0.000000
18 7 0.000000
18 8 0.000000
18 9 0.000000
18 10 0.000000
18 11 0.000000
18 12 0.000000
18 13 0.000000
18 14 0.000000
18 15 0.000000
18 16 43.599373
18 17 82.232803
18 18 57.484104
18 19 70.182396
18 20 -66.745987
18 21 170.030197
18 22 1520.523926
18 23 767.405396
18 24 -967.242798
18 25 -237.411758
18 26 -30.239582
18 27 -178.476059
18 28 -265.523254
18 29 -192.389618
18 30 -112.264481
18 31 -83.887848
18 32 -59.115280
18 33 -38.758751
18 34 -24.249710
18 35 -15.845239
18 36 14.196980
18 37 38.355003
18 38 42.910194
18 39 7.139168
18 40 -37.409264
18 41 -72.923340
18 42 -63.867641
18 43 -73.588356
18 44 -13.045698
18 45 38.378517
18 46 48.674862
18 47 90.142212
18 48 0.000000
18 49 0.000000
18 50 0.000000
18 51 0.000000
18 52 0.000000
18 53 0.000000
18 54 0.000000
18 55 0.000000
18 56 0.000000
18 57 0.000000
18 58 0.000000
18 59 0.000000
18 60 0.000000
18 61 0.000000
18 62 0.000000
18 63 0.000000
19 0 0.000000
19 1 0.000000
19 2 0.000000
19 3 0.000000
19 4 0.000000
19 5 0.000000
19 6 0.000000
19 7 0.000000
19 8 0.000000
19 9 0.000000
19 10 0.000000
19 11 0.000000
19 12 0.000000
19 13 0.000000
19 14 0.000000
19 15 0.000000
19 16 33.915276
19 17 84.515976
19 18 58.531288
19 19 114.236282
19 20 198.816986
19 21 8.319835
19 22 -713.917358
19 23 -173.971954
19 24 197.193680
19 25 181.374161
19 26 -22.101189
19 27 -101.571602
19 28 -73.005905
19 29 -32.460991
19 30 -25.556664
19 31 10.023330
19 32 50.306206
19 33 133.917145
19 34 184.557419
19 35 165.219864
19 36 129.857590
19 37 85.982559
19 38 71.732956
19 39 80.027481
19 40 102.136650
19 41 94.981956
19 42 76.430176
19 43 76.355331
19 44 1.928531
19 45 -4.411162
19 46 46.122246
19 47 86.482399
19 48 0.000000
19 49 0.000000
19 50 0.000000
19 51 0.000000
19 52 0.000000
19 53 0.000000
19 54 0.000000
19 55 0.000000
19 56 0.000000
19 57 0.000000
19 58 0.000000
19 59 0.000000
19 60 0.000000
19 61 0.000000
19 62 0.000000
19 63 0.000000
20 0 0.000000
20 1 0.000000
20 2 0.000000
20 3 0.000000
20 4 0.000000
20 5 0.000000
20 6 0.000000
20 7 0.000000
20 8 0.000000
20 9 0.000000
20 10 0.000000
20 11 0.000000
20 12 0.000000
20 13 0.000000
20 14 0.000000
20 15 0.000000
20 16 51.615883
20 17 143.525635
20 18 54.321236
20 19 425.238953
20 20 -575.547607
20 21 -335.255371
20 22 37.130184
20 23 142.150574
20 24 18.988565
20 25 -93.228775
20 26 -33.898190
20 27 -70.186249
20 28 -62.955399
20 29 -6.385765
20 30 13.563949
20 31 -0.700201
20 32 -22.989553
20 33 -24.598619
20 34 16.226604
20 35 76.242157
20 36 89.280487
20 37 55.488304
20 38 24.039391
20 39 -10.948473
20 40 -14.171083
20 41 30.783371
20 42 72.025139
20 43 108.184509
20 44 149.299286
20 45 -61.255913
20 46 29.428028
20 47 2.064675
20 48 0.000000
20 49 0.000000
20 50 0.000000
20 51 0.000000
20 52 0.000000
20 53 0.000000
20 54 0.000000
20 55 0.000000
20 56 0.000000
20 57 0.000000
20 58 0.000000
20 59 0.000000
20 60 0.000000
20 61 0.000000
20 62 0.000000
20 63 0.000000
21 0 0.000000
21 1 0.000000
21 2 0.000000
21 3 0.000000
21 4 0.000000
21 5 0.000000
21 6 0.000000
21 7 0.000000
21 8 0.000000
21 9 0.000000
21 10 0.000000
21 11 0.000000
21 12 0.000000
21 13 0.000000
21 14 0.000000
21 15 0.000000
21 16 195.294922
21 17 -82.380249
21 18 -79.707237
21 19 -1854.051147
21 20 197.346344
21 21 -9.848453
21 22 140.662415
21 23 84.240524
21 24 34.552086
21 25 98.040009
21 26 141.877014
21 27 86.451187
21 28 50.169743
21 29 13.070855
21 30 84.582764
21 31 114.689529
21 32 103.804100
21 33 30.308498
21 34 -58.331329
21 35 -67.169266
21 36 -6.415654
21 37 59.506981
21 38 94.860458
21 39 89.804977
21 40 48.746155
21 41 25.748066
21 42 24.483349
21 43 44.542835
21 44 108.547096
21 45 163.688889
21 46 -83.175850
21 47 2.875404
21 48 0.000000
21 49 0.000000
21 50 0.000000
21 51 0.000000
21 52 0.000000
21 53 0.000000
21 54 0.000000
21 55 0.000000
21 56 0.000000
21 57 0.000000
21 58 0.000000
21 59 0.000000
21 60 0.000000
21 61 0.000000
21 62 0.000000
21 63 0.000000
22 0 0.000000
22 1 0.000000
22 2 0.000000
22 3 0.000000
22 4 0.000000
22 5 0.000000
22 6 0.000000
22 7 0.000000
22 8 0.000000
22 9 0.000000
22 10 0.000000
22 11 0.000000
22 12 0.000000
22 13 0.000000
22 14 0.000000
22 15 0.000000
22 16 162.481094
22 17 -143.574234
22 18 1183.290405
22 19 -4.656754
22 20 -105.229568
22 21 -18.173800
22 22 -63.681503
22 23 -141.836212
22 24 -74.101662
22 25 -4.972765
22 26 4.584970
22 27 17.308525
22 28 79.546936
22 29 6.748315
22 30 -68.732681
22 31 -85.678085
22 32 -77.158585
22 33 -45.116806
22 34 -34.444801
22 35 -106.561943
22 36 -161.471725
22 37 -147.585464
22 38 -97.115753
22 39 -33.319286
22 40 -0.567362
22 41 7.803454
22 42 1.173592
22 43 -35.791294
22 44 -34.621628
22 45 25.490723
22 46 61.599899
22 47 -2.180203
22 48 0.000000
22 49 0.000000
22 50 0.000000
22 51 0.000000
22 52 0.000000
22 53 0.000000
22 54 0.000000
22 55 0.000000
22 56 0.000000
22 57 0.000000
22 58 0.000000
22 59 0.000000
22 60 0.000000
22 61 0.000000
22 62 0.000000
22 63 0.000000
23 0 0.000000
23 1 0.000000
23 2 0.000000
23 3 0.000000
23 4 0.000000
23 5 0.000000
23 6 0.000000
23 7 0.000000
23 8 0.000000
23 9 0.000000
23 10 0.000000
23 11 0.000000
23 12 0.000000
23 13 0.000000
23 14 0.000000
23 15 0.000000
23 16 165.211594
23 17 934.105042
23 18 -578.121704
23 19 70.551483
23 20 100.622734
23 21 3.411583
23 22 -134.920990
23 23 -3.970006
23 24 68.315994
23 25 33.014381
23 26 31.345869
23 27 16.331964
23 28 44.125305
23 29 57.926476
23 30 1.916395
23 31 -44.839375
23 32 -57.155949
23 33 -59.256542
23 34 -46.392090
23 35 -31.845499
23 36 -52.688698
23 37 -75.216606
23 38 -89.503098
23 39 -94.639076
23 40 -76.394875
23 41 -39.269096
23 42 -0.084240
23 43 14.384981
23 44 2.122361
23 45 -9.317285
23 46 -36.166256
23 47 -52.256393
23 48 0.000000
23 49 0.000000
23 50 0.000000
23 51 0.000000
23 52 0.000000
23 53 0.000000
23 54 0.000000
23 55 0.000000
23 56 0.000000
23 57 0.000000
23 58 0.000000
23 59 0.000000
23 60 0.000000
23 61 0.000000
23 62 0.000000
23 63 0.000000
24 0 0.000000
24 1 0.000000
24 2 0.000000
24 3 0.000000
24 4 0.000000
24 5 0.000000
24 6 0.000000
24 7 0.000000
24 8 0.000000
24 9 0.000000
24 10 0.000000
24 11 0.000000
24 12 0.000000
24 13 0.000000
24 14 0.000000
24 15 0.000000
24 16 159.820358
24 17 -521.551453
24 18 222.027466
24 19 129.607651
24 20 42.922928
24 21 -84.938965
24 22 -42.382771
24 23 83.245277
24 24 74.820488
24 25 -13.975161
24 26 21.444572
24 27 55.328346
24 28 26.526340
24 29 22.935764
24 30 20.422390
24 31 -9.121141
24 32 -42.106529
24 33 3.060970
24 34 30.557465
24 35 5.887608
24 36 -24.701351
24 37 -61.638077
24 38 -37.248711
24 39 -1.499245
24 40 -19.601948
24 41 -50.457146
24 42 -66.233612
24 43 -43.545635
24 44 -11.271833
24 45 13.300836
24 46 16.475292
24 47 -19.216293
24 48 0.000000
24 49 0.000000
24 50 0.000000
24 51 0.000000
24 52 0.000000
24 53 0.000000
24 54 0.000000
24 55 0.000000
24 56 0.000000
24 57 0.000000
24 58 0.000000
24 59 0.000000
24 60 0.000000
24 61 0.000000
24 62 0.000000
24 63 0.000000
25 0 0.000000
25 1 0.000000
25 2 0.000000
25 3 0.000000
25 4 0.000000
25 5 0.000000
25 6 0.000000
25 7 0.000000
25 8 0.000000
25 9 0.000000
25 10 0.000000
25 11 0.000000
25 12 0.000000
25 13 0.000000
25 14 0.000000
25 15 0.000000
25 16 413.319458
25 17 92.254822
25 18 151.217331
25 19 -48.806625
25 20 -46.649147
25 21 -31.382286
25 22 20.174868
25 23 69.234482
25 24 -4.475705
25 25 -106.017357
25 26 -32.720814
25 27 39.817627
25 28 25.041441
25 29 -0.146985
25 30 8.671369
25 31 24.904900
25 32 -34.076126
25 33 -65.306381
25 34 -4.086810
25 35 49.346516
25 36 71.404594
25 37 21.565372
25 38 -61.072628
25 39 -60.380123
25 40 -6.725935
25 41 20.767311
25 42 -2.324001
25 43 -40.716984
25 44 -86.117798
25 45 -75.078064
25 46 -34.951950
25 47 -46.610615
25 48 0.000000
25 49 0.000000
25 50 0.000000
25 51 0.000000
25 52 0.000000
25 53 0.000000
25 54 0.000000
25 55 0.000000
25 56 0.000000
25 57 0.000000
25 58 0.000000
25 59 0.000000
25 60 0.000000
25 61 0.000000
25 62 0.000000
25 63 0.000000
26 0 0.000000
26 1 0.000000
26 2 0.000000
26 3 0.000000
26 4 0.000000
26 5 0.000000
26 6 0.000000
26 7 0.000000
26 8 0.000000
26 9 0.000000
26 10 0.000000
26 11 0.000000
26 12 0.000000
26 13 0.000000
26 14 0.000000
26 15 0.000000
26 16 -874.642700
26 17 443.560669
26 18 -4.228889
26 19 -74.170013
26 20 -44.557198
26 21 19.378517
26 22 43.234428
26 23 30.836437
26 24 -24.884691
26 25 -88.205780
26 26 -8.715287
26 27 31.725864
26 28 10.908951
26 29 -11.893205
26 30 11.582395
26 31 26.997070
26 32 35.950157
26 33 -24.330420
26 34 -50.537041
26 35 12.554459
26 36 61.516579
26 37 86.702553
26 38 63.736542
26 39 -2.043631
26 40 -34.663311
26 41 -31.286940
26 42 -12.994349
26 43 19.904436
26 44 13.683357
26 45 -31.761620
26 46 -65.388435
26 47 -79.593300
26 48 0.000000
26 49 0.000000
26 50 0.000000
26 51 0.000000
26 52 0.000000
26 53 0.000000
26 54 0.000000
26 55 0.000000
26 56 0.000000
26 57 0.000000
26 58 0.000000
26 59 0.000000
26 60 0.000000
26 61 0.000000
26 62 0.000000
26 63 0.000000
27 0 0.000000
27 1 0.000000
27 2 0.000000
27 3 0.000000
27 4 0.000000
27 5 0.000000
27 6 0.000000
27 7 0.000000
27 8 0.000000
27 9 0.000000
27 10 0.000000
27 11 0.000000
27 12 0.000000
27 13 0.000000
27 14 0.000000
27 15 0.000000
27 16 -1301.326050
27 17 389.561920
27 18 -207.504639
27 19 7.998117
27 20 -45.492043
27 21 12.614778
27 22 71.402748
27 23 -0.507713
27 24 -48.007004
27 25 -49.405243
27 26 31.437145
27 27 53.125847
27 28 32.139378
27 29 -28.164099
27 30 -5.881060
27 31 1.407457
27 32 24.779188
27 33 35.933647
27 34 -6.683366
27 35 -13.651615
27 36 38.524895
27 37 68.007568
27 38 73.958946
27 39 54.067406
27 40 23.719463
27 41 16.079344
27 42 -0.398407
27 43 -21.827576
27 44 -8.545553
27 45 11.784589
27 46 17.241598
27 47 -4.720989
27 48 0.000000
27 49 0.000000
27 50 0.000000
27 51 0.000000
27 52 0.000000
27 53 0.000000
27 54 0.000000
27 55 0.000000
27 56 0.000000
27 57 0.000000
27 58 0.000000
27 59 0.000000
27 60 0.000000
27 61 0.000000
27 62 0.000000
27 63 0.000000
28 0 0.000000
28 1 0.000000
28 2 0.000000
28 3 0.000000
28 4 0.000000
28 5 0.000000
28 6 0.000000
28 7 0.000000
28 8 0.000000
28 9 0.000000
28 10 0.000000
28 11 0.000000
28 12 0.000000
28 13 0.000000
28 14 0.000000
28 15 0.000000
28 16 -671.873779
28 17 221.700256
28 18 -181.063034
28 19 22.840994
28 20 -50.226849
28 21 6.857425
28 22 65.577553
28 23 -16.756948
28 24 -71.460213
28 25 -41.914986
28 26 39.688976
28 27 42.367653
28 28 29.819477
28 29 -18.062437
28 30 -15.106544
28 31 2.536876
28 32 -5.261903
28 33 2.150103
28 34 11.896296
28 35 -1.627118
28 36 1.629221
28 37 44.927444
28 38 59.323387
28 39 54.655102
28 40 33.668594
28 41 0.630561
28 42 16.006710
28 43 39.001560
28 44 32.560722
28 45 6.137028
28 46 -41.087612
28 47 -25.467268
28 48 0.000000
28 49 0.000000
28 50 0.000000
28 51 0.000000
28 52 0.000000
28 53 0.000000
28 54 0.000000
28 55 0.000000
28 56 0.000000
28 57 0.000000
28 58 0.000000
28 59 0.000000
28 60 0.000000
28 61 0.000000
28 62 0.000000
28 63 0.000000
29 0 0.000000
29 1 0.000000
29 2 0.000000
29 3 0.000000
29 4 0.000000
29 5 0.000000
29 6 0.000000
29 7 0.000000
29 8 0.000000
29 9 0.000000
29 10 0.000000
29 11 0.000000
29 12 0.000000
29 13 0.000000
29 14 0.000000
29 15 0.000000
29 16 222.667969
29 17 3.967622
29 18 -75.378754
29 19 22.168932
29 20 -31.835476
29 21 -15.056616
29 22 40.740841
29 23 -26.540806
29 24 -77.569862
29 25 -40.999954
29 26 28.654463
29 27 42.234428
29 28 11.697535
29 29 -9.461783
29 30 -25.749838
29 31 0.568090
29 32 12.779654
29 33 -6.421150
29 34 -25.004425
29 35 -18.643711
29 36 -19.777885
29 37 -19.959904
29 38 27.151764
29 39 45.539555
29 40 36.959507
29 41 15.998863
29 42 -11.179874
29 43 -4.562613
29 44 26.258852
29 45 57.233757
29 46 19.660713
29 47 -15.981028
29 48 0.000000
29 49 0.000000
29 50 0.000000
29 51 0.000000
29 52 0.000000
29 53 0.000000
29 54 0.000000
29 55 0.000000
29 56 0.000000
29 57 0.000000
29 58 0.000000
29 59 0.000000
29 60 0.000000
29 61 0.000000
29 62 0.000000
29 63 0.000000
30 0 0.000000
30 1 0.000000
30 2 0.000000
30 3 0.000000
30 4 0.000000
30 5 0.000000
30 6 0.000000
30 7 0.000000
30 8 0.000000
30 9 0.000000
30 10 0.000000
30 11 0.000000
30 12 0.000000
30 13 0.000000
30 14 0.000000
30 15 0.000000
30 16 216.768295
30 17 -112.067032
30 18 -21.064165
30 19 41.370445
30 20 37.082268
30 21 -19.654188
30 22 -7.128699
30 23 -13.194623
30 24 -45.895729
30 25 -16.245712
30 26 32.864250
30 27 28.131886
30 28 15.815229
30 29 3.082785
30 30 -23.255489
30 31 -6.307525
30 32 8.239882
30 33 9.022064
30 34 -13.379805
30 35 -35.355774
30 36 -14.322509
30 37 -33.255512
30 38 -32.720573
30 39 10.428646
30 40 32.578686
30 41 43.314034
30 42 31.470768
30 43 -7.818281
30 44 -12.905295
30 45 23.153999
30 46 21.298988
30 47 26.248444
30 48 0.000000
30 49 0.000000
30 50 0.000000
30 51 0.000000
30 52 0.000000
30 53 0.000000
30 54 0.000000
30 55 0.000000
30 56 0.000000
30 57 0.000000
30 58 0.000000
30 59 0.000000
30 60 0.000000
30 61 0.000000
30 62 0.000000
30 63 0.000000
31 0 0.000000
31 1 0.000000
31 2 0.000000
31 3 0.000000
31 4 0.000000
31 5 0.000000
31 6 0.000000
31 7 0.000000
31 8 0.000000
31 9 0.000000
31 10 0.000000
31 11 0.000000
31 12 0.000000
31 13 0.000000
31 14 0.000000
31 15 0.000000
31 16 237.912201
31 17 -163.721344
31 18 -26.466379
31 19 30.802418
31 20 97.156311
31 21 20.576292
31 22 -68.227562
31 23 -23.955708
31 24 -3.111980
31 25 -5.637568
31 26 53.023888
31 27 30.477291
31 28 5.265788
31 29 -9.131637
31 30 -16.433929
31 31 -4.230955
31 32 12.835384
31 33 9.840403
31 34 2.328330
31 35 -34.009487
31 36 -30.475996
31 37 -0.663114
31 38 -24.712934
31 39 -42.450615
31 40 -9.397247
31 41 19.945246
31 42 35.584297
31 43 29.840189
31 44 -2.148671
31 45 3.434786
31 46 16.371752
31 47 16.412441
31 48 0.000000
31 49 0.000000
31 50 0.000000
31 51 0.000000
31 52 0.000000
31 53 0.000000
31 54 0.000000
31 55 0.000000
31 56 0.000000
31 57 0.000000
31 58 0.000000
31 59 0.000000
31 60 0.000000
31 61 0.000000
31 62 0.000000
31 63 0.000000
32 0 0.000000
32 1 0.000000
32 2 0.000000
32 3 0.000000
32 4 0.000000
32 5 0.000000
32 6 0.000000
32 7 0.000000
32 8 0.000000
32 9 0.000000
32 10 0.000000
32 11 0.000000
32 12 0.000000
32 13 0.000000
32 14 0.000000
32 15 0.000000
32 16 308.879700
32 17 -236.486908
32 18 2.222534
32 19 47.144115
32 20 68.311844
32 21 51.613823
32 22 -71.803543
32 23 -45.541924
32 24 12.067171
32 25 -14.366984
32 26 47.624809
32 27 36.780518
32 28 5.637615
32 29 -20.165180
32 30 -0.798270
32 31 -11.475410
32 32 9.903031
32 33 19.768476
32 34 7.985049
32 35 -6.434335
32 36 -36.283169
32 37 -30.070675
32 38 -2.153358
32 39 -12.265013
32 40 -32.804367
32 41 -9.585452
32 42 0.856397
32 43 17.685369
32 44 22.240643
32 45 2.105814
32 46 15.127808
32 47 39.476460
32 48 0.000000
32 49 0.000000
32 50 0.000000
32 51 0.000000
32 52 0.000000
32 53 0.000000
32 54 0.000000
32 55 0.000000
32 56 0.000000
32 57 0.000000
32 58 0.000000
32 59 0.000000
32 60 0.000000
32 61 0.000000
32 62 0.000000
32 63 0.000000
33 0 0.000000
33 1 0.000000
33 2 0.000000
33 3 0.000000
33 4 0.000000
33 5 0.000000
33 6 0.000000
33 7 0.000000
33 8 0.000000
33 9 0.000000
33 10 0.000000
33 11 0.000000
33 12 0.000000
33 13 0.000000
33 14 0.000000
33 15 0.000000
33 16 405.486664
33 17 -346.393799
33 18 2.257519
33 19 128.483841
33 20 14.121405
33 21 7.560045
33 22 -26.874781
33 23 -18.846138
33 24 16.317520
33 25 -17.055080
33 26 20.076252
33 27 18.460979
33 28 2.873937
33 29 -27.774101
33 30 -0.603747
33 31 3.933929
33 32 5.051734
33 33 18.970303
33 34 7.015348
33 35 4.441615
33 36 -16.980722
33 37 -30.856945
33 38 -14.966957
33 39 9.863680
33 40 -13.191923
33 41 -31.495695
33 42 -2.681314
33 43 10.267885
33 44 10.373148
33 45 6.805991
33 46 0.391418
33 47 35.797401
33 48 0.000000
33 49 0.000000
33 50 0.000000
33 51 0.000000
33 52 0.000000
33 53 0.000000
33 54 0.000000
33 55 0.000000
33 56 0.000000
33 57 0.000000
33 58 0.000000
33 59 0.000000
33 60 0.000000
33 61 0.000000
33 62 0.000000
33 63 0.000000
34 0 0.000000
34 1 0.000000
34 2 0.000000
34 3 0.000000
34 4 0.000000
34 5 0.000000
34 6 0.000000
34 7 0.000000
34 8 0.000000
34 9 0.000000
34 10 0.000000
34 11 0.000000
34 12 0.000000
34 13 0.000000
34 14 0.000000
34 15 0.000000
34 16 373.553467
34 17 -396.806244
34 18 -24.920967
34 19 210.005219
34 20 11.490202
34 21 -68.491730
34 22 -29.656681
34 23 6.277818
34 24 37.449566
34 25 0.479734
34 26 -1.887223
34 27 14.375062
34 28 -11.706333
34 29 -32.960945
34 30 -22.874161
34 31 -1.039186
34 32 8.543912
34 33 17.512836
34 34 21.349957
34 35 14.685245
34 36 -11.770877
34 37 -13.088256
34 38 -14.112865
34 39 -6.224622
34 40 19.639906
34 41 -14.766936
34 42 -38.084694
34 43 -0.907661
34 44 5.410304
34 45 13.246948
34 46 8.160892
34 47 7.224255
34 48 0.000000
34 49 0.000000
34 50 0.000000
34 51 0.000000
34 52 0.000000
34 53 0.000000
34 54 0.000000
34 55 0.000000
34 56 0.000000
34 57 0.000000
34 58 0.000000
34 59 0.000000
34 60 0.000000
34 61 0.000000
34 62 0.000000
34 63 0.000000
35 0 0.000000
35 1 0.000000
35 2 0.000000
35 3 0.000000
35 4 0.000000
35 5 0.000000
35 6 0.000000
35 7 0.000000
35 8 0.000000
35 9 0.000000
35 10 0.000000
35 11 0.000000
35 12 0.000000
35 13 0.000000
35 14 0.000000
35 15 0.000000
35 16 147.140610
35 17 -342.262665
35 18 -61.797447
35 19 228.976913
35 20 56.607643
35 21 -106.422302
35 22 -61.333412
35 23 -18.957787
35 24 33.228928
35 25 42.133980
35 26 10.328861
35 27 14.257793
35 28 -1.872279
35 29 -30.903330
35 30 -32.925056
35 31 -11.539422
35 32 -7.041291
35 33 16.682926
35 34 27.845795
35 35 17.371208
35 36 10.869106
35 37 0.458538
35 38 3.311794
35 39 -2.682546
35 40 14.752962
35 41 28.360001
35 42 -10.383684
35 43 -31.279278
35 44 -18.018158
35 45 5.709270
35 46 18.143238
35 47 35.200005
35 48 0.000000
35 49 0.000000
35 50 0.000000
35 51 0.000000
35 52 0.000000
35 53 0.000000
35 54 0.000000
35 55 0.000000
35 56 0.000000
35 57 0.000000
35 58 0.000000
35 59 0.000000
35 60 0.000000
35 61 0.000000
35 62 0.000000
35 63 0.000000
36 0 0.000000
36 1 0.000000
36 2 0.000000
36 3 0.000000
36 4 0.000000
36 5 0.000000
36 6 0.000000
36 7 0.000000
36 8 0.000000
36 9 0.000000
36 10 0.000000
36 11 0.000000
36 12 0.000000
36 13 0.000000
36 14 0.000000
36 15 0.000000
36 16 -52.106548
36 17 -253.455750
36 18 -84.832733
36 19 201.543701
36 20 108.826485
36 21 -111.448875
36 22 -76.714630
36 23 -56.550697
36 24 -6.251972
36 25 70.567131
36 26 64.191109
36 27 2.282179
36 28 7.963117
36 29 -13.805264
36 30 -33.529613
36 31 -15.917210
36 32 -17.396622
36 33 -15.401498
36 34 15.696352
36 35 15.040043
36 36 28.830725
36 37 21.723236
36 38 9.360744
36 39 19.875557
36 40 10.425287
36 41 3.759550
36 42 13.592764
36 43 -21.308002
36 44 -44.261925
36 45 -2.861093
36 46 2.294204
36 47 14.344877
36 48 0.000000
36 49 0.000000
36 50 0.000000
36 51 0.000000
36 52 0.000000
36 53 0.000000
36 54 0.000000
36 55 0.000000
36 56 0.000000
36 57 0.000000
36 58 0.000000
36 59 0.000000
36 60 0.000000
36 61 0.000000
36 62 0.000000
36 63 0.000000
37 0 0.000000
37 1 0.000000
37 2 0.000000
37 3 0.000000
37 4 0.000000
37 5 0.000000
37 6 0.000000
37 7 0.000000
37 8 0.000000
37 9 0.000000
37 10 0.000000
37 11 0.000000
37 12 0.000000
37 13 0.000000
37 14 0.000000
37 15 0.000000
37 16 -117.333374
37 17 -149.705078
37 18 -73.608643
37 19 141.179108
37 20 138.742340
37 21 -49.098404
37 22 -80.858360
37 23 -64.681236
37 24 -59.818100
37 25 14.012935
37 26 108.234230
37 27 33.273685
37 28 8.235456
37 29 -18.586151
37 30 -20.051350
37 31 -15.379144
37 32 -8.102390
37 33 -25.583103
37 34 -3.859350
37 35 17.186577
37 36 21.425892
37 37 28.748575
37 38 10.730748
37 39 17.684410
37 40 20.875292
37 41 3.934662
37 42 7.528779
37 43 5.164924
37 44 -28.325344
37 45 -47.042580
37 46 -28.110012
37 47 2.074749
37 48 0.000000
37 49 0.000000
37 50 0.000000
37 51 0.000000
37 52 0.000000
37 53 0.000000
37 54 0.000000
37 55 0.000000
37 56 0.000000
37 57 0.000000
37 58 0.000000
37 59 0.000000
37 60 0.000000
37 61 0.000000
37 62 0.000000
37 63 0.000000
38 0 0.000000
38 1 0.000000
38 2 0.000000
38 3 0.000000
38 4 0.000000
38 5 0.000000
38 6 0.000000
38 7 0.000000
38 8 0.000000
38 9 0.000000
38 10 0.000000
38 11 0.000000
38 12 0.000000
38 13 0.000000
38 14 0.000000
38 15 0.000000
38 16 -106.290810
38 17 -69.499359
38 18 -59.634300
38 19 73.866425
38 20 116.803192
38 21 22.280254
38 22 -93.133858
38 23 -63.092197
38 24 -70.685074
38 25 -58.171013
38 26 76.017365
38 27 78.231506
38 28 42.312016
38 29 -14.087569
38 30 -12.226833
38 31 -12.264181
38 32 -11.219604
38 33 -12.007301
38 34 -16.286886
38 35 4.709751
38 36 9.063135
38 37 6.330433
38 38 -4.860960
38 39 5.583915
38 40 23.478058
38 41 26.493343
38 42 1.688130
38 43 -24.710407
38 44 -20.048759
38 45 -30.761604
38 46 -32.132622
38 47 27.818632
38 48 0.000000
38 49 0.000000
38 50 0.000000
38 51 0.000000
38 52 0.000000
38 53 0.000000
38 54 0.000000
38 55 0.000000
38 56 0.000000
38 57 0.000000
38 58 0.000000
38 59 0.000000
38 60 0.000000
38 61 0.000000
38 62 0.000000
38 63 0.000000
39 0 0.000000
39 1 0.000000
39 2 0.000000
39 3 0.000000
39 4 0.000000
39 5 0.000000
39 6 0.000000
39 7 0.000000
39 8 0.000000
39 9 0.000000
39 10 0.000000
39 11 0.000000
39 12 0.000000
39 13 0.000000
39 14 0.000000
39 15 0.000000
39 16 -257.321899
39 17 -148.600906
39 18 -13.832375
39 19 34.473492
39 20 93.875351
39 21 101.904289
39 22 -66.993843
39 23 -71.052460
39 24 -55.436256
39 25 -64.970139
39 26 30.580236
39 27 87.920967
39 28 71.414818
39 29 32.050415
39 30 -2.832526
39 31 -8.398393
39 32 -3.404936
39 33 -4.223980
39 34 -23.609329
39 35 -13.262238
39 36 -3.243365
39 37 12.752458
39 38 7.108010
39 39 1.934097
39 40 5.022903
39 41 2.599962
39 42 1.882517
39 43 -10.782761
39 44 -3.668372
39 45 26.330076
39 46 1.492910
39 47 -34.639412
39 48 0.000000
39 49 0.000000
39 50 0.000000
39 51 0.000000
39 52 0.000000
39 53 0.000000
39 54 0.000000
39 55 0.000000
39 56 0.000000
39 57 0.000000
39 58 0.000000
39 59 0.000000
39 60 0.000000
39 61 0.000000
39 62 0.000000
39 63 0.000000
40 0 0.000000
40 1 0.000000
40 2 0.000000
40 3 0.000000
40 4 0.000000
40 5 0.000000
40 6 0.000000
40 7 0.000000
40 8 0.000000
40 9 0.000000
40 10 0.000000
40 11 0.000000
40 12 0.000000
40 13 0.000000
40 14 0.000000
40 15 0.000000
40 16 -402.127380
40 17 -56.169918
40 18 50.577114
40 19 13.403332
40 20 46.351055
40 21 122.696953
40 22 -0.798296
40 23 -93.477463
40 24 -63.482071
40 25 -69.270325
40 26 -5.544253
40 27 68.056686
40 28 61.526089
40 29 64.146568
40 30 28.963396
40 31 -9.382086
40 32 -12.778428
40 33 -3.757635
40 34 -25.127213
40 35 -19.187180
40 36 -9.497778
40 37 -7.579993
40 38 1.742167
40 39 -18.412502
40 40 -5.029093
40 41 12.650013
40 42 22.600431
40 43 20.438416
40 44 -5.976347
40 45 5.512361
40 46 43.655762
40 47 -57.314129
40 48 0.000000
40 49 0.000000
40 50 0.000000
40 51 0.000000
40 52 0.000000
40 53 0.000000
40 54 0.000000
40 55 0.000000
40 56 0.000000
40 57 0.000000
40 58 0.000000
40 59 0.000000
40 60 0.000000
40 61 0.000000
40 62 0.000000
40 63 0.000000
41 0 0.000000
41 1 0.000000
41 2 0.000000
41 3 0.000000
41 4 0.000000
41 5 0.000000
41 6 0.000000
41 7 0.000000
41 8 0.000000
41 9 0.000000
41 10 0.000000
41 11 0.000000
41 12 0.000000
41 13 0.000000
41 14 0.000000
41 15 0.000000
41 16 125.824150
41 17 -615.730591
41 18 21.634476
41 19 79.271729
41 20 37.026791
41 21 92.492729
41 22 85.006592
41 23 -87.466232
41 24 -62.742393
41 25 -58.600517
41 26 -15.556012
41 27 51.014217
41 28 48.096016
41 29 53.532856
41 30 80.350937
41 31 34.186790
41 32 -11.738136
41 33 -11.488906
41 34 -16.349157
41 35 -35.855213
41 36 -26.830807
41 37 -30.144478
41 38 -5.185668
41 39 12.248902
41 40 21.142818
41 41 31.956617
41 42 28.455561
41 43 9.018771
41 44 -0.412081
41 45 -6.879157
41 46 -2.130814
41 47 153.944336
41 48 0.000000
41 49 0.000000
41 50 0.000000
41 51 0.000000
41 52 0.000000
41 53 0.000000
41 54 0.000000
41 55 0.000000
41 56 0.000000
41 57 0.000000
41 58 0.000000
41 59 0.000000
41 60 0.000000
41 61 0.000000
41 62 0.000000
41 63 0.000000
42 0 0.000000
42 1 0.000000
42 2 0.000000
42 3 0.000000
42 4 0.000000
42 5 0.000000
42 6 0.000000
42 7 0.000000
42 8 0.000000
42 9 0.000000
42 10 0.000000
42 11 0.000000
42 12 0.000000
42 13 0.000000
42 14 0.000000
42 15 0.000000
42 16 285.295654
42 17 1.637738
42 18 239.019165
42 19 -4.091864
42 20 11.896963
42 21 44.585926
42 22 116.077850
42 23 -38.564533
42 24 -92.886314
42 25 -84.350632
42 26 -48.364765
42 27 -8.661388
42 28 24.284904
42 29 -5.360848
42 30 36.228939
42 31 39.590000
42 32 -3.378934
42 33 -46.445114
42 34 -54.476433
42 35 -71.713409
42 36 -51.075996
42 37 -16.695951
42 38 -8.465527
42 39 5.521688
42 40 3.879177
42 41 -2.362289
42 42 -4.043842
42 43 -18.587143
42 44 -30.803495
42 45 -2.054684
42 46 50.931854
42 47 -242.220459
42 48 0.000000
42 49 0.000000
42 50 0.000000
42 51 0.000000
42 52 0.000000
42 53 0.000000
42 54 0.000000
42 55 0.000000
42 56 0.000000
42 57 0.000000
42 58 0.000000
42 59 0.000000
42 60 0.000000
42 61 0.000000
42 62 0.000000
42 63 0.000000
43 0 0.000000
43 1 0.000000
43 2 0.000000
43 3 0.000000
43 4 0.000000
43 5 0.000000
43 6 0.000000
43 7 0.000000
43 8 0.000000
43 9 0.000000
43 10 0.000000
43 11 0.000000
43 12 0.000000
43 13 0.000000
43 14 0.000000
43 15 0.000000
43 16 320.059998
43 17 25.863295
43 18 66.518539
43 19 86.009552
43 20 -68.487335
43 21 -0.801216
43 22 99.369446
43 23 74.222977
43 24 -48.369328
43 25 -56.196217
43 26 -37.522827
43 27 -29.558834
43 28 33.830093
43 29 9.254967
43 30 4.480355
43 31 21.916496
43 32 18.510891
43 33 -18.356594
43 34 -32.496857
43 35 -21.715069
43 36 -20.425072
43 37 -5.557333
43 38 -4.252357
43 39 3.708342
43 40 -6.788176
43 41 -14.642109
43 42 -22.052389
43 43 -17.725536
43 44 -20.013384
43 45 25.049950
43 46 82.041504
43 47 -103.294594
43 48 0.000000
43 49 0.000000
43 50 0.000000
43 51 0.000000
43 52 0.000000
43 53 0.000000
43 54 0.000000
43 55 0.000000
43 56 0.000000
43 57 0.000000
43 58 0.000000
43 59 0.000000
43 60 0.000000
43 61 0.000000
43 62 0.000000
43 63 0.000000
44 0 0.000000
44 1 0.000000
44 2 0.000000
44 3 0.000000
44 4 0.000000
44 5 0.000000
44 6 0.000000
44 7 0.000000
44 8 0.000000
44 9 0.000000
44 10 0.000000
44 11 0.000000
44 12 0.000000
44 13 0.000000
44 14 0.000000
44 15 0.000000
44 16 42.261482
44 17 218.336960
44 18 -32.789772
44 19 -253.036621
44 20 21.119724
44 21 -70.129318
44 22 7.785069
44 23 90.881996
44 24 -5.950858
44 25 -0.597507
44 26 32.910583
44 27 13.803581
44 28 39.882576
44 29 32.617035
44 30 3.035162
44 31 28.611481
44 32 54.418907
44 33 56.447327
44 34 13.935901
44 35 -0.925193
44 36 -0.580664
44 37 17.758720
44 38 14.698701
44 39 11.734152
44 40 -7.331211
44 41 -7.380816
44 42 19.337242
44 43 -3.468383
44 44 36.198891
44 45 -59.759289
44 46 -115.091125
44 47 -217.166107
44 48 0.000000
44 49 0.000000
44 50 0.000000
44 51 0.000000
44 52 0.000000
44 53 0.000000
44 54 0.000000
44 55 0.000000
44 56 0.000000
44 57 0.000000
44 58 0.000000
44 59 0.000000
44 60 0.000000
44 61 0.000000
44 62 0.000000
44 63 0.000000
45 0 0.000000
45 1 0.000000
45 2 0.000000
45 3 0.000000
45 4 0.000000
45 5 0.000000
45 6 0.000000
45 7 0.000000
45 8 0.000000
45 9 0.000000
45 10 0.000000
45 11 0.000000
45 12 0.000000
45 13 0.000000
45 14 0.000000
45 15 0.000000
45 16 75.674232
45 17 77.196846
45 18 40.309147
45 19 -462.428040
45 20 -3.961659
45 21 139.716171
45 22 -52.204651
45 23 55.245522
45 24 -11.746824
45 25 -69.704231
45 26 15.539179
45 27 15.623536
45 28 25.164762
45 29 70.685486
45 30 44.368458
45 31 34.702065
45 32 35.712715
45 33 54.023129
45 34 53.591995
45 35 36.712246
45 36 -0.806878
45 37 -2.297813
45 38 24.670776
45 39 27.154087
45 40 41.434803
45 41 31.381361
45 42 24.518513
45 43 65.422112
45 44 -25.364687
45 45 -116.011002
45 46 30.746479
45 47 86.022476
45 48 0.000000
45 49 0.000000
45 50 0.000000
45 51 0.000000
45 52 0.000000
45 53 0.000000
45 54 0.000000
45 55 0.000000
45 56 0.000000
45 57 0.000000
45 58 0.000000
45 59 0.000000
45 60 0.000000
45 61 0.000000
45 62 0.000000
45 63 0.000000
46 0 0.000000
46 1 0.000000
46 2 0.000000
46 3 0.000000
46 4 0.000000
46 5 0.000000
46 6 0.000000
46 7 0.000000
46 8 0.000000
46 9 0.000000
46 10 0.000000
46 11 0.000000
46 12 0.000000
46 13 0.000000
46 14 0.000000
46 15 0.000000
46 16 16.537672
46 17 35.180305
46 18 2.548587
46 19 15.970493
46 20 -20.891087
46 21 336.896393
46 22 -369.711365
46 23 -48.472958
46 24 62.924934
46 25 -112.056168
46 26 -59.254913
46 27 -34.112850
46 28 -31.287569
46 29 44.481133
46 30 61.960545
46 31 34.684536
46 32 35.861202
46 33 16.543137
46 34 19.302700
46 35 33.090828
46 36 8.446562
46 37 -6.612983
46 38 27.716520
46 39 29.564438
46 40 38.732555
46 41 -59.877533
46 42 37.408482
46 43 -37.595436
46 44 -49.606644
46 45 -17.332882
46 46 -3.297231
46 47 52.538177
46 48 0.000000
46 49 0.000000
46 50 0.000000
46 51 0.000000
46 52 0.000000
46 53 0.000000
46 54 0.000000
46 55 0.000000
46 56 0.000000
46 57 0.000000
46 58 0.000000
46 59 0.000000
46 60 0.000000
46 61 0.000000
46 62 0.000000
46 63 0.000000
47 0 0.000000
47 1 0.000000
47 2 0.000000
47 3 0.000000
47 4 0.000000
47 5 0.000000
47 6 0.000000
47 7 0.000000
47 8 0.000000
47 9 0.000000
47 10 0.000000
47 11 0.000000
47 12 0.000000
47 13 0.000000
47 14 0.000000
47 15 0.000000
47 16 30.682529
47 17 33.802513
47 18 1.633924
47 19 15.261319
47 20 359.042816
47 21 335.394196
47 22 323.868408
47 23 535.081848
47 24 -49.939957
47 25 -101.030602
47 26 -111.928314
47 27 -108.405090
47 28 -140.563675
47 29 -121.337379
47 30 -62.426926
47 31 -65.534546
47 32 -38.690678
47 33 -49.240479
47 34 -55.734970
47 35 -31.579561
47 36 -17.444820
47 37 -42.932587
47 38 -55.561966
47 39 -27.523840
47 40 -3.412464
47 41 30.540428
47 42 -14.756903
47 43 85.454994
47 44 168.323914
47 45 -37.916637
47 46 -22.835297
47 47 33.058907
47 48 0.000000
47 49 0.000000
47 50 0.000000
47 51 0.000000
47 52 0.000000
47 53 0.000000
47 54 0.000000
47 55 0.000000
47 56 0.000000
47 57 0.000000
47 58 0.000000
47 59 0.000000
47 60 0.000000
47 61 0.000000
47 62 0.000000
47 63 0.000000
48 0 0.000000
48 1 0.000000
48 2 0.000000
48 3 0.000000
48 4 0.000000
48 5 0.000000
48 6 0.000000
48 7 0.000000
48 8 0.000000
48 9 0.000000
48 10 0.000000
48 11 0.000000
48 12 0.000000
48 13 0.000000
48 14 0.000000
48 15 0.000000
48 16 0.000000
48 17 0.000000
48 18 0.000000
48 19 0.000000
48 20 0.000000
48 21 0.000000
48 22 0.000000
48 23 0.000000
48 24 0.000000
48 25 0.000000
48 26 0.000000
48 27 0.000000
48 28 0.000000
48 29 0.000000
48 30 0.000000
48 31 0.000000
48 32 0.000000
48 33 0.000000
48 34 0.000000
48 35 0.000000
48 36 0.000000
48 37 0.000000
48 38 0.000000
48 39 0.000000
48 40 0.000000
48 41 0.000000
48 42 0.000000
48 43 0.000000
48 44 0.000000
48 45 0.000000
48 46 0.000000
48 47 0.000000
48 48 0.000000
48 49 0.000000
48 50 0.000000
48 51 0.000000
48 52 0.000000
48 53 0.000000
48 54 0.000000
48 55 0.000000
48 56 0.000000
48 57 0.000000
48 58 0.000000
48 59 0.000000
48 60 0.000000
48 61 0.000000
48 62 0.000000
48 63 0.000000
49 0 0.000000
49 1 0.000000
49 2 0.000000
49 3 0.000000
49 4 0.000000
49 5 0.000000
49 6 0.000000
49 7 0.000000
49 8 0.000000
49 9 0.000000
49 10 0.000000
49 11 0.000000
49 12 0.000000
49 13 0.000000
49 14 0.000000
49 15 0.000000
49 16 0.000000
49 17 0.000000
49 18 0.000000
49 19 0.000000
49 20 0.000000
49 21 0.000000
49 22 0.000000
49 23 0.000000
49 24 0.000000
49 25 0.000000
49 26 0.000000
49 27 0.000000
49 28 0.000000
49 29 0.000000
49 30 0.000000
49 31 0.000000
49 32 0.000000
49 33 0.000000
49 34 0.000000
49 35 0.000000
49 36 0.000000
49 37 0.000000
49 38 0.000000
49 39 0.000000
49 40 0.000000
49 41 0.000000
49 42 0.000000
49 43 0.000000
49 44 0.000000
49 45 0.000000
49 46 0.000000
49 47 0.000000
49 48 0.000000
49 49 0.000000
49 50 0.000000
49 51 0.000000
49 52 0.000000
49 53 0.000000
49 54 0.000000
49 55 0.000000
49 56 0.000000
49 57 0.000000
49 58 0.000000
49 59 0.000000
49 60 0.000000
49 61 0.000000
49 62 0.000000
49 63 0.000000
50 0 0.000000
50 1 0.000000
50 2 0.000000
50 3 0.000000
50 4 0.000000
50 5 0.000000
50 6 0.000000
50 7 0.000000
50 8 0.000000
50 9 0.000000
50 10 0.000000
50 11 0.000000
50 12 0.000000
50 13 0.000000
50 14 0.000000
50 15 0.000000
50 16 0.000000
50 17 0.000000
50 18 0.000000
50 19 0.000000
50 20 0.000000
50 21 0.000000
50 22 0.000000
50 23 0.000000
50 24 0.000000
50 25 0.000000
50 26 0.000000
50 27 0.000000
50 28 0.000000
50 29 0.000000
50 30 0.000000
50 31 0.000000
50 32 0.000000
50 33 0.000000
50 34 0.000000
50 35 0.000000
50 36 0.000000
50 37 0.000000
50 38 0.000000
50 39 0.000000
50 40 0.000000
50 41 0.000000
50 42 0.000000
50 43 0.000000
50 44 0.000000
50 45 0.000000
50 46 0.000000
50 47 0.000000
50 48 0.000000
50 49 0.000000
50 50 0.000000
50 51 0.000000
50 52 0.000000
50 53 0.000000
50 54 0.000000
50 55 0.000000
50 56 0.000000
50 57 0.000000
50 58 0.000000
50 59 0.000000
50 60 0.000000
50 61 0.000000
50 62 0.000000
50 63 0.000000
51 0 0.000000
51 1 0.000000
51 2 0.000000
51 3 0.000000
51 4 0.000000
51 5 0.000000
51 6 0.000000
51 7 0.000000
51 8 0.000000
51 9 0.000000
51 10 0.000000
51 11 0.000000
51 12 0.000000
51 13 0.000000
51 14 0.000000
51 15 0.000000
51 16 0.000000
51 17 0.000000
51 18 0.000000
51 19 0.000000
51 20 0.000000
51 21 0.000000
51 22 0.000000
51 23 0.000000
51 24 0.000000
51 25 0.000000
51 26 0.000000
51 27 0.000000
51 28 0.000000
51 29 0.000000
51 30 0.000000
51 31 0.000000
51 32 0.000000
51 33 0.000000
51 34 0.000000
51 35 0.000000
51 36 0.000000
51 37 0.000000
51 38 0.000000
51 39 0.000000
51 40 0.000000
51 41 0.000000
51 42 0.000000
51 43 0.000000
51 44 0.000000
51 45 0.000000
51 46 0.000000
51 47 0.000000
51 48 0.000000
51 49 0.000000
51 50 0.000000
51 51 0.000000
51 52 0.000000
51 53 0.000000
51 54 0.000000
51 55 0.000000
51 56 0.000000
51 57 0.000000
51 58 0.000000
51 59 0.000000
51 60 0.000000
51 61 0.000000
51 62 0.000000
51 63 0.000000
52 0 0.000000
52 1 0.000000
52 2 0.000000
52 3 0.000000
52 4 0.000000
52 5 0.000000
52 6 0.000000
52 7 0.000000
52 8 0.000000
52 9 0.000000
52 10 0.000000
52 11 0.000000
52 12 0.000000
52 13 0.000000
52 14 0.000000
52 15 0.000000
52 16 0.000000
52 17 0.000000
52 18 0.000000
52 19 0.000000
52 20 0.000000
52 21 0.000000
52 22 0.000000
52 23 0.000000
52 24 0.000000
52 25 0.000000
52 26 0.000000
52 27 0.000000
52 28 0.000000
52 29 0.000000
52 30 0.000000
52 31 0.000000
52 32 0.000000
52 33 0.000000
52 34 0.000000
52 35 0.000000
52 36 0.000000
52 37 0.000000
52 38 0.000000
52 39 0.000000
52 40 0.000000
52 41 0.000000
52 42 0.000000
52 43 0.000000
52 44 0.000000
52 45 0.000000
52 46 0.000000
52 47 0.000000
52 48 0.000000
52 49 0.000000
52 50 0.000000
52 51 0.000000
52 52 0.000000
52 53 0.000000
52 54 0.000000
52 55 0.000000
52 56 0.000000
52 57 0.000000
52 58 0.000000
52 59 0.000000
52 60 0.000000
52 61 0.000000
52 62 0.000000
52 63 0.000000
53 0 0.000000
53 1 0.000000
53 2 0.000000
53 3 0.000000
53 4 0.000000
53 5 0.000000
53 6 0.000000
53 7 0.000000
53 8 0.000000
53 9 0.000000
53 10 0.000000
53 11 0.000000
53 12 0.000000
53 13 0.000000
53 14 0.000000
53 15 0.000000
53 16 0.000000
53 17 0.000000
53 18 0.000000
53 19 0.000000
53 20 0.000000
53 21 0.000000
53 22 0.000000
53 23 0.000000
53 24 0.000000
53 25 0.000000
53 26 0.000000
53 27 0.000000
53 28 0.000000
53 29 0.000000
53 30 0.000000
53 31 0.000000
53 32 0.000000
53 33 0.000000
53 34 0.000000
53 35 0.000000
53 36 0.000000
53 37 0.000000
53 38 0.000000
53 39 0.000000
53 40 0.000000
53 41 0.000000
53 42 0.000000
53 43 0.000000
53 44 0.000000
53 45 0.000000
53 46 0.000000
53 47 0.000000
53 48 0.000000
53 49 0.000000
53 50 0.000000
53 51 0.000000
53 52 0.000000
53 53 0.000000
53 54 0.000000
53 55 0.000000
53 56 0.000000
53 57 0.000000
53 58 0.000000
53 59 0.000000
53 60 0.000000
53 61 0.000000
53 62 0.000000
53 63 0.000000
54 0 0.000000
54 1 0.000000
54 2 0.000000
54 3 0.000000
54 4 0.000000
54 5 0.000000
54 6 0.000000
54 7 0.000000
54 8 0.000000
54 9 0.000000
54 10 0.000000
54 11 0.000000
54 12 0.000000
54 13 0.000000
54 14 0.000000
54 15 0.000000
54 16 0.000000
54 17 0.000000
54 18 0.000000
54 19 0.000000
54 20 0.000000
54 21 0.000000
54 22 0.000000
54 23 0.000000
54 24 0.000000
54 25 0.000000
54 26 0.000000
54 27 0.000000
54 28 0.000000
54 29 0.000000
54 30 0.000000
54 31 0.000000
54 32 0.000000
54 33 0.000000
54 34 0.000000
54 35 0.000000
54 36 0.000000
54 37 0.000000
54 38 0.000000
54 39 0.000000
54 40 0.000000
54 41 0.000000
54 42 0.000000
54 43 0.000000
54 44 0.000000
54 45 0.000000
54 46 0.000000
54 47 0.000000
54 48 0.000000
54 49 0.000000
54 50 0.000000
54 51 0.000000
54 52 0.000000
54 53 0.000000
54 54 0.000000
54 55 0.000000
54 56 0.000000
54 57 0.000000
54 58 0.000000
54 59 0.000000
54 60 0.000000
54 61 0.000000
54 62 0.000000
54 63 0.000000
55 0 0.000000
55 1 0.000000
55 2 0.000000
55 3 0.000000
55 4 0.000000
55 5 0.000000
55 6 0.000000
55 7 0.000000
55 8 0.000000
55 9 0.000000
55 10 0.000000
55 11 0.000000
55 12 0.000000
55 13 0.000000
55 14 0.000000
55 15 0.000000
55 16 0.000000
55 17 0.000000
55 18 0.000000
55 19 0.000000
55 20 0.000000
55 21 0.000000
55 22 0.000000
55 23 0.000000
55 24 0.000000
55 25 0.000000
55 26 0.000000
55 27 0.000000
55 28 0.000000
55 29 0.000000
55 30 0.000000
55 31 0.000000
55 32 0.000000
55 33 0.000000
55 34 0.000000
55 35 0.000000
55 36 0.000000
55 37 0.000000
55 38 0.000000
55 39 0.000000
55 40 0.000000
55 41 0.000000
55 42 0.000000
55 43 0.000000
55 44 0.000000
55 45 0.000000
55 46 0.000000
55 47 0.000000
55 48 0.000000
55 49 0.000000
55 50 0.000000
55 51 0.000000
55 52 0.000000
55 53 0.000000
55 54 0.000000
55 55 0.000000
55 56 0.000000
55 57 0.000000
55 58 0.000000
55 59 0.000000
55 60 0.000000
55 61 0.000000
55 62 0.000000
55 63 0.000000
56 0 0.000000
56 1 0.000000
56 2 0.000000
56 3 0.000000
56 4 0.000000
56 5 0.000000
56 6 0.000000
56 7 0.000000
56 8 0.000000
56 9 0.000000
56 10 0.000000
56 11 0.000000
56 12 0.000000
56 13 0.000000
56 14 0.000000
56 15 0.000000
56 16 0.000000
56 17 0.000000
56 18 0.000000
56 19 0.000000
56 20 0.000000
56 21 0.000000
56 22 0.000000
56 23 0.000000
56 24 0.000000
56 25 0.000000
56 26 0.000000
56 27 0.000000
56 28 0.000000
56 29 0.000000
56 30 0.000000
56 31 0.000000
56 32 0.000000
56 33 0.000000
56 34 0.000000
56 35 0.000000
56 36 0.000000
56 37 0.000000
56 38 0.000000
56 39 0.000000
56 40 0.000000
56 41 0.000000
56 42 0.000000
56 43 0.000000
56 44 0.000000
56 45 0.000000
56 46 0.000000
56 47 0.000000
56 48 0.000000
56 49 0.000000
56 50 0.000000
56 51 0.000000
56 52 0.000000
56 53 0.000000
56 54 0.000000
56 55 0.000000
56 56 0.000000
56 57 0.000000
56 58 0.000000
56 59 0.000000
56 60 0.000000
56 61 0.000000
56 62 0.000000
56 63 0.000000
57 0 0.000000
57 1 0.000000
57 2 0.000000
57 3 0.000000
57 4 0.000000
57 5 0.000000
57 6 0.000000
57 7 0.000000
57 8 0.000000
57 9 0.000000
57 10 0.000000
57 11 0.000000
57 12 0.000000
57 13 0.000000
57 14 0.000000
57 15 0.000000
57 16 0.000000
57 17 0.000000
57 18 0.000000
57 19 0.000000
57 20 0.000000
57 21 0.000000
57 22 0.000000
57 23 0.000000
57 24 0.000000
57 25 0.000000
57 26 0.000000
57 27 0.000000
57 28 0.000000
57 29 0.000000
57 30 0.000000
57 31 0.000000
57 32 0.000000
57 33 0.000000
57 34 0.000000
57 35 0.000000
57 36 0.000000
57 37 0.000000
57 38 0.000000
57 39 0.000000
57 40 0.000000
57 41 0.000000
57 42 0.000000
57 43 0.000000
57 44 0.000000
57 45 0.000000
57 46 0.000000
57 47 0.000000
57 48 0.000000
57 49 0.000000
57 50 0.000000
57 51 0.000000
57 52 0.000000
57 53 0.000000
57 54 0.000000
57 55 0.000000
57 56 0.000000
57 57 0.000000
57 58 0.000000
57 59 0.000000
57 60 0.000000
57 61 0.000000
57 62 0.000000
57 63 0.000000
58 0 0.000000
58 1 0.000000
58 2 0.000000
58 3 0.000000
58 4 0.000000
58 5 0.000000
58 6 0.000000
58 7 0.000000
58 8 0.000000
58 9 0.000000
58 10 0.000000
58 11 0.000000
58 12 0.000000
58 13 0.000000
58 14 0.000000
58 15 0.000000
58 16 0.000000
58 17 0.000000
58 18 0.000000
58 19 0.000000
58 20 0.000000
58 21 0.000000
58 22 0.000000
58 23 0.000000
58 24 0.000000
58 25 0.000000
58 26 0.000000
58 27 0.000000
58 28 0.000000
58 29 0.000000
58 30 0.000000
58 31 0.000000
58 32 0.000000
58 33 0.000000
58 34 0.000000
58 35 0.000000
58 36 0.000000
58 37 0.000000
58 38 0.000000
58 39 0.000000
58 40 0.000000
58 41 0.000000
58 42 0.000000
58 43 0.000000
58 44 0.000000
58 45 0.000000
58 46 0.000000
58 47 0.000000
58 48 0.000000
58 49 0.000000
58 50 0.000000
58 51 0.000000
58 52 0.000000
58 53 0.000000
58 54 0.000000
58 55 0.000000
58 56 0.000000
58 57 0.000000
58 58 0.000000
58 59 0.000000
58 60 0.000000
58 61 0.000000
58 62 0.000000
58 63 0.000000
59 0 0.000000
59 1 0.000000
59 2 0.000000
59 3 0.000000
59 4 0.000000
59 5 0.000000
59 6 0.000000
59 7 0.000000
59 8 0.000000
59 9 0.000000
59 10 0.000000
59 11 0.000000
59 12 0.000000
59 13 0.000000
59 14 0.000000
59 15 0.000000
59 16 0.000000
59 17 0.000000
59 18 0.000000
59 19 0.000000
59 20 0.000000
59 21 0.000000
59 22 0.000000
59 23 0.000000
59 24 0.000000
59 25 0.000000
59 26 0.000000
59 27 0.000000
59 28 0.000000
59 29 0.000000
59 30 0.000000
59 31 0.000000
59 32 0.000000
59 33 0.000000
59 34 0.000000
59 35 0.000000
59 36 0.000000
59 37 0.000000
59 38 0.000000
59 39 0.000000
59 40 0.000000
59 41 0.000000
59 42 0.000000
59 43 0.000000
59 44 0.000000
59 45 0.000000
59 46 0.000000
59 47 0.000000
59 48 0.000000
59 49 0.000000
59 50 0.000000
59 51 0.000000
59 52 0.000000
59 53 0.000000
59 54 0.000000
59 55 0.000000
59 56 0.000000
59 57 0.000000
59 58 0.000000
59 59 0.000000
59 60 0.000000
59 61 0.000000
59 62 0.000000
59 63 0.000000
60 0 0.000000
60 1 0.000000
60 2 0.000000
60 3 0.000000
60 4 0.000000
60 5 0.000000
60 6 0.000000
60 7 0.000000
60 8 0.000000
60 9 0.000000
60 10 0.000000
60 11 0.000000
60 12 0.000000
60 13 0.000000
60 14 0.000000
60 15 0.000000
60 16 0.000000
60 17 0.000000
60 18 0.000000
60 19 0.000000
60 20 0.000000
60 21 0.000000
60 22 0.000000
60 23 0.000000
60 24 0.000000
60 25 0.000000
60 26 0.000000
60 27 0.000000
60 28 0.000000
60 29 0.000000
60 30 0.000000
60 31 0.000000
60 32 0.000000
60 33 0.000000
60 34 0.000000
60 35 0.000000
60 36 0.000000
60 37 0.000000
60 38 0.000000
60 39 0.000000
60 40 0.000000
60 41 0.000000
60 42 0.000000
60 43 0.000000
60 44 0.000000
60 45 0.000000
60 46 0.000000
60 47 0.000000
60 48 0.000000
60 49 0.000000
60 50 0.000000
60 51 0.000000
60 52 0.000000
60 53 0.000000
60 54 0.000000
60 55 0.000000
60 56 0.000000
60 57 0.000000
60 58 0.000000
60 59 0.000000
60 60 0.000000
60 61 0.000000
60 62 0.000000
60 63 0.000000
61 0 0.000000
61 1 0.000000
61 2 0.000000
61 3 0.000000
61 4 0.000000
61 5 0.000000
61 6 0.000000
61 7 0.000000
61 8 0.000000
61 9 0.000000
61 10 0.000000
61 11 0.000000
61 12 0.000000
61 13 0.000000
61 14 0.000000
61 15 0.000000
61 16 0.000000
61 17 0.000000
61 18 0.000000
61 19 0.000000
61 20 0.000000
61 21 0.000000
61 22 0.000000
61 23 0.000000
61 24 0.000000
61 25 0.000000
61 26 0.000000
61 27 0.000000
61 28 0.000000
61 29 0.000000
61 30 0.000000
61 31 0.000000
61 32 0.000000
61 33 0.000000
61 34 0.000000
61 35 0.000000
61 36 0.000000
61 37 0.000000
61 38 0.000000
61 39 0.000000
61 40 0.000000
61 41 0.000000
61 42 0.000000
61 43 0.000000
61 44 0.000000
61 45 0.000000
61 46 0.000000
61 47 0.000000
61 48 0.000000
61 49 0.000000
61 50 0.000000
61 51 0.000000
61 52 0.000000
61 53 0.000000
61 54 0.000000
61 55 0.000000
61 56 0.000000
61 57 0.000000
61 58 0.000000
61 59 0.000000
61 60 0.000000
61 61 0.000000
61 62 0.000000
61 63 0.000000
62 0 0.000000
62 1 0.000000
62 2 0.000000
62 3 0.000000
62 4 0.000000
62 5 0.000000
62 6 0.000000
62 7 0.000000
62 8 0.000000
62 9 0.000000
62 10 0.000000
62 11 0.000000
62 12 0.000000
62 13 0.000000
62 14 0.000000
62 15 0.000000
62 16 0.000000
62 17 0.000000
62 18 0.000000
62 19 0.000000
62 20 0.000000
62 21 0.000000
62 22 0.000000
62 23 0.000000
62 24 0.000000
62 25 0.000000
62 26 0.000000
62 27 0.000000
62 28 0.000000
62 29 0.000000
62 30 0.000000
62 31 0.000000
62 32 0.000000
62 33 0.000000
62 34 0.000000
62 35 0.000000
62 36 0.000000
62 37 0.000000
62 38 0.000000
62 39 0.000000
62 40 0.000000
62 41 0.000000
62 42 0.000000
62 43 0.000000
62 44 0.000000
62 45 0.000000
62 46 0.000000
62 47 0.000000
62 48 0.000000
62 49 0.000000
62 50 0.000000
62 51 0.000000
62 52 0.000000
62 53 0.000000
62 54 0.000000
62 55 0.000000
62 56 0.000000
62 57 0.000000
62 58 0.000000
62 59 0.000000
62 60 0.000000
62 61 0.000000
62 62 0.000000
62 63 0.000000
63 0 0.000000
63 1 0.000000
63 2 0.000000
63 3 0.000000
63 4 0.000000
63 5 0.000000
63 6 0.000000
63 7 0.000000
63 8 0.000000
63 9 0.000000
63 10 0.000000
63 11 0.000000
63 12 0.000000
63 13 0.000000
63 14 0.000000
63 15 0.000000
63 16 0.000000
63 17 0.000000
63 18 0.000000
63 19 0.000000
63 20 0.000000
63 21 0.000000
63 22 0.000000
63 23 0.000000
63 24 0.000000
63 25 0.000000
63 26 0.000000
63 27 0.000000
63 28 0.000000
63 29 0.000000
63 30 0.000000
63 31 0.000000
63 32 0.000000
63 33 0.000000
63 34 0.000000
63 35 0.000000
63 36 0.000000
63 37 0.000000
63 38 0.000000
63 39 0.000000
63 40 0.000000
63 41 0.000000
63 42 0.000000
63 43 0.000000
63 44 0.000000
63 45 0.000000
63 46 0.000000
63 47 0.000000
63 48 0.000000
63 49 0.000000
63 50 0.000000
63 51 0.000000
63 52 0.000000
63 53 0.000000
63 54 0.000000
63 55 0.000000
63 56 0.000000
63 57 0.000000
63 58 0.000000
63 59 0.000000
63 60 0.000000
63 61 0.000000
63 62 0.000000
63 63 0.000000
