0 0 2.699997
0 1 3.050001
0 2 3.050001
0 3 3.050001
0 4 3.050001
0 5 3.050001
0 6 3.050001
0 7 3.050001
0 8 3.050001
0 9 3.050001
0 10 3.050001
0 11 3.050001
0 12 3.050001
0 13 3.050001
0 14 3.050001
0 15 3.050001
0 16 3.050001
0 17 3.050000
0 18 3.050001
0 19 3.050001
0 20 3.050001
0 21 3.050000
0 22 3.050000
0 23 3.050001
0 24 3.050001
0 25 3.050001
0 26 3.050001
0 27 3.050001
0 28 3.050000
0 29 3.050001
0 30 3.050000
0 31 3.050001
1 0 4.266548
1 1 4.283519
1 2 4.346282
1 3 4.357595
1 4 4.422297
1 5 4.439267
1 6 4.456239
1 7 4.473208
1 8 4.490179
1 9 4.607151
1 10 4.624121
1 11 4.641090
1 12 4.658062
1 13 4.675032
1 14 4.740624
1 15 4.751939
1 16 4.813812
1 17 4.830783
1 18 4.847754
1 19 4.864725
1 20 4.881695
1 21 4.898666
1 22 5.015635
1 23 5.032606
1 24 5.049578
1 25 5.066547
1 26 5.083518
1 27 5.146281
1 28 5.157597
1 29 5.222298
1 30 5.239268
1 31 5.256238
2 0 3.080669
2 1 3.020734
2 2 3.009419
2 3 2.998106
2 4 2.986792
2 5 2.975478
2 6 2.917438
2 7 2.911782
2 8 2.906124
2 9 2.900467
2 10 2.894810
2 11 2.889153
2 12 2.883497
2 13 2.826390
2 14 2.815076
2 15 2.803763
2 16 2.792449
2 17 2.781135
2 18 2.669821
2 19 2.658508
2 20 2.647193
2 21 2.635880
2 22 2.624566
2 23 2.613252
2 24 2.601939
2 25 2.590625
2 26 2.525033
2 27 2.508062
2 28 2.491092
2 29 2.474121
2 30 2.457151
2 31 2.340180
3 0 0.000000
3 1 0.000000
3 2 0.000000
3 3 0.000000
3 4 0.000000
3 5 0.000000
3 6 0.000000
3 7 0.000000
3 8 0.000000
3 9 0.000000
3 10 0.000000
3 11 0.000000
3 12 0.000000
3 13 0.000000
3 14 0.000000
3 15 0.000000
3 16 0.000000
3 17 0.000000
3 18 0.000000
3 19 0.000000
3 20 0.000000
3 21 0.000000
3 22 0.000000
3 23 0.000000
3 24 0.000000
3 25 0.000000
3 26 0.000000
3 27 0.000000
3 28 0.000000
3 29 0.000000
3 30 0.000000
3 31 0.000000
4 0 0.000000
4 1 0.000000
4 2 0.000000
4 3 0.000000
4 4 0.000000
4 5 0.000000
4 6 0.000000
4 7 0.000000
4 8 0.000000
4 9 0.000000
4 10 0.000000
4 11 0.000000
4 12 0.000000
4 13 0.000000
4 14 0.000000
4 15 0.000000
4 16 0.000000
4 17 0.000000
4 18 0.000000
4 19 0.000000
4 20 0.000000
4 21 0.000000
4 22 0.000000
4 23 0.000000
4 24 0.000000
4 25 0.000000
4 26 0.000000
4 27 0.000000
4 28 0.000000
4 29 0.000000
4 30 0.000000
4 31 0.000000
5 0 0.000000
5 1 0.000000
5 2 0.000000
5 3 0.000000
5 4 0.000000
5 5 0.000000
5 6 0.000000
5 7 0.000000
5 8 0.000000
5 9 0.000000
5 10 0.000000
5 11 0.000000
5 12 0.000000
5 13 0.000000
5 14 0.000000
5 15 0.000000
5 16 0.000000
5 17 0.000000
5 18 0.000000
5 19 0.000000
5 20 0.000000
5 21 0.000000
5 22 0.000000
5 23 0.000000
5 24 0.000000
5 25 0.000000
5 26 0.000000
5 27 0.000000
5 28 0.000000
5 29 0.000000
5 30 0.000000
5 31 0.000000
6 0 0.000000
6 1 0.000000
6 2 0.000000
6 3 0.000000
6 4 0.000000
6 5 0.000000
6 6 0.000000
6 7 0.000000
6 8 0.000000
6 9 0.000000
6 10 0.000000
6 11 0.000000
6 12 0.000000
6 13 0.000000
6 14 0.000000
6 15 0.000000
6 16 0.000000
6 17 0.000000
6 18 0.000000
6 19 0.000000
6 20 0.000000
6 21 0.000000
6 22 0.000000
6 23 0.000000
6 24 0.000000
6 25 0.000000
6 26 0.000000
6 27 0.000000
6 28 0.000000
6 29 0.000000
6 30 0.000000
6 31 0.000000
7 0 0.000000
7 1 0.000000
7 2 0.000000
7 3 0.000000
7 4 0.000000
7 5 0.000000
7 6 0.000000
7 7 0.000000
7 8 0.000000
7 9 0.000000
7 10 0.000000
7 11 0.000000
7 12 0.000000
7 13 0.000000
7 14 0.000000
7 15 0.000000
7 16 0.000000
7 17 0.000000
7 18 0.000000
7 19 0.000000
7 20 0.000000
7 21 0.000000
7 22 0.000000
7 23 0.000000
7 24 0.000000
7 25 0.000000
7 26 0.000000
7 27 0.000000
7 28 0.000000
7 29 0.000000
7 30 0.000000
7 31 0.000000
8 0 0.000000
8 1 0.000000
8 2 0.000000
8 3 0.000000
8 4 0.000000
8 5 0.000000
8 6 0.000000
8 7 0.000000
8 8 20015942299073508278272.000000
8 9 1005250583887693742080.000000
8 10 -1165504139753255075840.000000
8 11 87876181484292142006272.000000
8 12 -839437686125864419328.000000
8 13 1203170980399186706432.000000
8 14 -714389472234900029440.000000
8 15 -2220788871076104896512.000000
8 16 -2145384117352622194688.000000
8 17 -1668149768264169291776.000000
8 18 -2004420463853507182592.000000
8 19 -8716916363059106152448.000000
8 20 -2354507640149664333824.000000
8 21 86781716702848564068352.000000
8 22 -11553248505479932411904.000000
8 23 -6456726906218020339712.000000
8 24 0.000000
8 25 0.000000
8 26 0.000000
8 27 0.000000
8 28 0.000000
8 29 0.000000
8 30 0.000000
8 31 0.000000
9 0 0.000000
9 1 0.000000
9 2 0.000000
9 3 0.000000
9 4 0.000000
9 5 0.000000
9 6 0.000000
9 7 0.000000
9 8 11272124809540211310592.000000
9 9 694823231810068021248.000000
9 10 5438593634858744938496.000000
9 11 3754506331200753238016.000000
9 12 3273387345958716571648.000000
9 13 379284645999097675776.000000
9 14 -177674992152230232064.000000
9 15 -1531874784189612032000.000000
9 16 -1495980109997050691584.000000
9 17 -1214378328809386541056.000000
9 18 -1264386580546685239296.000000
9 19 -3951048485488782475264.000000
9 20 -7142099897160004796416.000000
9 21 -3565425515595370070016.000000
9 22 -5544389382555165523968.000000
9 23 -3202456214777584680960.000000
9 24 0.000000
9 25 0.000000
9 26 0.000000
9 27 0.000000
9 28 0.000000
9 29 0.000000
9 30 0.000000
9 31 0.000000
10 0 0.000000
10 1 0.000000
10 2 0.000000
10 3 0.000000
10 4 0.000000
10 5 0.000000
10 6 0.000000
10 7 0.000000
10 8 11253921259846379765760.000000
10 9 673490032218934870016.000000
10 10 4685543926416357195776.000000
10 11 4505737992768566853632.000000
10 12 1386940644669016506368.000000
10 13 179605171620651466752.000000
10 14 -559412059254663675904.000000
10 15 -1553215794711348903936.000000
10 16 -1319114323218491506688.000000
10 17 -1441805043442015797248.000000
10 18 -1131369950802530533376.000000
10 19 -3639105531399058227200.000000
10 20 -4173061873369312395264.000000
10 21 -8173877386540352536576.000000
10 22 -6019794988719929294848.000000
10 23 -3149169905461513682944.000000
10 24 0.000000
10 25 0.000000
10 26 0.000000
10 27 0.000000
10 28 0.000000
10 29 0.000000
10 30 0.000000
10 31 0.000000
11 0 0.000000
11 1 0.000000
11 2 0.000000
11 3 0.000000
11 4 0.000000
11 5 0.000000
11 6 0.000000
11 7 0.000000
11 8 92597386038457925632000.000000
11 9 4048528054998286729216.000000
11 10 4037555878931128647680.000000
11 11 2148739299075013214208.000000
11 12 1001638978461519314944.000000
11 13 315109829052695838720.000000
11 14 -527481854555955658752.000000
11 15 -1551059133439791857664.000000
11 16 -1214860636181980250112.000000
11 17 -1361369768934760251392.000000
11 18 -1148494958754351022080.000000
11 19 -3835343129762286534656.000000
11 20 -3486004817641668083712.000000
11 21 -6666066601797176262656.000000
11 22 -8425353323183140241408.000000
11 23 -5057711829473046822912.000000
11 24 0.000000
11 25 0.000000
11 26 0.000000
11 27 0.000000
11 28 0.000000
11 29 0.000000
11 30 0.000000
11 31 0.000000
12 0 0.000000
12 1 0.000000
12 2 0.000000
12 3 0.000000
12 4 0.000000
12 5 0.000000
12 6 0.000000
12 7 0.000000
12 8 16160475960276223524864.000000
12 9 5334873483640588730368.000000
12 10 1734111599468962906112.000000
12 11 1832124845534310563840.000000
12 12 943553802267508342784.000000
12 13 475040357198109605888.000000
12 14 -448164176443729772544.000000
12 15 -1490776763577577504768.000000
12 16 -1398853228633364889600.000000
12 17 -1317534404174214594560.000000
12 18 -987551718827104403456.000000
12 19 -4032135233829634834432.000000
12 20 -3341675708583512113152.000000
12 21 -6939936687587063758848.000000
12 22 -6385811537635584245760.000000
12 23 -4585685611878671187968.000000
12 24 0.000000
12 25 0.000000
12 26 0.000000
12 27 0.000000
12 28 0.000000
12 29 0.000000
12 30 0.000000
12 31 0.000000
13 0 0.000000
13 1 0.000000
13 2 0.000000
13 3 0.000000
13 4 0.000000
13 5 0.000000
13 6 0.000000
13 7 0.000000
13 8 17746309356763779956736.000000
13 9 3973345244293940379648.000000
13 10 2154356413710251065344.000000
13 11 1676192493511211220992.000000
13 12 977085775505560436736.000000
13 13 530643803706834812928.000000
13 14 -656232942134292905984.000000
13 15 -1032630710403501916160.000000
13 16 -1106509095697026908160.000000
13 17 -1235105442406917472256.000000
13 18 -1690046551127421353984.000000
13 19 -4269921072030146363392.000000
13 20 -4184656953559931158528.000000
13 21 -7491652411737900056576.000000
13 22 -4480457599210275995648.000000
13 23 -2218346512703186534400.000000
13 24 0.000000
13 25 0.000000
13 26 0.000000
13 27 0.000000
13 28 0.000000
13 29 0.000000
13 30 0.000000
13 31 0.000000
14 0 0.000000
14 1 0.000000
14 2 0.000000
14 3 0.000000
14 4 0.000000
14 5 0.000000
14 6 0.000000
14 7 0.000000
14 8 15436467151080981004288.000000
14 9 3707209809389084999680.000000
14 10 2282935871921538990080.000000
14 11 1837719582908899917824.000000
14 12 939193191928306860032.000000
14 13 520117659924646854656.000000
14 14 -698445392547869097984.000000
14 15 -967235417958082674688.000000
14 16 -1038549918057494478848.000000
14 17 -1128338394934612590592.000000
14 18 -2016255501461771780096.000000
14 19 -4150805365485824114688.000000
14 20 -4075538956713394700288.000000
14 21 -7155176661628028452864.000000
14 22 -4362639773783566581760.000000
14 23 -1966680721188607492096.000000
14 24 0.000000
14 25 0.000000
14 26 0.000000
14 27 0.000000
14 28 0.000000
14 29 0.000000
14 30 0.000000
14 31 0.000000
15 0 0.000000
15 1 0.000000
15 2 0.000000
15 3 0.000000
15 4 0.000000
15 5 0.000000
15 6 0.000000
15 7 0.000000
15 8 20749218390401972436992.000000
15 9 3986113793662465867776.000000
15 10 2379003140735397527552.000000
15 11 1737187558014456954880.000000
15 12 925681267146288529408.000000
15 13 686517820041010872320.000000
15 14 -611384619301309775872.000000
15 15 -939953244734169808896.000000
15 16 -1113796342106577436672.000000
15 17 -914550339192265637888.000000
15 18 -2216910005159543701504.000000
15 19 -4124104367720074575872.000000
15 20 -4077498585501254287360.000000
15 21 -7019539499850697539584.000000
15 22 -4268663441834203152384.000000
15 23 -1921159884267518427136.000000
15 24 0.000000
15 25 0.000000
15 26 0.000000
15 27 0.000000
15 28 0.000000
15 29 0.000000
15 30 0.000000
15 31 0.000000
16 0 0.000000
16 1 0.000000
16 2 0.000000
16 3 0.000000
16 4 0.000000
16 5 0.000000
16 6 0.000000
16 7 0.000000
16 8 475650232689323281481728.000000
16 9 4828748824417530806272.000000
16 10 2436326364167452753920.000000
16 11 1560801545333701083136.000000
16 12 1112719559583170822144.000000
16 13 596351814851379593216.000000
16 14 -636466150788554555392.000000
16 15 -711322380151172366336.000000
16 16 -1084760227934036295680.000000
16 17 -1067608620596916649984.000000
16 18 -2271711916487713226752.000000
16 19 -3827274649554875580416.000000
16 20 -4418296383878518013952.000000
16 21 -6940062788376630132736.000000
16 22 -4083667109615868313600.000000
16 23 -1940306656608307380224.000000
16 24 0.000000
16 25 0.000000
16 26 0.000000
16 27 0.000000
16 28 0.000000
16 29 0.000000
16 30 0.000000
16 31 0.000000
17 0 0.000000
17 1 0.000000
17 2 0.000000
17 3 0.000000
17 4 0.000000
17 5 0.000000
17 6 0.000000
17 7 0.000000
17 8 1419771323002594000896.000000
17 9 4804871302143165857792.000000
17 10 2544203056366695219200.000000
17 11 1811392383912222130176.000000
17 12 1230490660163746267136.000000
17 13 455899495831831576576.000000
17 14 -591692066980678860800.000000
17 15 -684667896125324263424.000000
17 16 -1173769933919340199936.000000
17 17 -1011595592812705349632.000000
17 18 -2505400041977271025664.000000
17 19 -3623475788892268920832.000000
17 20 -4664928980597045460992.000000
17 21 -6838342798342979846144.000000
17 22 -3958613688437834776576.000000
17 23 -1851594891885851705344.000000
17 24 0.000000
17 25 0.000000
17 26 0.000000
17 27 0.000000
17 28 0.000000
17 29 0.000000
17 30 0.000000
17 31 0.000000
18 0 0.000000
18 1 0.000000
18 2 0.000000
18 3 0.000000
18 4 0.000000
18 5 0.000000
18 6 0.000000
18 7 0.000000
18 8 1692747444266448453632.000000
18 9 4916756479485744775168.000000
18 10 2711344304912366305280.000000
18 11 1754715708501671280640.000000
18 12 1016140006311698890752.000000
18 13 393928663137446264832.000000
18 14 -490589281202210865152.000000
18 15 -794359468605652860928.000000
18 16 -1075814249486729871360.000000
18 17 -645321142449639260160.000000
18 18 -2730613518868024393728.000000
18 19 -3521108124937207414784.000000
18 20 -4734557164110983725056.000000
18 21 -6697731410777218220032.000000
18 22 -3830867677632587104256.000000
18 23 -1777418072748269240320.000000
18 24 0.000000
18 25 0.000000
18 26 0.000000
18 27 0.000000
18 28 0.000000
18 29 0.000000
18 30 0.000000
18 31 0.000000
19 0 0.000000
19 1 0.000000
19 2 0.000000
19 3 0.000000
19 4 0.000000
19 5 0.000000
19 6 0.000000
19 7 0.000000
19 8 4131776812635253637120.000000
19 9 5538618019632690233344.000000
19 10 2843392379261659643904.000000
19 11 1553759885841330601984.000000
19 12 1123432778671755100160.000000
19 13 410871204935614070784.000000
19 14 -408082386050736979968.000000
19 15 -789647647864260657152.000000
19 16 -1016062178480638394368.000000
19 17 -727210024105372811264.000000
19 18 -2922685850525888413696.000000
19 19 -3277932040932686823424.000000
19 20 -5037530636592846209024.000000
19 21 -6488920325204324909056.000000
19 22 -3658689152903702118400.000000
19 23 -1861825240651888852992.000000
19 24 0.000000
19 25 0.000000
19 26 0.000000
19 27 0.000000
19 28 0.000000
19 29 0.000000
19 30 0.000000
19 31 0.000000
20 0 0.000000
20 1 0.000000
20 2 0.000000
20 3 0.000000
20 4 0.000000
20 5 0.000000
20 6 0.000000
20 7 0.000000
20 8 5853777669756263858176.000000
20 9 8124537637872741646336.000000
20 10 3051387468877068763136.000000
20 11 1610232632631254581248.000000
20 12 1041936273133556203520.000000
20 13 227733293658825293824.000000
20 14 -204264349905341906944.000000
20 15 -536166553856130416640.000000
20 16 -1001316830350673969152.000000
20 17 -890561986145820868608.000000
20 18 -2959230591177163014144.000000
20 19 -3074633924253648420864.000000
20 20 -5261201349136248471552.000000
20 21 -6344963889015333847040.000000
20 22 -3582160328860725411840.000000
20 23 -2749750158109651763200.000000
20 24 0.000000
20 25 0.000000
20 26 0.000000
20 27 0.000000
20 28 0.000000
20 29 0.000000
20 30 0.000000
20 31 0.000000
21 0 0.000000
21 1 0.000000
21 2 0.000000
21 3 0.000000
21 4 0.000000
21 5 0.000000
21 6 0.000000
21 7 0.000000
21 8 233631580544436348649472.000000
21 9 8742501312542197940224.000000
21 10 5699519249419662786560.000000
21 11 2010950824050682757120.000000
21 12 889012958980237950976.000000
21 13 230308701734797574144.000000
21 14 -72878973204341719040.000000
21 15 -675599194588171993088.000000
21 16 -898579730488679727104.000000
21 17 -794382971766208200704.000000
21 18 -3222158055772447047680.000000
21 19 -2929318808352075022336.000000
21 20 -5428416625600794460160.000000
21 21 -6279663383268321918976.000000
21 22 -4316196402626308341760.000000
21 23 -1655027827062383575040.000000
21 24 0.000000
21 25 0.000000
21 26 0.000000
21 27 0.000000
21 28 0.000000
21 29 0.000000
21 30 0.000000
21 31 0.000000
22 0 0.000000
22 1 0.000000
22 2 0.000000
22 3 0.000000
22 4 0.000000
22 5 0.000000
22 6 0.000000
22 7 0.000000
22 8 -342302704340247248896.000000
22 9 3549673612948688338944.000000
22 10 10053272858188473958400.000000
22 11 4527774950170220822528.000000
22 12 1111812787945697443840.000000
22 13 513135954602315743232.000000
22 14 -167872027953956126720.000000
22 15 -900499389829846401024.000000
22 16 -736481317257012576256.000000
22 17 -731728049325299728384.000000
22 18 -3207912607201120747520.000000
22 19 -2903513182487242080256.000000
22 20 -5590178605866548199424.000000
22 21 -6350255618577494179840.000000
22 22 -5285174572902695043072.000000
22 23 -1093895568671924813824.000000
22 24 0.000000
22 25 0.000000
22 26 0.000000
22 27 0.000000
22 28 0.000000
22 29 0.000000
22 30 0.000000
22 31 0.000000
23 0 0.000000
23 1 0.000000
23 2 0.000000
23 3 0.000000
23 4 0.000000
23 5 0.000000
23 6 0.000000
23 7 0.000000
23 8 -340704313500623699968.000000
23 9 3645314306435341877248.000000
23 10 919582830300875456512.000000
23 11 6565497844418272559104.000000
23 12 3885199666487138189312.000000
23 13 691625816812123324416.000000
23 14 -270716686441425928192.000000
23 15 -651285456468649705472.000000
23 16 -734522392156594765824.000000
23 17 -914672991913367306240.000000
23 18 -3314920949097210839040.000000
23 19 -2930462722657427128320.000000
23 20 -5726929282651746467840.000000
23 21 -8222330489031324860416.000000
23 22 -2812940445956263903232.000000
23 23 -1462634613931069407232.000000
23 24 0.000000
23 25 0.000000
23 26 0.000000
23 27 0.000000
23 28 0.000000
23 29 0.000000
23 30 0.000000
23 31 0.000000
24 0 0.000000
24 1 0.000000
24 2 0.000000
24 3 0.000000
24 4 0.000000
24 5 0.000000
24 6 0.000000
24 7 0.000000
24 8 0.000000
24 9 0.000000
24 10 0.000000
24 11 0.000000
24 12 0.000000
24 13 0.000000
24 14 0.000000
24 15 0.000000
24 16 0.000000
24 17 0.000000
24 18 0.000000
24 19 0.000000
24 20 0.000000
24 21 0.000000
24 22 0.000000
24 23 0.000000
24 24 0.000000
24 25 0.000000
24 26 0.000000
24 27 0.000000
24 28 0.000000
24 29 0.000000
24 30 0.000000
24 31 0.000000
25 0 0.000000
25 1 0.000000
25 2 0.000000
25 3 0.000000
25 4 0.000000
25 5 0.000000
25 6 0.000000
25 7 0.000000
25 8 0.000000
25 9 0.000000
25 10 0.000000
25 11 0.000000
25 12 0.000000
25 13 0.000000
25 14 0.000000
25 15 0.000000
25 16 0.000000
25 17 0.000000
25 18 0.000000
25 19 0.000000
25 20 0.000000
25 21 0.000000
25 22 0.000000
25 23 0.000000
25 24 0.000000
25 25 0.000000
25 26 0.000000
25 27 0.000000
25 28 0.000000
25 29 0.000000
25 30 0.000000
25 31 0.000000
26 0 0.000000
26 1 0.000000
26 2 0.000000
26 3 0.000000
26 4 0.000000
26 5 0.000000
26 6 0.000000
26 7 0.000000
26 8 0.000000
26 9 0.000000
26 10 0.000000
26 11 0.000000
26 12 0.000000
26 13 0.000000
26 14 0.000000
26 15 0.000000
26 16 0.000000
26 17 0.000000
26 18 0.000000
26 19 0.000000
26 20 0.000000
26 21 0.000000
26 22 0.000000
26 23 0.000000
26 24 0.000000
26 25 0.000000
26 26 0.000000
26 27 0.000000
26 28 0.000000
26 29 0.000000
26 30 0.000000
26 31 0.000000
27 0 0.000000
27 1 0.000000
27 2 0.000000
27 3 0.000000
27 4 0.000000
27 5 0.000000
27 6 0.000000
27 7 0.000000
27 8 0.000000
27 9 0.000000
27 10 0.000000
27 11 0.000000
27 12 0.000000
27 13 0.000000
27 14 0.000000
27 15 0.000000
27 16 0.000000
27 17 0.000000
27 18 0.000000
27 19 0.000000
27 20 0.000000
27 21 0.000000
27 22 0.000000
27 23 0.000000
27 24 0.000000
27 25 0.000000
27 26 0.000000
27 27 0.000000
27 28 0.000000
27 29 0.000000
27 30 0.000000
27 31 0.000000
28 0 0.000000
28 1 0.000000
28 2 0.000000
28 3 0.000000
28 4 0.000000
28 5 0.000000
28 6 0.000000
28 7 0.000000
28 8 0.000000
28 9 0.000000
28 10 0.000000
28 11 0.000000
28 12 0.000000
28 13 0.000000
28 14 0.000000
28 15 0.000000
28 16 0.000000
28 17 0.000000
28 18 0.000000
28 19 0.000000
28 20 0.000000
28 21 0.000000
28 22 0.000000
28 23 0.000000
28 24 0.000000
28 25 0.000000
28 26 0.000000
28 27 0.000000
28 28 0.000000
28 29 0.000000
28 30 0.000000
28 31 0.000000
29 0 0.000000
29 1 0.000000
29 2 0.000000
29 3 0.000000
29 4 0.000000
29 5 0.000000
29 6 0.000000
29 7 0.000000
29 8 0.000000
29 9 0.000000
29 10 0.000000
29 11 0.000000
29 12 0.000000
29 13 0.000000
29 14 0.000000
29 15 0.000000
29 16 0.000000
29 17 0.000000
29 18 0.000000
29 19 0.000000
29 20 0.000000
29 21 0.000000
29 22 0.000000
29 23 0.000000
29 24 0.000000
29 25 0.000000
29 26 0.000000
29 27 0.000000
29 28 0.000000
29 29 0.000000
29 30 0.000000
29 31 0.000000
30 0 0.000000
30 1 0.000000
30 2 0.000000
30 3 0.000000
30 4 0.000000
30 5 0.000000
30 6 0.000000
30 7 0.000000
30 8 0.000000
30 9 0.000000
30 10 0.000000
30 11 0.000000
30 12 0.000000
30 13 0.000000
30 14 0.000000
30 15 0.000000
30 16 0.000000
30 17 0.000000
30 18 0.000000
30 19 0.000000
30 20 0.000000
30 21 0.000000
30 22 0.000000
30 23 0.000000
30 24 0.000000
30 25 0.000000
30 26 0.000000
30 27 0.000000
30 28 0.000000
30 29 0.000000
30 30 0.000000
30 31 0.000000
31 0 0.000000
31 1 0.000000
31 2 0.000000
31 3 0.000000
31 4 0.000000
31 5 0.000000
31 6 0.000000
31 7 0.000000
31 8 0.000000
31 9 0.000000
31 10 0.000000
31 11 0.000000
31 12 0.000000
31 13 0.000000
31 14 0.000000
31 15 0.000000
31 16 0.000000
31 17 0.000000
31 18 0.000000
31 19 0.000000
31 20 0.000000
31 21 0.000000
31 22 0.000000
31 23 0.000000
31 24 0.000000
31 25 0.000000
31 26 0.000000
31 27 0.000000
31 28 0.000000
31 29 0.000000
31 30 0.000000
31 31 0.000000
