0 0 2.699997
0 1 3.050001
0 2 3.050001
0 3 3.050001
0 4 3.050001
0 5 3.050001
0 6 3.050001
0 7 3.050001
0 8 3.050001
0 9 3.050001
0 10 3.050001
0 11 3.050001
0 12 3.050001
0 13 3.050001
0 14 3.050001
0 15 3.050001
0 16 3.050001
0 17 3.050000
0 18 3.050001
0 19 3.050001
0 20 3.050001
0 21 3.050000
0 22 3.050000
0 23 3.050001
0 24 3.050001
0 25 3.050001
0 26 3.050001
0 27 3.050001
0 28 3.050000
0 29 3.050001
0 30 3.050000
0 31 3.050001
1 0 4.266548
1 1 4.283519
1 2 4.346282
1 3 4.357595
1 4 4.422297
1 5 4.439267
1 6 4.456239
1 7 4.473208
1 8 4.490179
1 9 4.607151
1 10 4.624121
1 11 4.641090
1 12 4.658062
1 13 4.675032
1 14 4.740624
1 15 4.751939
1 16 4.813812
1 17 4.830783
1 18 4.847754
1 19 4.864725
1 20 4.881695
1 21 4.898666
1 22 5.015635
1 23 5.032606
1 24 5.049578
1 25 5.066547
1 26 5.083518
1 27 5.146281
1 28 5.157597
1 29 5.222298
1 30 5.239268
1 31 5.256238
2 0 3.080669
2 1 3.020734
2 2 3.009419
2 3 2.998106
2 4 2.986792
2 5 2.975478
2 6 2.917438
2 7 2.911782
2 8 2.906124
2 9 2.900467
2 10 2.894810
2 11 2.889153
2 12 2.883497
2 13 2.826390
2 14 2.815076
2 15 2.803763
2 16 2.792449
2 17 2.781135
2 18 2.669821
2 19 2.658508
2 20 2.647193
2 21 2.635880
2 22 2.624566
2 23 2.613252
2 24 2.601939
2 25 2.590625
2 26 2.525033
2 27 2.508062
2 28 2.491092
2 29 2.474121
2 30 2.457151
2 31 2.340180
3 0 0.000000
3 1 0.000000
3 2 0.000000
3 3 0.000000
3 4 0.000000
3 5 0.000000
3 6 0.000000
3 7 0.000000
3 8 0.000000
3 9 0.000000
3 10 0.000000
3 11 0.000000
3 12 0.000000
3 13 0.000000
3 14 0.000000
3 15 0.000000
3 16 0.000000
3 17 0.000000
3 18 0.000000
3 19 0.000000
3 20 0.000000
3 21 0.000000
3 22 0.000000
3 23 0.000000
3 24 0.000000
3 25 0.000000
3 26 0.000000
3 27 0.000000
3 28 0.000000
3 29 0.000000
3 30 0.000000
3 31 0.000000
4 0 0.000000
4 1 0.000000
4 2 0.000000
4 3 0.000000
4 4 0.000000
4 5 0.000000
4 6 0.000000
4 7 0.000000
4 8 0.000000
4 9 0.000000
4 10 0.000000
4 11 0.000000
4 12 0.000000
4 13 0.000000
4 14 0.000000
4 15 0.000000
4 16 0.000000
4 17 0.000000
4 18 0.000000
4 19 0.000000
4 20 0.000000
4 21 0.000000
4 22 0.000000
4 23 0.000000
4 24 0.000000
4 25 0.000000
4 26 0.000000
4 27 0.000000
4 28 0.000000
4 29 0.000000
4 30 0.000000
4 31 0.000000
5 0 0.000000
5 1 0.000000
5 2 0.000000
5 3 0.000000
5 4 0.000000
5 5 0.000000
5 6 0.000000
5 7 0.000000
5 8 0.000000
5 9 0.000000
5 10 0.000000
5 11 0.000000
5 12 0.000000
5 13 0.000000
5 14 0.000000
5 15 0.000000
5 16 0.000000
5 17 0.000000
5 18 0.000000
5 19 0.000000
5 20 0.000000
5 21 0.000000
5 22 0.000000
5 23 0.000000
5 24 0.000000
5 25 0.000000
5 26 0.000000
5 27 0.000000
5 28 0.000000
5 29 0.000000
5 30 0.000000
5 31 0.000000
6 0 0.000000
6 1 0.000000
6 2 0.000000
6 3 0.000000
6 4 0.000000
6 5 0.000000
6 6 0.000000
6 7 0.000000
6 8 0.000000
6 9 0.000000
6 10 0.000000
6 11 0.000000
6 12 0.000000
6 13 0.000000
6 14 0.000000
6 15 0.000000
6 16 0.000000
6 17 0.000000
6 18 0.000000
6 19 0.000000
6 20 0.000000
6 21 0.000000
6 22 0.000000
6 23 0.000000
6 24 0.000000
6 25 0.000000
6 26 0.000000
6 27 0.000000
6 28 0.000000
6 29 0.000000
6 30 0.000000
6 31 0.000000
7 0 0.000000
7 1 0.000000
7 2 0.000000
7 3 0.000000
7 4 0.000000
7 5 0.000000
7 6 0.000000
7 7 0.000000
7 8 0.000000
7 9 0.000000
7 10 0.000000
7 11 0.000000
7 12 0.000000
7 13 0.000000
7 14 0.000000
7 15 0.000000
7 16 0.000000
7 17 0.000000
7 18 0.000000
7 19 0.000000
7 20 0.000000
7 21 0.000000
7 22 0.000000
7 23 0.000000
7 24 0.000000
7 25 0.000000
7 26 0.000000
7 27 0.000000
7 28 0.000000
7 29 0.000000
7 30 0.000000
7 31 0.000000
8 0 0.000000
8 1 0.000000
8 2 0.000000
8 3 0.000000
8 4 0.000000
8 5 0.000000
8 6 0.000000
8 7 0.000000
8 8 8291433158763744329728.000000
8 9 416416473083046526976.000000
8 10 -482800164909185236992.000000
8 11 36401960780488259928064.000000
8 12 -347729928919321673728.000000
8 13 498403413583791652864.000000
8 14 -295929701927166672896.000000
8 15 -919942907164832563200.000000
8 16 -888707136418041823232.000000
8 17 -691016845700009820160.000000
8 18 -830314237705741926400.000000
8 19 -3610907931182138130432.000000
8 20 -975334649306699268096.000000
8 21 35948587909600499466240.000000
8 22 -4785834586518270771200.000000
8 23 -2674643908598970712064.000000
8 24 0.000000
8 25 0.000000
8 26 0.000000
8 27 0.000000
8 28 0.000000
8 29 0.000000
8 30 0.000000
8 31 0.000000
9 0 0.000000
9 1 0.000000
9 2 0.000000
9 3 0.000000
9 4 0.000000
9 5 0.000000
9 6 0.000000
9 7 0.000000
9 8 4669381633253631328256.000000
9 9 287824629972783333376.000000
9 10 2252891232907443568640.000000
9 11 1555272250891196956672.000000
9 12 1355972908468798488576.000000
9 13 157115444126772363264.000000
9 14 -73600270424348819456.000000
9 15 -634566053958269272064.000000
9 16 -619696997576040513536.000000
9 17 -503045921112168857600.000000
9 18 -523761423866910474240.000000
9 19 -1636688324954800783360.000000
9 20 -2958553925333150597120.000000
9 21 -1476947194284341198848.000000
9 22 -2296715901618874220544.000000
9 23 -1326590017124949819392.000000
9 24 0.000000
9 25 0.000000
9 26 0.000000
9 27 0.000000
9 28 0.000000
9 29 0.000000
9 30 0.000000
9 31 0.000000
10 0 0.000000
10 1 0.000000
10 2 0.000000
10 3 0.000000
10 4 0.000000
10 5 0.000000
10 6 0.000000
10 7 0.000000
10 8 4661841481577506275328.000000
10 9 278987529564905799680.000000
10 10 1940946730705347411968.000000
10 11 1866463385318127042560.000000
10 12 574528285850816479232.000000
10 13 74399958425369837568.000000
10 14 -231731628110814117888.000000
10 15 -643406408920565022720.000000
10 16 -546431911072395952128.000000
10 17 -597255419895364976640.000000
10 18 -468660339822869610496.000000
10 19 -1507468511171496116224.000000
10 20 -1728655207045426839552.000000
10 21 -3385959603719446200320.000000
10 22 -2493649024649554558976.000000
10 23 -1304516890188788531200.000000
10 24 0.000000
10 25 0.000000
10 26 0.000000
10 27 0.000000
10 28 0.000000
10 29 0.000000
10 30 0.000000
10 31 0.000000
11 0 0.000000
11 1 0.000000
11 2 0.000000
11 3 0.000000
11 4 0.000000
11 5 0.000000
11 6 0.000000
11 7 0.000000
11 8 38357671436672034668544.000000
11 9 1677068162163758071808.000000
11 10 1672523044977322754048.000000
11 11 890097059853039042560.000000
11 12 414920433581829390336.000000
11 13 130531610320078635008.000000
11 14 -218504837480203681792.000000
11 15 -642513148081973755904.000000
11 16 -503245697976889245696.000000
11 17 -563935784342868983808.000000
11 18 -475754283292164096000.000000
11 19 -1588758343708045213696.000000
11 20 -1444047695318957948928.000000
11 21 -2761361000898966323200.000000
11 22 -3490130959325269590016.000000
11 23 -2095113953149494231040.000000
11 24 0.000000
11 25 0.000000
11 26 0.000000
11 27 0.000000
11 28 0.000000
11 29 0.000000
11 30 0.000000
11 31 0.000000
12 0 0.000000
12 1 0.000000
12 2 0.000000
12 3 0.000000
12 4 0.000000
12 5 0.000000
12 6 0.000000
12 7 0.000000
12 8 6694339637307854815232.000000
12 9 2209925625824933838848.000000
12 10 718340958695452573696.000000
12 11 758942035236104437760.000000
12 12 390859178516416561152.000000
12 13 196781460794791428096.000000
12 14 -185648122711280451584.000000
12 15 -617541602941878665216.000000
12 16 -579463069958135611392.000000
12 17 -545777376198427410432.000000
12 18 -409084823995919892480.000000
12 19 -1670277578350613495808.000000
12 20 -1384260721415754350592.000000
12 21 -2874809771737172934656.000000
12 22 -2645268054129539809280.000000
12 23 -1899581449602926116864.000000
12 24 0.000000
12 25 0.000000
12 26 0.000000
12 27 0.000000
12 28 0.000000
12 29 0.000000
12 30 0.000000
12 31 0.000000
13 0 0.000000
13 1 0.000000
13 2 0.000000
13 3 0.000000
13 4 0.000000
13 5 0.000000
13 6 0.000000
13 7 0.000000
13 8 7351257196954252214272.000000
13 9 1645924504103095894016.000000
13 10 892423872748017680384.000000
13 11 694348524261845499904.000000
13 12 404749511220250279936.000000
13 13 219814716468698808320.000000
13 14 -271838856804827136000.000000
13 15 -427758436900858232832.000000
13 16 -458362120403073105920.000000
13 17 -511631928248634441728.000000
13 18 -700087306455766532096.000000
13 19 -1768778339075624009728.000000
13 20 -1733458577522994184192.000000
13 21 -3103353097602413363200.000000
13 22 -1855991390284583796736.000000
13 23 -918931145361046110208.000000
13 24 0.000000
13 25 0.000000
13 26 0.000000
13 27 0.000000
13 28 0.000000
13 29 0.000000
13 30 0.000000
13 31 0.000000
14 0 0.000000
14 1 0.000000
14 2 0.000000
14 3 0.000000
14 4 0.000000
14 5 0.000000
14 6 0.000000
14 7 0.000000
14 8 6394424671922930319360.000000
14 9 1535680044399763390464.000000
14 10 945686819641021693952.000000
14 11 761259700194339979264.000000
14 12 389052848037748015104.000000
14 13 215454405196660080640.000000
14 14 -289324961967395307520.000000
14 15 -400669003667247988736.000000
14 16 -430210470976101023744.000000
14 17 -467404574398647107584.000000
14 18 -835216828112599777280.000000
14 19 -1719435775658246012928.000000
14 20 -1688257214700471713792.000000
14 21 -2963971474209900593152.000000
14 22 -1807186303335234797568.000000
14 23 -814680765655511203840.000000
14 24 0.000000
14 25 0.000000
14 26 0.000000
14 27 0.000000
14 28 0.000000
14 29 0.000000
14 30 0.000000
14 31 0.000000
15 0 0.000000
15 1 0.000000
15 2 0.000000
15 3 0.000000
15 4 0.000000
15 5 0.000000
15 6 0.000000
15 7 0.000000
15 8 8595188568730909016064.000000
15 9 1651213559652977475584.000000
15 10 985481892585862594560.000000
15 11 719615266283765891072.000000
15 12 383455577388368265216.000000
15 13 284384161332448985088.000000
15 14 -253260839838854152192.000000
15 15 -389367572246082617344.000000
15 16 -461380622868946092032.000000
15 17 -378844700610498920448.000000
15 18 -918335966522791428096.000000
15 19 -1708374934973424074752.000000
15 20 -1689069129270793601024.000000
15 21 -2907784565258826285056.000000
15 22 -1768257610368709296128.000000
15 23 -795824123646966759424.000000
15 24 0.000000
15 25 0.000000
15 26 0.000000
15 27 0.000000
15 28 0.000000
15 29 0.000000
15 30 0.000000
15 31 0.000000
16 0 0.000000
16 1 0.000000
16 2 0.000000
16 3 0.000000
16 4 0.000000
16 5 0.000000
16 6 0.000000
16 7 0.000000
16 8 197034068964528034414592.000000
16 9 2000268285734559940608.000000
16 10 1009227403096150245376.000000
16 11 646548795560562786304.000000
16 12 460934590583975968768.000000
16 13 247033680968154087424.000000
16 14 -263650644179197886464.000000
16 15 -294659264619783127040.000000
16 16 -449352704532890517504.000000
16 17 -442247677986388049920.000000
16 18 -941037415975715078144.000000
16 19 -1585415828359606173696.000000
16 20 -1830241496465139564544.000000
16 21 -2874861844607864406016.000000
16 22 -1691624359109372936192.000000
16 23 -803755455171975446528.000000
16 24 0.000000
16 25 0.000000
16 26 0.000000
16 27 0.000000
16 28 0.000000
16 29 0.000000
16 30 0.000000
16 31 0.000000
17 0 0.000000
17 1 0.000000
17 2 0.000000
17 3 0.000000
17 4 0.000000
17 5 0.000000
17 6 0.000000
17 7 0.000000
17 8 588128171563056889856.000000
17 9 1990376973577970778112.000000
17 10 1053914440767478169600.000000
17 11 750353881852941434880.000000
17 12 509720255759931932672.000000
17 13 188852539399270825984.000000
17 14 -245103325577872408576.000000
17 15 -283617880892726312960.000000
17 16 -486224202447754100736.000000
17 17 -419044851231198543872.000000
17 18 -1037840741853671981056.000000
17 19 -1500993883019709251584.000000
17 20 -1932407202124411174912.000000
17 21 -2832725322069255913472.000000
17 22 -1639821985870520516608.000000
17 23 -767007419218771574784.000000
17 24 0.000000
17 25 0.000000
17 26 0.000000
17 27 0.000000
17 28 0.000000
17 29 0.000000
17 30 0.000000
17 31 0.000000
18 0 0.000000
18 1 0.000000
18 2 0.000000
18 3 0.000000
18 4 0.000000
18 5 0.000000
18 6 0.000000
18 7 0.000000
18 8 701206239856935567360.000000
18 9 2036724361768170684416.000000
18 10 1123151374063788621824.000000
18 11 726876054045505617920.000000
18 12 420927426244183588864.000000
18 13 163181704863910199296.000000
18 14 -203222417502489280512.000000
18 15 -329056632673732132864.000000
18 16 -445646945727006375936.000000
18 17 -267318790891319066624.000000
18 18 -1131133300715861049344.000000
18 19 -1458588833353318793216.000000
18 20 -1961249802250463739904.000000
18 21 -2774478016288659603456.000000
18 22 -1586904268036452122624.000000
18 23 -736280203386152812544.000000
18 24 0.000000
18 25 0.000000
18 26 0.000000
18 27 0.000000
18 28 0.000000
18 29 0.000000
18 30 0.000000
18 31 0.000000
19 0 0.000000
19 1 0.000000
19 2 0.000000
19 3 0.000000
19 4 0.000000
19 5 0.000000
19 6 0.000000
19 7 0.000000
19 8 1711553350410440802304.000000
19 9 2294325193904182263808.000000
19 10 1177850969237923823616.000000
19 11 643631870376910258176.000000
19 12 465372500988656615424.000000
19 13 170199931564469518336.000000
19 14 -169044670299118764032.000000
19 15 -327104850000848355328.000000
19 16 -420895162174978129920.000000
19 17 -301240606972115419136.000000
19 18 -1210697762013918003200.000000
19 19 -1357855272375551000576.000000
19 20 -2086754287078676103168.000000
19 21 -2687980192995521593344.000000
19 22 -1515580901475273932800.000000
19 23 -771245236099383033856.000000
19 24 0.000000
19 25 0.000000
19 26 0.000000
19 27 0.000000
19 28 0.000000
19 29 0.000000
19 30 0.000000
19 31 0.000000
20 0 0.000000
20 1 0.000000
20 2 0.000000
20 3 0.000000
20 4 0.000000
20 5 0.000000
20 6 0.000000
20 7 0.000000
20 8 2424877650964723531776.000000
20 9 3365520016810625204224.000000
20 10 1264011233665241579520.000000
20 11 667025185322588700672.000000
20 12 431613236706910666752.000000
20 13 94336628715646091264.000000
20 14 -84614764495036743680.000000
20 15 -222102421934100709376.000000
20 16 -414786873705380184064.000000
20 17 -368907683954566365184.000000
20 18 -1225836049211370504192.000000
20 19 -1273640914830978187264.000000
20 20 -2179407686637499449344.000000
20 21 -2628347467379555434496.000000
20 22 -1483879500748259590144.000000
20 23 -1139060410116219076608.000000
20 24 0.000000
20 25 0.000000
20 26 0.000000
20 27 0.000000
20 28 0.000000
20 29 0.000000
20 30 0.000000
20 31 0.000000
21 0 0.000000
21 1 0.000000
21 2 0.000000
21 3 0.000000
21 4 0.000000
21 5 0.000000
21 6 0.000000
21 7 0.000000
21 8 96779888019596160008192.000000
21 9 3621506589955201171456.000000
21 10 2360977061014382051328.000000
21 11 833019212231931330560.000000
21 12 368266096929526513664.000000
21 13 95403445265658544128.000000
21 14 -30189510666171187200.000000
21 15 -279861175116057542656.000000
21 16 -372228983126635839488.000000
21 17 -329066413929172828160.000000
21 18 -1334751806287140356096.000000
21 19 -1213445379999079071744.000000
21 20 -2248675159968783007744.000000
21 21 -2601296877692731260928.000000
21 22 -1787947629414549815296.000000
21 23 -685581141687261986816.000000
21 24 0.000000
21 25 0.000000
21 26 0.000000
21 27 0.000000
21 28 0.000000
21 29 0.000000
21 30 0.000000
21 31 0.000000
22 0 0.000000
22 1 0.000000
22 2 0.000000
22 3 0.000000
22 4 0.000000
22 5 0.000000
22 6 0.000000
22 7 0.000000
22 8 -141795966209155399680.000000
22 9 1470422182111723126784.000000
22 10 4164482234604194889728.000000
22 11 1875592322500295393280.000000
22 12 460559067780671864832.000000
22 13 212562232218772045824.000000
22 14 -69539527692367429632.000000
22 15 -373024185120215531520.000000
22 16 -305081157107471876096.000000
22 17 -303112098907892482048.000000
22 18 -1328850401925424742400.000000
22 19 -1202755523333561778176.000000
22 20 -2315683796611963551744.000000
22 21 -2630539031548224602112.000000
22 22 -2189338968240781524992.000000
22 23 -453136924488532754432.000000
22 24 0.000000
22 25 0.000000
22 26 0.000000
22 27 0.000000
22 28 0.000000
22 29 0.000000
22 30 0.000000
22 31 0.000000
23 0 0.000000
23 1 0.000000
23 2 0.000000
23 3 0.000000
23 4 0.000000
23 5 0.000000
23 6 0.000000
23 7 0.000000
23 8 -141133831510815670272.000000
23 9 1510040348033701380096.000000
23 10 380929374656762216448.000000
23 11 2719701296970905681920.000000
23 12 1609411007174236176384.000000
23 13 286500149469871341568.000000
23 14 -112142111219757613056.000000
23 15 -269789543052513116160.000000
23 16 -304269664749615054848.000000
23 17 -378895436475051016192.000000
23 18 -1373177925682748981248.000000
23 19 -1213919102384883105792.000000
23 20 -2372331620837401559040.000000
23 21 -3406030176933799526400.000000
23 22 -1165236597787891597312.000000
23 23 -605883894568941780992.000000
23 24 0.000000
23 25 0.000000
23 26 0.000000
23 27 0.000000
23 28 0.000000
23 29 0.000000
23 30 0.000000
23 31 0.000000
24 0 0.000000
24 1 0.000000
24 2 0.000000
24 3 0.000000
24 4 0.000000
24 5 0.000000
24 6 0.000000
24 7 0.000000
24 8 0.000000
24 9 0.000000
24 10 0.000000
24 11 0.000000
24 12 0.000000
24 13 0.000000
24 14 0.000000
24 15 0.000000
24 16 0.000000
24 17 0.000000
24 18 0.000000
24 19 0.000000
24 20 0.000000
24 21 0.000000
24 22 0.000000
24 23 0.000000
24 24 0.000000
24 25 0.000000
24 26 0.000000
24 27 0.000000
24 28 0.000000
24 29 0.000000
24 30 0.000000
24 31 0.000000
25 0 0.000000
25 1 0.000000
25 2 0.000000
25 3 0.000000
25 4 0.000000
25 5 0.000000
25 6 0.000000
25 7 0.000000
25 8 0.000000
25 9 0.000000
25 10 0.000000
25 11 0.000000
25 12 0.000000
25 13 0.000000
25 14 0.000000
25 15 0.000000
25 16 0.000000
25 17 0.000000
25 18 0.000000
25 19 0.000000
25 20 0.000000
25 21 0.000000
25 22 0.000000
25 23 0.000000
25 24 0.000000
25 25 0.000000
25 26 0.000000
25 27 0.000000
25 28 0.000000
25 29 0.000000
25 30 0.000000
25 31 0.000000
26 0 0.000000
26 1 0.000000
26 2 0.000000
26 3 0.000000
26 4 0.000000
26 5 0.000000
26 6 0.000000
26 7 0.000000
26 8 0.000000
26 9 0.000000
26 10 0.000000
26 11 0.000000
26 12 0.000000
26 13 0.000000
26 14 0.000000
26 15 0.000000
26 16 0.000000
26 17 0.000000
26 18 0.000000
26 19 0.000000
26 20 0.000000
26 21 0.000000
26 22 0.000000
26 23 0.000000
26 24 0.000000
26 25 0.000000
26 26 0.000000
26 27 0.000000
26 28 0.000000
26 29 0.000000
26 30 0.000000
26 31 0.000000
27 0 0.000000
27 1 0.000000
27 2 0.000000
27 3 0.000000
27 4 0.000000
27 5 0.000000
27 6 0.000000
27 7 0.000000
27 8 0.000000
27 9 0.000000
27 10 0.000000
27 11 0.000000
27 12 0.000000
27 13 0.000000
27 14 0.000000
27 15 0.000000
27 16 0.000000
27 17 0.000000
27 18 0.000000
27 19 0.000000
27 20 0.000000
27 21 0.000000
27 22 0.000000
27 23 0.000000
27 24 0.000000
27 25 0.000000
27 26 0.000000
27 27 0.000000
27 28 0.000000
27 29 0.000000
27 30 0.000000
27 31 0.000000
28 0 0.000000
28 1 0.000000
28 2 0.000000
28 3 0.000000
28 4 0.000000
28 5 0.000000
28 6 0.000000
28 7 0.000000
28 8 0.000000
28 9 0.000000
28 10 0.000000
28 11 0.000000
28 12 0.000000
28 13 0.000000
28 14 0.000000
28 15 0.000000
28 16 0.000000
28 17 0.000000
28 18 0.000000
28 19 0.000000
28 20 0.000000
28 21 0.000000
28 22 0.000000
28 23 0.000000
28 24 0.000000
28 25 0.000000
28 26 0.000000
28 27 0.000000
28 28 0.000000
28 29 0.000000
28 30 0.000000
28 31 0.000000
29 0 0.000000
29 1 0.000000
29 2 0.000000
29 3 0.000000
29 4 0.000000
29 5 0.000000
29 6 0.000000
29 7 0.000000
29 8 0.000000
29 9 0.000000
29 10 0.000000
29 11 0.000000
29 12 0.000000
29 13 0.000000
29 14 0.000000
29 15 0.000000
29 16 0.000000
29 17 0.000000
29 18 0.000000
29 19 0.000000
29 20 0.000000
29 21 0.000000
29 22 0.000000
29 23 0.000000
29 24 0.000000
29 25 0.000000
29 26 0.000000
29 27 0.000000
29 28 0.000000
29 29 0.000000
29 30 0.000000
29 31 0.000000
30 0 0.000000
30 1 0.000000
30 2 0.000000
30 3 0.000000
30 4 0.000000
30 5 0.000000
30 6 0.000000
30 7 0.000000
30 8 0.000000
30 9 0.000000
30 10 0.000000
30 11 0.000000
30 12 0.000000
30 13 0.000000
30 14 0.000000
30 15 0.000000
30 16 0.000000
30 17 0.000000
30 18 0.000000
30 19 0.000000
30 20 0.000000
30 21 0.000000
30 22 0.000000
30 23 0.000000
30 24 0.000000
30 25 0.000000
30 26 0.000000
30 27 0.000000
30 28 0.000000
30 29 0.000000
30 30 0.000000
30 31 0.000000
31 0 0.000000
31 1 0.000000
31 2 0.000000
31 3 0.000000
31 4 0.000000
31 5 0.000000
31 6 0.000000
31 7 0.000000
31 8 0.000000
31 9 0.000000
31 10 0.000000
31 11 0.000000
31 12 0.000000
31 13 0.000000
31 14 0.000000
31 15 0.000000
31 16 0.000000
31 17 0.000000
31 18 0.000000
31 19 0.000000
31 20 0.000000
31 21 0.000000
31 22 0.000000
31 23 0.000000
31 24 0.000000
31 25 0.000000
31 26 0.000000
31 27 0.000000
31 28 0.000000
31 29 0.000000
31 30 0.000000
31 31 0.000000
